symbol,timestamp,datetime,side,price,amount,btc_volume
VIB/BTC,1607450469571,2020-12-08T18:01:09.571Z,buy,8.6e-07,3978.0,0.00342108
VIB/BTC,1607450951238,2020-12-08T18:09:11.238Z,sell,8.6e-07,17105.0,0.0147103
VIB/BTC,1607451239528,2020-12-08T18:13:59.528Z,sell,8.5e-07,33807.0,0.02873595
VIB/BTC,1607453386959,2020-12-08T18:49:46.959Z,sell,8.5e-07,7510.0,0.0063835
VIB/BTC,1607453439581,2020-12-08T18:50:39.581Z,sell,8.5e-07,192688.0,0.1637848
VIB/BTC,1607453439581,2020-12-08T18:50:39.581Z,sell,8.5e-07,192688.0,0.1637848
VIB/BTC,1607454679718,2020-12-08T19:11:19.718Z,buy,8.6e-07,79456.0,0.06833216
VIB/BTC,1607456172586,2020-12-08T19:36:12.586Z,sell,8.5e-07,299.0,0.00025415
VIB/BTC,1607456172586,2020-12-08T19:36:12.586Z,sell,8.5e-07,299.0,0.00025415
VIB/BTC,1607457360497,2020-12-08T19:56:00.497Z,buy,8.6e-07,6124.0,0.00526664
VIB/BTC,1607458123630,2020-12-08T20:08:43.630Z,buy,8.6e-07,8872.0,0.00762992
VIB/BTC,1607458220148,2020-12-08T20:10:20.148Z,sell,8.5e-07,5717.0,0.00485945
VIB/BTC,1607458491067,2020-12-08T20:14:51.067Z,buy,8.6e-07,319.0,0.00027434
VIB/BTC,1607459195124,2020-12-08T20:26:35.124Z,buy,8.6e-07,102292.0,0.08797112
VIB/BTC,1607459494902,2020-12-08T20:31:34.902Z,sell,8.5e-07,2183.0,0.00185555
VIB/BTC,1607459536635,2020-12-08T20:32:16.635Z,buy,8.6e-07,44864.0,0.03858304
VIB/BTC,1607459536649,2020-12-08T20:32:16.649Z,sell,8.6e-07,1020.0,0.0008772
VIB/BTC,1607459536689,2020-12-08T20:32:16.689Z,sell,8.6e-07,1245.0,0.0010707
VIB/BTC,1607459536707,2020-12-08T20:32:16.707Z,sell,8.6e-07,1244.0,0.00106984
VIB/BTC,1607459605825,2020-12-08T20:33:25.825Z,sell,8.6e-07,7388.0,0.00635368
VIB/BTC,1607459615114,2020-12-08T20:33:35.114Z,sell,8.6e-07,3198.0,0.00275028
VIB/BTC,1607459633164,2020-12-08T20:33:53.164Z,sell,8.6e-07,1059.0,0.00091074
VIB/BTC,1607459633200,2020-12-08T20:33:53.200Z,sell,8.6e-07,1059.0,0.00091074
VIB/BTC,1607459633224,2020-12-08T20:33:53.224Z,sell,8.6e-07,1058.0,0.00090988
VIB/BTC,1607459633258,2020-12-08T20:33:53.258Z,sell,8.6e-07,543.0,0.00046698
VIB/BTC,1607459633336,2020-12-08T20:33:53.336Z,sell,8.6e-07,3704.0,0.00318544
VIB/BTC,1607459633336,2020-12-08T20:33:53.336Z,sell,8.6e-07,3704.0,0.00318544
VIB/BTC,1607460079210,2020-12-08T20:41:19.210Z,sell,8.6e-07,32274.0,0.02775564
VIB/BTC,1607460079828,2020-12-08T20:41:19.828Z,buy,8.6e-07,389519.0,0.33498634
VIB/BTC,1607460090942,2020-12-08T20:41:30.942Z,sell,8.6e-07,19848.0,0.01706928
VIB/BTC,1607460091363,2020-12-08T20:41:31.363Z,buy,8.6e-07,350043.0,0.30103698
VIB/BTC,1607460104778,2020-12-08T20:41:44.778Z,sell,8.6e-07,55484.0,0.04771624
VIB/BTC,1607460119153,2020-12-08T20:41:59.153Z,buy,8.7e-07,428911.0,0.37315257
VIB/BTC,1607460124762,2020-12-08T20:42:04.762Z,buy,8.7e-07,42555.0,0.03702285
VIB/BTC,1607460124770,2020-12-08T20:42:04.770Z,sell,8.7e-07,881.0,0.00076647
VIB/BTC,1607460124776,2020-12-08T20:42:04.776Z,sell,8.7e-07,160.0,0.0001392
VIB/BTC,1607460124785,2020-12-08T20:42:04.785Z,sell,8.7e-07,1015.0,0.00088305
VIB/BTC,1607460125971,2020-12-08T20:42:05.971Z,sell,8.7e-07,400.0,0.000348
VIB/BTC,1607460240075,2020-12-08T20:44:00.075Z,sell,8.7e-07,2716.0,0.00236292
VIB/BTC,1607460280578,2020-12-08T20:44:40.578Z,sell,8.7e-07,77544.0,0.06746328
VIB/BTC,1607460290898,2020-12-08T20:44:50.898Z,sell,8.7e-07,21195.0,0.01843965
VIB/BTC,1607460294832,2020-12-08T20:44:54.832Z,sell,8.7e-07,26565.0,0.02311155
VIB/BTC,1607460299031,2020-12-08T20:44:59.031Z,sell,8.7e-07,12220.0,0.0106314
VIB/BTC,1607460302900,2020-12-08T20:45:02.900Z,sell,8.7e-07,23462.0,0.02041194
VIB/BTC,1607460310304,2020-12-08T20:45:10.304Z,sell,8.7e-07,105228.0,0.09154836
VIB/BTC,1607460312540,2020-12-08T20:45:12.540Z,sell,8.7e-07,4651.0,0.00404637
VIB/BTC,1607460317643,2020-12-08T20:45:17.643Z,sell,8.7e-07,52668.0,0.04582116
VIB/BTC,1607460327173,2020-12-08T20:45:27.173Z,sell,8.7e-07,111919.0,0.09736953
VIB/BTC,1607460336498,2020-12-08T20:45:36.498Z,buy,8.8e-07,376975.0,0.331738
VIB/BTC,1607460346292,2020-12-08T20:45:46.292Z,sell,8.7e-07,64086.0,0.05575482
VIB/BTC,1607460348300,2020-12-08T20:45:48.300Z,sell,8.7e-07,37547.0,0.03266589
VIB/BTC,1607460351082,2020-12-08T20:45:51.082Z,sell,8.7e-07,10809.0,0.00940383
VIB/BTC,1607460353695,2020-12-08T20:45:53.695Z,sell,8.7e-07,60575.0,0.05270025
VIB/BTC,1607460357562,2020-12-08T20:45:57.562Z,sell,8.7e-07,57987.0,0.05044869
VIB/BTC,1607460363284,2020-12-08T20:46:03.284Z,sell,8.7e-07,81526.0,0.07092762
VIB/BTC,1607460366587,2020-12-08T20:46:06.587Z,sell,8.7e-07,75254.0,0.06547098
VIB/BTC,1607460372059,2020-12-08T20:46:12.059Z,buy,8.8e-07,295941.0,0.26042808
VIB/BTC,1607460527932,2020-12-08T20:48:47.932Z,buy,8.8e-07,7955.0,0.0070004
VIB/BTC,1607460548183,2020-12-08T20:49:08.183Z,sell,8.7e-07,2770.0,0.0024099
VIB/BTC,1607460558787,2020-12-08T20:49:18.787Z,sell,8.7e-07,298049.0,0.25930263
VIB/BTC,1607460563304,2020-12-08T20:49:23.304Z,buy,8.8e-07,398877.0,0.35101176
VIB/BTC,1607460582826,2020-12-08T20:49:42.826Z,sell,8.7e-07,292027.0,0.25406349
VIB/BTC,1607460584438,2020-12-08T20:49:44.438Z,buy,8.8e-07,280302.0,0.24666576
VIB/BTC,1607460594863,2020-12-08T20:49:54.863Z,sell,8.7e-07,257752.0,0.22424424
VIB/BTC,1607460597169,2020-12-08T20:49:57.169Z,buy,8.8e-07,270908.0,0.23839904
VIB/BTC,1607460601736,2020-12-08T20:50:01.736Z,sell,8.7e-07,255253.0,0.22207011
VIB/BTC,1607460614718,2020-12-08T20:50:14.718Z,buy,8.8e-07,185091.0,0.16288008
VIB/BTC,1607460930753,2020-12-08T20:55:30.753Z,sell,8.7e-07,331146.0,0.28809702
VIB/BTC,1607460952879,2020-12-08T20:55:52.879Z,sell,8.7e-07,297924.0,0.25919388
VIB/BTC,1607460957439,2020-12-08T20:55:57.439Z,sell,8.7e-07,168285.0,0.14640795
VIB/BTC,1607460963157,2020-12-08T20:56:03.157Z,sell,8.7e-07,33791.0,0.02939817
VIB/BTC,1607460970703,2020-12-08T20:56:10.703Z,buy,8.8e-07,679184.0,0.59768192
VIB/BTC,1607461086184,2020-12-08T20:58:06.184Z,sell,8.7e-07,523547.0,0.45548589
VIB/BTC,1607461087925,2020-12-08T20:58:07.925Z,buy,8.8e-07,504008.0,0.44352704
VIB/BTC,1607461124927,2020-12-08T20:58:44.927Z,sell,8.7e-07,4651.0,0.00404637
VIB/BTC,1607461183515,2020-12-08T20:59:43.515Z,buy,8.8e-07,560939.0,0.49362632
VIB/BTC,1607461201085,2020-12-08T21:00:01.085Z,buy,8.8e-07,192878.0,0.16973264
VIB/BTC,1607461202925,2020-12-08T21:00:02.925Z,buy,8.8e-07,241380.0,0.2124144
VIB/BTC,1607461204564,2020-12-08T21:00:04.564Z,buy,8.8e-07,2122.0,0.00186736
VIB/BTC,1607461205379,2020-12-08T21:00:05.379Z,buy,8.8e-07,107759.0,0.09482792
VIB/BTC,1607461205545,2020-12-08T21:00:05.545Z,buy,8.8e-07,1137.0,0.00100056
VIB/BTC,1607461226716,2020-12-08T21:00:26.716Z,sell,8.7e-07,27849.0,0.02422863
VIB/BTC,1607461227132,2020-12-08T21:00:27.132Z,buy,8.7e-07,514168.0,0.44732616
VIB/BTC,1607461234395,2020-12-08T21:00:34.395Z,sell,8.7e-07,24744.0,0.02152728
VIB/BTC,1607461235161,2020-12-08T21:00:35.161Z,buy,8.7e-07,490424.0,0.42666888
VIB/BTC,1607461240446,2020-12-08T21:00:40.446Z,buy,8.8e-07,4872.0,0.00428736
VIB/BTC,1607461247791,2020-12-08T21:00:47.791Z,sell,8.7e-07,21531.0,0.01873197
VIB/BTC,1607461248188,2020-12-08T21:00:48.188Z,buy,8.7e-07,313328.0,0.27259536
VIB/BTC,1607461256548,2020-12-08T21:00:56.548Z,sell,8.7e-07,17232.0,0.01499184
VIB/BTC,1607461257739,2020-12-08T21:00:57.739Z,buy,8.7e-07,235200.0,0.204624
VIB/BTC,1607461265024,2020-12-08T21:01:05.024Z,sell,8.7e-07,10255.0,0.00892185
VIB/BTC,1607461265238,2020-12-08T21:01:05.238Z,buy,8.7e-07,285297.0,0.24820839
VIB/BTC,1607461265265,2020-12-08T21:01:05.265Z,buy,8.7e-07,8397.0,0.00730539
VIB/BTC,1607461274481,2020-12-08T21:01:14.481Z,buy,8.7e-07,507826.0,0.44180862
VIB/BTC,1607461281812,2020-12-08T21:01:21.812Z,sell,8.7e-07,477356.0,0.41529972
VIB/BTC,1607461285668,2020-12-08T21:01:25.668Z,buy,8.7e-07,2455.0,0.00213585
VIB/BTC,1607461291563,2020-12-08T21:01:31.563Z,buy,8.7e-07,682.0,0.00059334
VIB/BTC,1607461291951,2020-12-08T21:01:31.951Z,buy,8.7e-07,285261.0,0.24817707
VIB/BTC,1607461304051,2020-12-08T21:01:44.051Z,buy,8.7e-07,228445.0,0.19874715
VIB/BTC,1607461304087,2020-12-08T21:01:44.087Z,buy,8.7e-07,11412.0,0.00992844
VIB/BTC,1607461311168,2020-12-08T21:01:51.168Z,buy,8.7e-07,157508.0,0.13703196
VIB/BTC,1607461312476,2020-12-08T21:01:52.476Z,sell,8.7e-07,4651.0,0.00404637
VIB/BTC,1607461319476,2020-12-08T21:01:59.476Z,sell,8.7e-07,2479.0,0.00215673
VIB/BTC,1607461319719,2020-12-08T21:01:59.719Z,buy,8.7e-07,3142.0,0.00273354
VIB/BTC,1607461319783,2020-12-08T21:01:59.783Z,buy,8.7e-07,148407.0,0.12911409
VIB/BTC,1607461325101,2020-12-08T21:02:05.101Z,sell,8.7e-07,6965.0,0.00605955
VIB/BTC,1607461325586,2020-12-08T21:02:05.586Z,buy,8.7e-07,100817.0,0.08771079
VIB/BTC,1607461331011,2020-12-08T21:02:11.011Z,buy,8.7e-07,41140.0,0.0357918
VIB/BTC,1607461331419,2020-12-08T21:02:11.419Z,buy,8.7e-07,58274.0,0.05069838
VIB/BTC,1607461377450,2020-12-08T21:02:57.450Z,sell,8.7e-07,4872.0,0.00423864
VIB/BTC,1607461505542,2020-12-08T21:05:05.542Z,sell,8.7e-07,97171.0,0.08453877
VIB/BTC,1607461563209,2020-12-08T21:06:03.209Z,buy,8.7e-07,485.0,0.00042195
VIB/BTC,1607461676374,2020-12-08T21:07:56.374Z,sell,8.6e-07,874.0,0.00075164
VIB/BTC,1607461676393,2020-12-08T21:07:56.393Z,sell,8.6e-07,874.0,0.00075164
VIB/BTC,1607461716440,2020-12-08T21:08:36.440Z,buy,8.7e-07,4902.0,0.00426474
VIB/BTC,1607461727726,2020-12-08T21:08:47.726Z,buy,8.7e-07,39.0,3.393e-05
VIB/BTC,1607461912855,2020-12-08T21:11:52.855Z,buy,8.7e-07,34313.0,0.02985231
VIB/BTC,1607461912861,2020-12-08T21:11:52.861Z,sell,8.7e-07,22312.0,0.01941144
VIB/BTC,1607461943425,2020-12-08T21:12:23.425Z,sell,8.7e-07,56626.0,0.04926462
VIB/BTC,1607462528359,2020-12-08T21:22:08.359Z,sell,8.6e-07,1162.0,0.00099932
VIB/BTC,1607462539001,2020-12-08T21:22:19.001Z,buy,8.7e-07,2163.0,0.00188181
VIB/BTC,1607462687067,2020-12-08T21:24:47.067Z,buy,8.7e-07,1136.0,0.00098832
VIB/BTC,1607462688835,2020-12-08T21:24:48.835Z,buy,8.7e-07,1136.0,0.00098832
VIB/BTC,1607462690652,2020-12-08T21:24:50.652Z,buy,8.7e-07,1136.0,0.00098832
VIB/BTC,1607462692392,2020-12-08T21:24:52.392Z,buy,8.7e-07,1136.0,0.00098832
VIB/BTC,1607462694801,2020-12-08T21:24:54.801Z,buy,8.7e-07,1136.0,0.00098832
VIB/BTC,1607462696562,2020-12-08T21:24:56.562Z,buy,8.7e-07,1136.0,0.00098832
VIB/BTC,1607462698475,2020-12-08T21:24:58.475Z,buy,8.7e-07,1136.0,0.00098832
VIB/BTC,1607462703912,2020-12-08T21:25:03.912Z,buy,8.7e-07,1136.0,0.00098832
VIB/BTC,1607462704862,2020-12-08T21:25:04.862Z,sell,8.6e-07,1162.0,0.00099932
VIB/BTC,1607462705042,2020-12-08T21:25:05.042Z,buy,8.7e-07,1136.0,0.00098832
VIB/BTC,1607462706766,2020-12-08T21:25:06.766Z,buy,8.7e-07,1136.0,0.00098832
VIB/BTC,1607462708632,2020-12-08T21:25:08.632Z,buy,8.7e-07,1136.0,0.00098832
VIB/BTC,1607462711759,2020-12-08T21:25:11.759Z,sell,8.6e-07,975.0,0.0008385
VIB/BTC,1607462761352,2020-12-08T21:26:01.352Z,sell,8.6e-07,275.0,0.0002365
VIB/BTC,1607462761352,2020-12-08T21:26:01.352Z,sell,8.6e-07,275.0,0.0002365
VIB/BTC,1607464092930,2020-12-08T21:48:12.930Z,buy,8.7e-07,365.0,0.00031755
VIB/BTC,1607464104675,2020-12-08T21:48:24.675Z,buy,8.7e-07,367.0,0.00031929
VIB/BTC,1607464152797,2020-12-08T21:49:12.797Z,sell,8.6e-07,84656.0,0.07280416
VIB/BTC,1607464153088,2020-12-08T21:49:13.088Z,sell,8.6e-07,272.0,0.00023392
VIB/BTC,1607464173289,2020-12-08T21:49:33.289Z,sell,8.6e-07,40457.0,0.03479302
VIB/BTC,1607464178286,2020-12-08T21:49:38.286Z,sell,8.6e-07,7686.0,0.00660996
VIB/BTC,1607464689865,2020-12-08T21:58:09.865Z,sell,8.6e-07,113137.0,0.09729782
VIB/BTC,1607464690722,2020-12-08T21:58:10.722Z,sell,8.6e-07,1824.0,0.00156864
VIB/BTC,1607465150670,2020-12-08T22:05:50.670Z,buy,8.7e-07,537.0,0.00046719
VIB/BTC,1607465150670,2020-12-08T22:05:50.670Z,buy,8.7e-07,537.0,0.00046719
VIB/BTC,1607466383668,2020-12-08T22:26:23.668Z,buy,8.7e-07,3000.0,0.00261
VIB/BTC,1607466385704,2020-12-08T22:26:25.704Z,sell,8.6e-07,3660.0,0.0031476
VIB/BTC,1607467364562,2020-12-08T22:42:44.562Z,buy,8.7e-07,38.0,3.306e-05
VIB/BTC,1607467869541,2020-12-08T22:51:09.541Z,buy,8.7e-07,3671.0,0.00319377
VIB/BTC,1607468447429,2020-12-08T23:00:47.429Z,sell,8.6e-07,177.0,0.00015222
VIB/BTC,1607468473652,2020-12-08T23:01:13.652Z,sell,8.6e-07,2203.0,0.00189458
VIB/BTC,1607468473652,2020-12-08T23:01:13.652Z,sell,8.6e-07,2203.0,0.00189458
VIB/BTC,1607469688989,2020-12-08T23:21:28.989Z,sell,8.6e-07,278.0,0.00023908
VIB/BTC,1607470534462,2020-12-08T23:35:34.462Z,buy,8.7e-07,1264.0,0.00109968
VIB/BTC,1607470605389,2020-12-08T23:36:45.389Z,buy,8.7e-07,37.0,3.219e-05
VIB/BTC,1607471733547,2020-12-08T23:55:33.547Z,buy,8.7e-07,804.0,0.00069948
VIB/BTC,1607471779205,2020-12-08T23:56:19.205Z,buy,8.7e-07,668.0,0.00058116
VIB/BTC,1607471779205,2020-12-08T23:56:19.205Z,buy,8.7e-07,668.0,0.00058116
VIB/BTC,1607472502049,2020-12-09T00:08:22.049Z,buy,8.7e-07,22989.0,0.02000043
VIB/BTC,1607472507841,2020-12-09T00:08:27.841Z,buy,8.7e-07,20690.0,0.0180003
VIB/BTC,1607472523829,2020-12-09T00:08:43.829Z,buy,8.7e-07,1190.0,0.0010353
VIB/BTC,1607472527160,2020-12-09T00:08:47.160Z,buy,8.7e-07,3950.0,0.0034365
VIB/BTC,1607472530965,2020-12-09T00:08:50.965Z,buy,8.7e-07,3781.0,0.00328947
VIB/BTC,1607472572047,2020-12-09T00:09:32.047Z,buy,8.7e-07,2299.0,0.00200013
VIB/BTC,1607472662393,2020-12-09T00:11:02.393Z,sell,8.6e-07,510.0,0.0004386
VIB/BTC,1607472953314,2020-12-09T00:15:53.314Z,sell,8.6e-07,1162.0,0.00099932
VIB/BTC,1607473106275,2020-12-09T00:18:26.275Z,sell,8.6e-07,1875.0,0.0016125
VIB/BTC,1607473311992,2020-12-09T00:21:51.992Z,sell,8.6e-07,4786.0,0.00411596
VIB/BTC,1607473699014,2020-12-09T00:28:19.014Z,buy,8.7e-07,6473.0,0.00563151
VIB/BTC,1607473700376,2020-12-09T00:28:20.376Z,buy,8.7e-07,1136.0,0.00098832
VIB/BTC,1607473702211,2020-12-09T00:28:22.211Z,buy,8.7e-07,1136.0,0.00098832
VIB/BTC,1607473703923,2020-12-09T00:28:23.923Z,buy,8.7e-07,1136.0,0.00098832
VIB/BTC,1607473705730,2020-12-09T00:28:25.730Z,buy,8.7e-07,1136.0,0.00098832
VIB/BTC,1607473708445,2020-12-09T00:28:28.445Z,buy,8.7e-07,1136.0,0.00098832
VIB/BTC,1607473711633,2020-12-09T00:28:31.633Z,sell,8.6e-07,815.0,0.0007009
VIB/BTC,1607474151723,2020-12-09T00:35:51.723Z,buy,8.7e-07,1379.0,0.00119973
VIB/BTC,1607474632075,2020-12-09T00:43:52.075Z,sell,8.6e-07,1162.0,0.00099932
VIB/BTC,1607474632075,2020-12-09T00:43:52.075Z,sell,8.6e-07,1162.0,0.00099932
VIB/BTC,1607475643143,2020-12-09T01:00:43.143Z,sell,8.6e-07,1162.0,0.00099932
VIB/BTC,1607476004656,2020-12-09T01:06:44.656Z,buy,8.7e-07,43.0,3.741e-05
VIB/BTC,1607476537225,2020-12-09T01:15:37.225Z,buy,8.7e-07,1264.0,0.00109968
VIB/BTC,1607476595823,2020-12-09T01:16:35.823Z,buy,8.7e-07,57471.0,0.04999977
VIB/BTC,1607477695665,2020-12-09T01:34:55.665Z,buy,8.7e-07,5747.0,0.00499989
VIB/BTC,1607477759833,2020-12-09T01:35:59.833Z,buy,8.7e-07,33391.0,0.02905017
VIB/BTC,1607477980826,2020-12-09T01:39:40.826Z,buy,8.7e-07,21761.0,0.01893207
VIB/BTC,1607477980826,2020-12-09T01:39:40.826Z,buy,8.7e-07,21761.0,0.01893207
VIB/BTC,1607478522276,2020-12-09T01:48:42.276Z,buy,8.7e-07,16068.0,0.01397916
VIB/BTC,1607479249993,2020-12-09T02:00:49.993Z,sell,8.6e-07,55096.0,0.04738256
VIB/BTC,1607479250121,2020-12-09T02:00:50.121Z,sell,8.6e-07,124.0,0.00010664
VIB/BTC,1607480187548,2020-12-09T02:16:27.548Z,sell,8.6e-07,6418.0,0.00551948
VIB/BTC,1607480187548,2020-12-09T02:16:27.548Z,sell,8.6e-07,6418.0,0.00551948
VIB/BTC,1607482624650,2020-12-09T02:57:04.650Z,sell,8.6e-07,17389.0,0.01495454
VIB/BTC,1607482659198,2020-12-09T02:57:39.198Z,buy,8.6e-07,350.0,0.000301
VIB/BTC,1607482792854,2020-12-09T02:59:52.854Z,sell,8.5e-07,5158.0,0.0043843
VIB/BTC,1607482872195,2020-12-09T03:01:12.195Z,buy,8.6e-07,132.0,0.00011352
VIB/BTC,1607482877119,2020-12-09T03:01:17.119Z,buy,8.6e-07,483.0,0.00041538
VIB/BTC,1607482877119,2020-12-09T03:01:17.119Z,buy,8.6e-07,1456.0,0.00125216
VIB/BTC,1607483408684,2020-12-09T03:10:08.684Z,sell,8.5e-07,2168.0,0.0018428
VIB/BTC,1607483408684,2020-12-09T03:10:08.684Z,sell,8.5e-07,2168.0,0.0018428
VIB/BTC,1607484491831,2020-12-09T03:28:11.831Z,buy,8.6e-07,657.0,0.00056502
VIB/BTC,1607485289200,2020-12-09T03:41:29.200Z,sell,8.5e-07,211.0,0.00017935
VIB/BTC,1607485289200,2020-12-09T03:41:29.200Z,sell,8.5e-07,211.0,0.00017935
VIB/BTC,1607489346718,2020-12-09T04:49:06.718Z,sell,8.5e-07,3783.0,0.00321555
VIB/BTC,1607489346718,2020-12-09T04:49:06.718Z,sell,8.5e-07,3783.0,0.00321555
VIB/BTC,1607489542698,2020-12-09T04:52:22.698Z,sell,8.5e-07,3000.0,0.00255
VIB/BTC,1607489748421,2020-12-09T04:55:48.421Z,buy,8.6e-07,1279.0,0.00109994
VIB/BTC,1607489771244,2020-12-09T04:56:11.244Z,sell,8.5e-07,963.0,0.00081855
VIB/BTC,1607489841894,2020-12-09T04:57:21.894Z,sell,8.5e-07,1237.0,0.00105145
VIB/BTC,1607490876361,2020-12-09T05:14:36.361Z,buy,8.6e-07,122810.0,0.1056166
VIB/BTC,1607491520818,2020-12-09T05:25:20.818Z,buy,8.6e-07,10281.0,0.00884166
VIB/BTC,1607491520818,2020-12-09T05:25:20.818Z,buy,8.7e-07,172332.0,0.14992884
VIB/BTC,1607491851248,2020-12-09T05:30:51.248Z,sell,8.7e-07,10526.0,0.00915762
VIB/BTC,1607492869770,2020-12-09T05:47:49.770Z,sell,8.7e-07,2432.0,0.00211584
VIB/BTC,1607492869770,2020-12-09T05:47:49.770Z,sell,8.7e-07,2432.0,0.00211584
VIB/BTC,1607494301968,2020-12-09T06:11:41.968Z,sell,8.7e-07,1615.0,0.00140505
VIB/BTC,1607494304469,2020-12-09T06:11:44.469Z,sell,8.7e-07,1510.0,0.0013137
VIB/BTC,1607494713705,2020-12-09T06:18:33.705Z,sell,8.7e-07,1741.0,0.00151467
VIB/BTC,1607495478670,2020-12-09T06:31:18.670Z,buy,8.8e-07,296.0,0.00026048
VIB/BTC,1607495577642,2020-12-09T06:32:57.642Z,buy,8.8e-07,1250.0,0.0011
VIB/BTC,1607495981204,2020-12-09T06:39:41.204Z,buy,8.8e-07,313.0,0.00027544
VIB/BTC,1607495981204,2020-12-09T06:39:41.204Z,buy,8.8e-07,313.0,0.00027544
VIB/BTC,1607496872393,2020-12-09T06:54:32.393Z,buy,8.8e-07,318.0,0.00027984
VIB/BTC,1607497118244,2020-12-09T06:58:38.244Z,buy,8.8e-07,21740.0,0.0191312
VIB/BTC,1607497261366,2020-12-09T07:01:01.366Z,buy,8.8e-07,23107.0,0.02033416
VIB/BTC,1607497261376,2020-12-09T07:01:01.376Z,sell,8.8e-07,11854.0,0.01043152
VIB/BTC,1607497261380,2020-12-09T07:01:01.380Z,sell,8.8e-07,1373.0,0.00120824
VIB/BTC,1607497261386,2020-12-09T07:01:01.386Z,sell,8.8e-07,2430.0,0.0021384
VIB/BTC,1607497261862,2020-12-09T07:01:01.862Z,sell,8.8e-07,3057.0,0.00269016
VIB/BTC,1607497268655,2020-12-09T07:01:08.655Z,sell,8.8e-07,4622.0,0.00406736
VIB/BTC,1607497275825,2020-12-09T07:01:15.825Z,sell,8.8e-07,5775.0,0.005082
VIB/BTC,1607497287376,2020-12-09T07:01:27.376Z,sell,8.8e-07,1250.0,0.0011
VIB/BTC,1607497296880,2020-12-09T07:01:36.880Z,sell,8.8e-07,206.0,0.00018128
VIB/BTC,1607497416283,2020-12-09T07:03:36.283Z,sell,8.8e-07,1554.0,0.00136752
VIB/BTC,1607497438746,2020-12-09T07:03:58.746Z,sell,8.8e-07,1180.0,0.0010384
VIB/BTC,1607497531251,2020-12-09T07:05:31.251Z,sell,8.8e-07,3194.0,0.00281072
VIB/BTC,1607497587601,2020-12-09T07:06:27.601Z,buy,8.9e-07,534.0,0.0004752599999999
VIB/BTC,1607497832078,2020-12-09T07:10:32.078Z,sell,8.8e-07,134100.0,0.118008
VIB/BTC,1607497835056,2020-12-09T07:10:35.056Z,sell,8.8e-07,10067.0,0.00885896
VIB/BTC,1607497861195,2020-12-09T07:11:01.195Z,sell,8.8e-07,4651.0,0.00409288
VIB/BTC,1607497869283,2020-12-09T07:11:09.283Z,sell,8.8e-07,4598.0,0.00404624
VIB/BTC,1607497882809,2020-12-09T07:11:22.809Z,sell,8.8e-07,7326.0,0.00644688
VIB/BTC,1607497902511,2020-12-09T07:11:42.511Z,sell,8.7e-07,918.0,0.00079866
VIB/BTC,1607497937888,2020-12-09T07:12:17.888Z,sell,8.7e-07,7377.0,0.00641799
VIB/BTC,1607497962725,2020-12-09T07:12:42.725Z,sell,8.7e-07,2358.0,0.00205146
VIB/BTC,1607498138735,2020-12-09T07:15:38.735Z,sell,8.7e-07,59668.0,0.05191116
VIB/BTC,1607498417547,2020-12-09T07:20:17.547Z,sell,8.7e-07,3316.0,0.00288492
VIB/BTC,1607498582110,2020-12-09T07:23:02.110Z,sell,8.7e-07,38112.0,0.03315744
VIB/BTC,1607498750147,2020-12-09T07:25:50.147Z,sell,8.7e-07,19615.0,0.01706505
VIB/BTC,1607498826447,2020-12-09T07:27:06.447Z,buy,8.7e-07,492.0,0.00042804
VIB/BTC,1607499219892,2020-12-09T07:33:39.892Z,buy,8.7e-07,1136.0,0.00098832
VIB/BTC,1607499226267,2020-12-09T07:33:46.267Z,sell,8.6e-07,1176.0,0.00101136
VIB/BTC,1607499226267,2020-12-09T07:33:46.267Z,sell,8.6e-07,1176.0,0.00101136
VIB/BTC,1607500065030,2020-12-09T07:47:45.030Z,sell,8.6e-07,3219.0,0.00276834
VIB/BTC,1607500389075,2020-12-09T07:53:09.075Z,sell,8.6e-07,1472.0,0.00126592
VIB/BTC,1607500603841,2020-12-09T07:56:43.841Z,sell,8.6e-07,35000.0,0.0301
VIB/BTC,1607502817825,2020-12-09T08:33:37.825Z,buy,8.7e-07,200.0,0.000174
VIB/BTC,1607502817825,2020-12-09T08:33:37.825Z,buy,8.7e-07,200.0,0.000174
VIB/BTC,1607502941457,2020-12-09T08:35:41.457Z,sell,8.6e-07,10010.0,0.0086086
VIB/BTC,1607502941457,2020-12-09T08:35:41.457Z,sell,8.5e-07,76102.0,0.0646867
VIB/BTC,1607502941868,2020-12-09T08:35:41.868Z,sell,8.6e-07,244.0,0.00020984
VIB/BTC,1607502941932,2020-12-09T08:35:41.932Z,sell,8.6e-07,1040.0,0.0008944
VIB/BTC,1607502942170,2020-12-09T08:35:42.170Z,sell,8.6e-07,4937.0,0.00424582
VIB/BTC,1607502942184,2020-12-09T08:35:42.184Z,buy,8.6e-07,6453.0,0.00554958
VIB/BTC,1607502942186,2020-12-09T08:35:42.186Z,buy,8.6e-07,2374.0,0.00204164
VIB/BTC,1607503007071,2020-12-09T08:36:47.071Z,buy,8.6e-07,2083.0,0.00179138
VIB/BTC,1607503060526,2020-12-09T08:37:40.526Z,sell,8.5e-07,27622.0,0.0234787
VIB/BTC,1607503060544,2020-12-09T08:37:40.544Z,buy,8.5e-07,4277.0,0.00363545
VIB/BTC,1607503060545,2020-12-09T08:37:40.545Z,buy,8.5e-07,3446.0,0.0029291
VIB/BTC,1607503061034,2020-12-09T08:37:41.034Z,buy,8.5e-07,7377.0,0.00627045
VIB/BTC,1607503061402,2020-12-09T08:37:41.402Z,buy,8.5e-07,252987.0,0.21503895
VIB/BTC,1607503061750,2020-12-09T08:37:41.750Z,sell,8.5e-07,24291.0,0.02064735
VIB/BTC,1607503062207,2020-12-09T08:37:42.207Z,buy,8.5e-07,2603.0,0.00221255
VIB/BTC,1607503063518,2020-12-09T08:37:43.518Z,buy,8.5e-07,1294.0,0.0010999
VIB/BTC,1607503064586,2020-12-09T08:37:44.586Z,buy,8.5e-07,2558.0,0.0021743
VIB/BTC,1607503065942,2020-12-09T08:37:45.942Z,buy,8.5e-07,1294.0,0.0010999
VIB/BTC,1607503075294,2020-12-09T08:37:55.294Z,buy,8.5e-07,209953.0,0.17846005
VIB/BTC,1607503077327,2020-12-09T08:37:57.327Z,buy,8.5e-07,4956.0,0.0042126
VIB/BTC,1607503099198,2020-12-09T08:38:19.198Z,sell,8.5e-07,131046.0,0.1113891
VIB/BTC,1607503099981,2020-12-09T08:38:19.981Z,buy,8.5e-07,293713.0,0.24965605
VIB/BTC,1607503100410,2020-12-09T08:38:20.410Z,sell,8.5e-07,6850.0,0.0058225
VIB/BTC,1607503129258,2020-12-09T08:38:49.258Z,sell,8.5e-07,51143.0,0.04347155
VIB/BTC,1607503130109,2020-12-09T08:38:50.109Z,buy,8.5e-07,397172.0,0.3375962
VIB/BTC,1607503130338,2020-12-09T08:38:50.338Z,sell,8.5e-07,39227.0,0.03334295
VIB/BTC,1607503155824,2020-12-09T08:39:15.824Z,buy,8.6e-07,349.0,0.00030014
VIB/BTC,1607503170664,2020-12-09T08:39:30.664Z,buy,8.6e-07,1000.0,0.00086
VIB/BTC,1607503351137,2020-12-09T08:42:31.137Z,buy,8.6e-07,1000.0,0.00086
VIB/BTC,1607503356724,2020-12-09T08:42:36.724Z,buy,8.6e-07,1000.0,0.00086
VIB/BTC,1607503368652,2020-12-09T08:42:48.652Z,buy,8.6e-07,1000.0,0.00086
VIB/BTC,1607503373554,2020-12-09T08:42:53.554Z,buy,8.6e-07,1000.0,0.00086
VIB/BTC,1607503516629,2020-12-09T08:45:16.629Z,sell,8.5e-07,50954.0,0.0433109
VIB/BTC,1607503516830,2020-12-09T08:45:16.830Z,sell,8.5e-07,9446.0,0.0080291
VIB/BTC,1607503782031,2020-12-09T08:49:42.031Z,buy,8.6e-07,37125.0,0.0319275
VIB/BTC,1607503791179,2020-12-09T08:49:51.179Z,buy,8.6e-07,1000.0,0.00086
VIB/BTC,1607503807146,2020-12-09T08:50:07.146Z,buy,8.6e-07,37123.0,0.03192578
VIB/BTC,1607503810141,2020-12-09T08:50:10.141Z,buy,8.6e-07,37123.0,0.03192578
VIB/BTC,1607503813144,2020-12-09T08:50:13.144Z,buy,8.6e-07,37123.0,0.03192578
VIB/BTC,1607504147790,2020-12-09T08:55:47.790Z,buy,8.6e-07,675353.0,0.58080358
VIB/BTC,1607504160029,2020-12-09T08:56:00.029Z,buy,8.6e-07,406338.0,0.34945068
VIB/BTC,1607504167940,2020-12-09T08:56:07.940Z,buy,8.6e-07,80894.0,0.06956884
VIB/BTC,1607504168021,2020-12-09T08:56:08.021Z,sell,8.6e-07,264902.0,0.22781572
VIB/BTC,1607504168577,2020-12-09T08:56:08.577Z,buy,8.6e-07,37093.0,0.03189998
VIB/BTC,1607504178210,2020-12-09T08:56:18.210Z,sell,8.6e-07,81395.0,0.0699997
VIB/BTC,1607504205086,2020-12-09T08:56:45.086Z,sell,8.6e-07,165377.0,0.14222422
VIB/BTC,1607504396445,2020-12-09T08:59:56.445Z,buy,8.7e-07,57816.0,0.05029992
VIB/BTC,1607504422079,2020-12-09T09:00:22.079Z,buy,8.7e-07,530003.0,0.46110261
VIB/BTC,1607504430630,2020-12-09T09:00:30.630Z,buy,8.7e-07,453863.0,0.39486081
VIB/BTC,1607504435996,2020-12-09T09:00:35.996Z,buy,8.7e-07,79733.0,0.06936771
VIB/BTC,1607504443393,2020-12-09T09:00:43.393Z,buy,8.7e-07,349597.0,0.30414939
VIB/BTC,1607504449777,2020-12-09T09:00:49.777Z,buy,8.7e-07,225663.0,0.19632681
VIB/BTC,1607504450530,2020-12-09T09:00:50.530Z,buy,8.7e-07,50571.0,0.04399677
VIB/BTC,1607504450714,2020-12-09T09:00:50.714Z,sell,8.7e-07,5955.0,0.00518085
VIB/BTC,1607504452210,2020-12-09T09:00:52.210Z,sell,8.7e-07,1507.0,0.00131109
VIB/BTC,1607504452417,2020-12-09T09:00:52.417Z,sell,8.7e-07,1264.0,0.00109968
VIB/BTC,1607504460544,2020-12-09T09:01:00.544Z,sell,8.7e-07,1249.0,0.00108663
VIB/BTC,1607504460816,2020-12-09T09:01:00.816Z,sell,8.7e-07,117.0,0.00010179
VIB/BTC,1607504468252,2020-12-09T09:01:08.252Z,sell,8.7e-07,203396.0,0.17695452
VIB/BTC,1607504469076,2020-12-09T09:01:09.076Z,buy,8.7e-07,227286.0,0.19773882
VIB/BTC,1607504469393,2020-12-09T09:01:09.393Z,sell,8.7e-07,89616.0,0.07796592
VIB/BTC,1607504485233,2020-12-09T09:01:25.233Z,sell,8.7e-07,27953.0,0.02431911
VIB/BTC,1607504492228,2020-12-09T09:01:32.228Z,sell,8.7e-07,13977.0,0.01215999
VIB/BTC,1607504499089,2020-12-09T09:01:39.089Z,sell,8.7e-07,20965.0,0.01823955
VIB/BTC,1607504509295,2020-12-09T09:01:49.295Z,buy,8.8e-07,170.0,0.0001496
VIB/BTC,1607504511626,2020-12-09T09:01:51.626Z,sell,8.7e-07,1514.0,0.00131718
VIB/BTC,1607504549279,2020-12-09T09:02:29.279Z,sell,8.7e-07,2241.0,0.00194967
VIB/BTC,1607504568567,2020-12-09T09:02:48.567Z,sell,8.7e-07,4651.0,0.00404637
VIB/BTC,1607505103408,2020-12-09T09:11:43.408Z,sell,8.7e-07,60792.0,0.05288904
VIB/BTC,1607505389831,2020-12-09T09:16:29.831Z,sell,8.7e-07,134351.0,0.11688537
VIB/BTC,1607505709403,2020-12-09T09:21:49.403Z,sell,8.7e-07,23805.0,0.02071035
VIB/BTC,1607505995922,2020-12-09T09:26:35.922Z,buy,8.8e-07,50154.0,0.04413552
VIB/BTC,1607506005859,2020-12-09T09:26:45.859Z,buy,8.8e-07,51864.0,0.04564032
VIB/BTC,1607506017121,2020-12-09T09:26:57.121Z,buy,8.8e-07,22964.0,0.02020832
VIB/BTC,1607506021397,2020-12-09T09:27:01.397Z,buy,8.8e-07,22059.0,0.01941192
VIB/BTC,1607506021673,2020-12-09T09:27:01.673Z,sell,8.8e-07,115.0,0.0001012
VIB/BTC,1607506022569,2020-12-09T09:27:02.569Z,sell,8.8e-07,4388.0,0.00386144
VIB/BTC,1607506022586,2020-12-09T09:27:02.586Z,sell,8.8e-07,10534.0,0.00926992
VIB/BTC,1607506029395,2020-12-09T09:27:09.395Z,sell,8.8e-07,794.0,0.00069872
VIB/BTC,1607506029630,2020-12-09T09:27:09.630Z,sell,8.8e-07,1496.0,0.00131648
VIB/BTC,1607506035500,2020-12-09T09:27:15.500Z,sell,8.8e-07,2255.0,0.0019844
VIB/BTC,1607506055091,2020-12-09T09:27:35.091Z,buy,8.8e-07,590948.0,0.52003424
VIB/BTC,1607506063094,2020-12-09T09:27:43.094Z,buy,8.8e-07,313713.0,0.27606744
VIB/BTC,1607506068973,2020-12-09T09:27:48.973Z,buy,8.8e-07,255348.0,0.22470624
VIB/BTC,1607506163844,2020-12-09T09:29:23.844Z,buy,8.8e-07,313713.0,0.27606744
VIB/BTC,1607506171202,2020-12-09T09:29:31.202Z,buy,8.8e-07,207224.0,0.18235712
VIB/BTC,1607506179805,2020-12-09T09:29:39.805Z,buy,8.8e-07,174891.0,0.15390408
VIB/BTC,1607506184875,2020-12-09T09:29:44.875Z,buy,8.8e-07,106330.0,0.0935704
VIB/BTC,1607506197301,2020-12-09T09:29:57.301Z,buy,8.8e-07,69536.0,0.06119168
VIB/BTC,1607506204253,2020-12-09T09:30:04.253Z,buy,8.8e-07,629565.0,0.5540172
VIB/BTC,1607506216545,2020-12-09T09:30:16.545Z,buy,8.8e-07,18624.0,0.01638912
VIB/BTC,1607506219795,2020-12-09T09:30:19.795Z,buy,8.8e-07,225935.0,0.1988228
VIB/BTC,1607506224853,2020-12-09T09:30:24.853Z,buy,8.8e-07,139702.0,0.12293776
VIB/BTC,1607506278773,2020-12-09T09:31:18.773Z,buy,8.8e-07,545858.0,0.48035504
VIB/BTC,1607506293991,2020-12-09T09:31:33.991Z,buy,8.8e-07,426461.0,0.37528568
VIB/BTC,1607506297481,2020-12-09T09:31:37.481Z,buy,8.8e-07,60945.0,0.0536316
VIB/BTC,1607506299461,2020-12-09T09:31:39.461Z,buy,8.8e-07,28129.0,0.02475352
VIB/BTC,1607506303617,2020-12-09T09:31:43.617Z,buy,8.8e-07,14064.0,0.01237632
VIB/BTC,1607506359150,2020-12-09T09:32:39.150Z,sell,8.7e-07,79530.0,0.0691911
VIB/BTC,1607506359150,2020-12-09T09:32:39.150Z,sell,8.7e-07,79530.0,0.0691911
VIB/BTC,1607506424224,2020-12-09T09:33:44.224Z,buy,8.8e-07,89825.0,0.079046
VIB/BTC,1607506446720,2020-12-09T09:34:06.720Z,sell,8.7e-07,48593.0,0.04227591
VIB/BTC,1607506446734,2020-12-09T09:34:06.734Z,buy,8.7e-07,7948.0,0.00691476
VIB/BTC,1607506549265,2020-12-09T09:35:49.265Z,sell,8.7e-07,5000.0,0.00435
VIB/BTC,1607506582027,2020-12-09T09:36:22.027Z,buy,8.7e-07,499.0,0.00043413
VIB/BTC,1607506924565,2020-12-09T09:42:04.565Z,buy,8.7e-07,207.0,0.00018009
VIB/BTC,1607507149528,2020-12-09T09:45:49.528Z,buy,8.7e-07,524.0,0.00045588
VIB/BTC,1607507153749,2020-12-09T09:45:53.749Z,buy,8.7e-07,330.0,0.0002871
VIB/BTC,1607507156661,2020-12-09T09:45:56.661Z,buy,8.7e-07,147.0,0.00012789
VIB/BTC,1607507161426,2020-12-09T09:46:01.426Z,buy,8.7e-07,427.0,0.00037149
VIB/BTC,1607507165938,2020-12-09T09:46:05.938Z,buy,8.7e-07,250.0,0.0002175
VIB/BTC,1607507168877,2020-12-09T09:46:08.877Z,buy,8.7e-07,551.0,0.00047937
VIB/BTC,1607507173075,2020-12-09T09:46:13.075Z,buy,8.7e-07,753.0,0.00065511
VIB/BTC,1607507177152,2020-12-09T09:46:17.152Z,buy,8.7e-07,400.0,0.000348
VIB/BTC,1607507182897,2020-12-09T09:46:22.897Z,buy,8.7e-07,735.0,0.00063945
VIB/BTC,1607507187108,2020-12-09T09:46:27.108Z,buy,8.7e-07,200.0,0.000174
VIB/BTC,1607507453354,2020-12-09T09:50:53.354Z,buy,8.7e-07,2510.0,0.0021837
VIB/BTC,1607507748729,2020-12-09T09:55:48.729Z,buy,8.7e-07,18573.0,0.01615851
VIB/BTC,1607507749949,2020-12-09T09:55:49.949Z,buy,8.7e-07,19355.0,0.01683885
VIB/BTC,1607507778943,2020-12-09T09:56:18.943Z,buy,8.7e-07,302.0,0.00026274
VIB/BTC,1607507780959,2020-12-09T09:56:20.959Z,buy,8.7e-07,32899.0,0.02862213
VIB/BTC,1607507781359,2020-12-09T09:56:21.359Z,buy,8.7e-07,26375.0,0.02294625
VIB/BTC,1607507913171,2020-12-09T09:58:33.171Z,buy,8.7e-07,28035.0,0.02439045
VIB/BTC,1607508061708,2020-12-09T10:01:01.708Z,buy,8.7e-07,411.0,0.00035757
VIB/BTC,1607508061807,2020-12-09T10:01:01.807Z,buy,8.7e-07,479.0,0.00041673
VIB/BTC,1607508061897,2020-12-09T10:01:01.897Z,buy,8.7e-07,408.0,0.00035496
VIB/BTC,1607508063211,2020-12-09T10:01:03.211Z,buy,8.7e-07,398.0,0.00034626
VIB/BTC,1607508063320,2020-12-09T10:01:03.320Z,buy,8.7e-07,313.0,0.00027231
VIB/BTC,1607508117991,2020-12-09T10:01:57.991Z,buy,8.7e-07,24208.0,0.02106096
VIB/BTC,1607508386597,2020-12-09T10:06:26.597Z,sell,8.7e-07,176.0,0.00015312
VIB/BTC,1607508386597,2020-12-09T10:06:26.597Z,sell,8.7e-07,176.0,0.00015312
VIB/BTC,1607511710656,2020-12-09T11:01:50.656Z,sell,8.7e-07,16869.0,0.01467603
VIB/BTC,1607511710656,2020-12-09T11:01:50.656Z,sell,8.7e-07,16869.0,0.01467603
VIB/BTC,1607512493891,2020-12-09T11:14:53.891Z,buy,8.8e-07,4500.0,0.00396
VIB/BTC,1607513818679,2020-12-09T11:36:58.679Z,buy,8.8e-07,967.0,0.00085096
VIB/BTC,1607513923784,2020-12-09T11:38:43.784Z,buy,8.8e-07,967.0,0.00085096
VIB/BTC,1607513923784,2020-12-09T11:38:43.784Z,buy,8.8e-07,967.0,0.00085096
VIB/BTC,1607515695526,2020-12-09T12:08:15.526Z,sell,8.7e-07,1347.0,0.00117189
VIB/BTC,1607515885847,2020-12-09T12:11:25.847Z,buy,8.8e-07,495.0,0.0004356
VIB/BTC,1607516014781,2020-12-09T12:13:34.781Z,buy,8.8e-07,16222.0,0.01427536
VIB/BTC,1607516123552,2020-12-09T12:15:23.552Z,buy,8.8e-07,19508.0,0.01716704
VIB/BTC,1607516151024,2020-12-09T12:15:51.024Z,sell,8.7e-07,7534.0,0.00655458
VIB/BTC,1607516165852,2020-12-09T12:16:05.852Z,buy,8.8e-07,5629.0,0.00495352
VIB/BTC,1607516227134,2020-12-09T12:17:07.134Z,buy,8.8e-07,1856.0,0.00163328
VIB/BTC,1607516228106,2020-12-09T12:17:08.106Z,buy,8.8e-07,534.0,0.00046992
VIB/BTC,1607516298855,2020-12-09T12:18:18.855Z,buy,8.8e-07,18243.0,0.01605384
VIB/BTC,1607516339336,2020-12-09T12:18:59.336Z,buy,8.8e-07,36481.0,0.03210328
VIB/BTC,1607516379830,2020-12-09T12:19:39.830Z,buy,8.8e-07,3373.0,0.00296824
VIB/BTC,1607517398218,2020-12-09T12:36:38.218Z,buy,8.8e-07,137.0,0.00012056
VIB/BTC,1607517398218,2020-12-09T12:36:38.218Z,buy,8.8e-07,137.0,0.00012056
VIB/BTC,1607519216126,2020-12-09T13:06:56.126Z,buy,8.8e-07,742.0,0.00065296
VIB/BTC,1607520673053,2020-12-09T13:31:13.053Z,sell,8.7e-07,122.0,0.00010614
VIB/BTC,1607520673053,2020-12-09T13:31:13.053Z,sell,8.7e-07,122.0,0.00010614
VIB/BTC,1607521374528,2020-12-09T13:42:54.528Z,sell,8.7e-07,121.0,0.00010527
VIB/BTC,1607522524667,2020-12-09T14:02:04.667Z,sell,8.7e-07,207.0,0.00018009
VIB/BTC,1607522524667,2020-12-09T14:02:04.667Z,sell,8.7e-07,207.0,0.00018009
VIB/BTC,1607524414278,2020-12-09T14:33:34.278Z,buy,8.8e-07,84941.0,0.07474808
VIB/BTC,1607524534661,2020-12-09T14:35:34.661Z,buy,8.9e-07,179775.0,0.15999975
VIB/BTC,1607524587438,2020-12-09T14:36:27.438Z,sell,8.8e-07,129.0,0.00011352
VIB/BTC,1607524662871,2020-12-09T14:37:42.871Z,buy,8.9e-07,875.0,0.0007787499999999
VIB/BTC,1607525358273,2020-12-09T14:49:18.273Z,buy,8.9e-07,4500.0,0.004005
VIB/BTC,1607525361949,2020-12-09T14:49:21.949Z,buy,9e-07,875.0,0.0007875
VIB/BTC,1607525652811,2020-12-09T14:54:12.811Z,sell,8.9e-07,11236.0,0.01000004
VIB/BTC,1607525659917,2020-12-09T14:54:19.917Z,buy,9e-07,785.0,0.0007065
VIB/BTC,1607525856023,2020-12-09T14:57:36.023Z,buy,8.9e-07,3432.0,0.00305448
VIB/BTC,1607525856023,2020-12-09T14:57:36.023Z,buy,9e-07,218790.0,0.196911
VIB/BTC,1607525856319,2020-12-09T14:57:36.319Z,sell,8.9e-07,10048.0,0.00894272
VIB/BTC,1607525856448,2020-12-09T14:57:36.448Z,sell,8.9e-07,1335.0,0.00118815
VIB/BTC,1607525860931,2020-12-09T14:57:40.931Z,sell,8.9e-07,1111.0,0.00098879
VIB/BTC,1607525863308,2020-12-09T14:57:43.308Z,buy,9e-07,457.0,0.0004112999999999
VIB/BTC,1607525896873,2020-12-09T14:58:16.873Z,sell,8.9e-07,1339.0,0.00119171
VIB/BTC,1607525947889,2020-12-09T14:59:07.889Z,sell,8.9e-07,113.0,0.00010057
VIB/BTC,1607526034984,2020-12-09T15:00:34.984Z,buy,9e-07,587.0,0.0005283
VIB/BTC,1607526091488,2020-12-09T15:01:31.488Z,sell,8.9e-07,2887.0,0.0025694299999999
VIB/BTC,1607526091661,2020-12-09T15:01:31.661Z,sell,8.9e-07,28001.0,0.0249208899999999
VIB/BTC,1607526094710,2020-12-09T15:01:34.710Z,sell,8.9e-07,2787.0,0.00248043
VIB/BTC,1607526097466,2020-12-09T15:01:37.466Z,sell,8.9e-07,3984.0,0.00354576
VIB/BTC,1607526098382,2020-12-09T15:01:38.382Z,sell,8.9e-07,10974.0,0.0097668599999999
VIB/BTC,1607526098613,2020-12-09T15:01:38.613Z,sell,8.9e-07,2787.0,0.00248043
VIB/BTC,1607526102836,2020-12-09T15:01:42.836Z,sell,8.9e-07,2787.0,0.00248043
VIB/BTC,1607526105251,2020-12-09T15:01:45.251Z,buy,9e-07,587.0,0.0005283
VIB/BTC,1607526106795,2020-12-09T15:01:46.795Z,sell,8.9e-07,2787.0,0.00248043
VIB/BTC,1607526110836,2020-12-09T15:01:50.836Z,sell,8.9e-07,3505.0,0.0031194499999999
VIB/BTC,1607526110948,2020-12-09T15:01:50.948Z,sell,8.9e-07,390.0,0.0003471
VIB/BTC,1607526111462,2020-12-09T15:01:51.462Z,buy,8.9e-07,780.0,0.0006942
VIB/BTC,1607526114698,2020-12-09T15:01:54.698Z,sell,8.9e-07,2773.0,0.00246797
VIB/BTC,1607526117656,2020-12-09T15:01:57.656Z,sell,8.9e-07,10312.0,0.0091776799999999
VIB/BTC,1607526117656,2020-12-09T15:01:57.656Z,sell,8.9e-07,10312.0,0.0091776799999999
VIB/BTC,1607526134586,2020-12-09T15:02:14.586Z,sell,8.9e-07,459.0,0.0004085099999999
VIB/BTC,1607526149911,2020-12-09T15:02:29.911Z,sell,8.9e-07,80.0,7.12e-05
VIB/BTC,1607526158991,2020-12-09T15:02:38.991Z,sell,8.8e-07,142.0,0.00012496
VIB/BTC,1607526172071,2020-12-09T15:02:52.071Z,buy,9e-07,587.0,0.0005283
VIB/BTC,1607526201116,2020-12-09T15:03:21.116Z,sell,8.8e-07,3458.0,0.00304304
VIB/BTC,1607526207839,2020-12-09T15:03:27.839Z,sell,8.8e-07,113.0,9.944e-05
VIB/BTC,1607526229197,2020-12-09T15:03:49.197Z,buy,8.9e-07,234.0,0.00020826
VIB/BTC,1607526239290,2020-12-09T15:03:59.290Z,buy,8.9e-07,223.0,0.00019847
VIB/BTC,1607526414332,2020-12-09T15:06:54.332Z,buy,8.9e-07,2594.0,0.0023086599999999
VIB/BTC,1607527561091,2020-12-09T15:26:01.091Z,buy,8.9e-07,612.0,0.00054468
VIB/BTC,1607527652506,2020-12-09T15:27:32.506Z,buy,8.9e-07,11235.0,0.00999915
VIB/BTC,1607528961845,2020-12-09T15:49:21.845Z,buy,8.9e-07,49710.0,0.0442419
VIB/BTC,1607528961857,2020-12-09T15:49:21.857Z,sell,8.9e-07,3001.0,0.00267089
VIB/BTC,1607529472431,2020-12-09T15:57:52.431Z,sell,8.9e-07,18886.0,0.01680854
VIB/BTC,1607529489895,2020-12-09T15:58:09.895Z,sell,8.9e-07,13815.0,0.01229535
VIB/BTC,1607529489895,2020-12-09T15:58:09.895Z,sell,8.9e-07,13815.0,0.01229535
VIB/BTC,1607530004742,2020-12-09T16:06:44.742Z,buy,8.9e-07,3918.0,0.00348702
VIB/BTC,1607530507080,2020-12-09T16:15:07.080Z,buy,8.9e-07,96555.0,0.08593395
VIB/BTC,1607530507080,2020-12-09T16:15:07.080Z,buy,9e-07,15805.0,0.0142245
VIB/BTC,1607530627856,2020-12-09T16:17:07.856Z,buy,9e-07,3300.0,0.00297
VIB/BTC,1607530710300,2020-12-09T16:18:30.300Z,buy,9e-07,2888.0,0.0025992
VIB/BTC,1607530871477,2020-12-09T16:21:11.477Z,buy,9e-07,134.0,0.0001205999999999
VIB/BTC,1607530938082,2020-12-09T16:22:18.082Z,sell,8.9e-07,3300.0,0.002937
VIB/BTC,1607531474790,2020-12-09T16:31:14.790Z,buy,9e-07,5187.0,0.0046682999999999
VIB/BTC,1607531844678,2020-12-09T16:37:24.678Z,buy,9e-07,4060.0,0.0036539999999999
VIB/BTC,1607532000459,2020-12-09T16:40:00.459Z,buy,9e-07,4304.0,0.0038735999999999
VIB/BTC,1607532004761,2020-12-09T16:40:04.761Z,buy,9.1e-07,488.0,0.0004440799999999
VIB/BTC,1607532388413,2020-12-09T16:46:28.413Z,buy,9.1e-07,118855.0,0.1081580499999999
VIB/BTC,1607532388413,2020-12-09T16:46:28.413Z,buy,9.2e-07,160129.0,0.14731868
VIB/BTC,1607532388427,2020-12-09T16:46:28.427Z,sell,9.2e-07,1016.0,0.00093472
VIB/BTC,1607532391047,2020-12-09T16:46:31.047Z,buy,9.2e-07,131.0,0.0001205199999999
VIB/BTC,1607532391331,2020-12-09T16:46:31.331Z,sell,9.1e-07,400.0,0.000364
VIB/BTC,1607532391800,2020-12-09T16:46:31.800Z,sell,9.1e-07,350.0,0.0003185
VIB/BTC,1607532392257,2020-12-09T16:46:32.257Z,sell,9.1e-07,350.0,0.0003185
VIB/BTC,1607532392551,2020-12-09T16:46:32.551Z,sell,9.1e-07,2767.0,0.00251797
VIB/BTC,1607532393649,2020-12-09T16:46:33.649Z,sell,9.1e-07,2775.0,0.0025252499999999
VIB/BTC,1607532395652,2020-12-09T16:46:35.652Z,buy,9.2e-07,10412.0,0.00957904
VIB/BTC,1607532396892,2020-12-09T16:46:36.892Z,sell,9.1e-07,400.0,0.000364
VIB/BTC,1607532397360,2020-12-09T16:46:37.360Z,sell,9.1e-07,400.0,0.000364
VIB/BTC,1607532400123,2020-12-09T16:46:40.123Z,buy,9.3e-07,489.0,0.00045477
VIB/BTC,1607532412742,2020-12-09T16:46:52.742Z,buy,9.2e-07,6955.0,0.0063986
VIB/BTC,1607532414744,2020-12-09T16:46:54.744Z,sell,9.2e-07,3282.0,0.00301944
VIB/BTC,1607532417108,2020-12-09T16:46:57.108Z,sell,9.2e-07,934.0,0.00085928
VIB/BTC,1607532439258,2020-12-09T16:47:19.258Z,sell,9.2e-07,1832.0,0.0016854399999999
VIB/BTC,1607532533197,2020-12-09T16:48:53.197Z,buy,9.2e-07,4601.0,0.00423292
VIB/BTC,1607532550090,2020-12-09T16:49:10.090Z,sell,9.2e-07,1267.0,0.00116564
VIB/BTC,1607532567916,2020-12-09T16:49:27.916Z,buy,9.3e-07,47833.0,0.04448469
VIB/BTC,1607532569110,2020-12-09T16:49:29.110Z,sell,9.2e-07,9469.0,0.00871148
VIB/BTC,1607532570838,2020-12-09T16:49:30.838Z,buy,9.3e-07,130.0,0.0001209
VIB/BTC,1607532571562,2020-12-09T16:49:31.562Z,buy,9.3e-07,899.0,0.00083607
VIB/BTC,1607532580269,2020-12-09T16:49:40.269Z,sell,9.3e-07,130.0,0.0001209
VIB/BTC,1607532580269,2020-12-09T16:49:40.269Z,sell,9.2e-07,9780.0,0.0089976
VIB/BTC,1607532588307,2020-12-09T16:49:48.307Z,buy,9.3e-07,10238.0,0.00952134
VIB/BTC,1607532588784,2020-12-09T16:49:48.784Z,sell,9.3e-07,123.0,0.00011439
VIB/BTC,1607532597074,2020-12-09T16:49:57.074Z,sell,9.3e-07,4494.0,0.00417942
VIB/BTC,1607532607940,2020-12-09T16:50:07.940Z,sell,9.3e-07,110.0,0.0001022999999999
VIB/BTC,1607532663665,2020-12-09T16:51:03.665Z,sell,9.3e-07,1035.0,0.00096255
VIB/BTC,1607532668505,2020-12-09T16:51:08.505Z,buy,9.4e-07,1965.0,0.0018471
VIB/BTC,1607532674202,2020-12-09T16:51:14.202Z,buy,9.4e-07,13201.0,0.01240894
VIB/BTC,1607532687144,2020-12-09T16:51:27.144Z,sell,9.3e-07,703.0,0.00065379
VIB/BTC,1607532816037,2020-12-09T16:53:36.037Z,sell,9.3e-07,893.0,0.00083049
VIB/BTC,1607532816050,2020-12-09T16:53:36.050Z,sell,9.3e-07,290.0,0.0002697
VIB/BTC,1607532823638,2020-12-09T16:53:43.638Z,sell,9.3e-07,939.0,0.00087327
VIB/BTC,1607532908382,2020-12-09T16:55:08.382Z,sell,9.3e-07,109.0,0.00010137
VIB/BTC,1607532979664,2020-12-09T16:56:19.664Z,sell,9.3e-07,1440.0,0.0013392
VIB/BTC,1607533004385,2020-12-09T16:56:44.385Z,sell,9.3e-07,1513.0,0.00140709
VIB/BTC,1607533033433,2020-12-09T16:57:13.433Z,sell,9.3e-07,43108.0,0.04009044
VIB/BTC,1607533043360,2020-12-09T16:57:23.360Z,buy,9.3e-07,26536.0,0.02467848
VIB/BTC,1607533070751,2020-12-09T16:57:50.751Z,buy,9.3e-07,9239.0,0.0085922699999999
VIB/BTC,1607533070751,2020-12-09T16:57:50.751Z,buy,9.3e-07,9239.0,0.0085922699999999
VIB/BTC,1607533126017,2020-12-09T16:58:46.017Z,sell,9.3e-07,4301.0,0.00399993
VIB/BTC,1607533126017,2020-12-09T16:58:46.017Z,sell,9.2e-07,21886.0,0.02013512
VIB/BTC,1607533131653,2020-12-09T16:58:51.653Z,sell,9.2e-07,1250.0,0.00115
VIB/BTC,1607533168239,2020-12-09T16:59:28.239Z,buy,9.3e-07,2084.0,0.00193812
VIB/BTC,1607533172477,2020-12-09T16:59:32.477Z,buy,9.4e-07,128.0,0.00012032
VIB/BTC,1607533207941,2020-12-09T17:00:07.941Z,buy,9.4e-07,1894.0,0.00178036
VIB/BTC,1607533371329,2020-12-09T17:02:51.329Z,sell,9.3e-07,324.0,0.00030132
VIB/BTC,1607533416229,2020-12-09T17:03:36.229Z,buy,9.4e-07,486.0,0.00045684
VIB/BTC,1607533420277,2020-12-09T17:03:40.277Z,buy,9.4e-07,206.0,0.00019364
VIB/BTC,1607533489334,2020-12-09T17:04:49.334Z,sell,9.3e-07,5934.0,0.00551862
VIB/BTC,1607533489791,2020-12-09T17:04:49.791Z,sell,9.3e-07,4014.0,0.00373302
VIB/BTC,1607533490778,2020-12-09T17:04:50.778Z,sell,9.3e-07,1715.0,0.00159495
VIB/BTC,1607534042806,2020-12-09T17:14:02.806Z,sell,9.3e-07,10000.0,0.0093
VIB/BTC,1607534281013,2020-12-09T17:18:01.013Z,sell,9.3e-07,1894.0,0.00176142
VIB/BTC,1607534311983,2020-12-09T17:18:31.983Z,sell,9.3e-07,314.0,0.00029202
VIB/BTC,1607534459259,2020-12-09T17:20:59.259Z,sell,9.3e-07,395.0,0.00036735
VIB/BTC,1607534542638,2020-12-09T17:22:22.638Z,sell,9.3e-07,2033.0,0.00189069
VIB/BTC,1607534552232,2020-12-09T17:22:32.232Z,sell,9.3e-07,206.0,0.00019158
VIB/BTC,1607534588061,2020-12-09T17:23:08.061Z,sell,9.3e-07,118618.0,0.11031474
VIB/BTC,1607534606141,2020-12-09T17:23:26.141Z,buy,9.3e-07,1063.0,0.00098859
VIB/BTC,1607534609266,2020-12-09T17:23:29.266Z,buy,9.3e-07,4658.0,0.00433194
VIB/BTC,1607534622693,2020-12-09T17:23:42.693Z,buy,9.3e-07,1063.0,0.00098859
VIB/BTC,1607534993770,2020-12-09T17:29:53.770Z,sell,9.2e-07,1126.0,0.00103592
VIB/BTC,1607535237676,2020-12-09T17:33:57.676Z,sell,9.2e-07,1609.0,0.00148028
VIB/BTC,1607535861779,2020-12-09T17:44:21.779Z,sell,9.2e-07,42557.0,0.03915244
VIB/BTC,1607535862558,2020-12-09T17:44:22.558Z,sell,9.2e-07,1181.0,0.0010865199999999
VIB/BTC,1607535903302,2020-12-09T17:45:03.302Z,buy,9.3e-07,35000.0,0.03255
VIB/BTC,1607535940735,2020-12-09T17:45:40.735Z,buy,9.3e-07,216.0,0.00020088
VIB/BTC,1607536174319,2020-12-09T17:49:34.319Z,sell,9.2e-07,10000.0,0.0092
VIB/BTC,1607536475188,2020-12-09T17:54:35.188Z,sell,9.2e-07,700.0,0.0006439999999999
VIB/BTC,1607536537724,2020-12-09T17:55:37.724Z,buy,9.3e-07,3044.0,0.00283092
VIB/BTC,1607536569979,2020-12-09T17:56:09.979Z,sell,9.2e-07,324.0,0.00029808
VIB/BTC,1607536569979,2020-12-09T17:56:09.979Z,sell,9.2e-07,324.0,0.00029808
VIB/BTC,1607537192626,2020-12-09T18:06:32.626Z,buy,9.3e-07,195.0,0.00018135
VIB/BTC,1607537577063,2020-12-09T18:12:57.063Z,sell,9.2e-07,10318.0,0.00949256
VIB/BTC,1607537866966,2020-12-09T18:17:46.966Z,buy,9.3e-07,430.0,0.0003999
VIB/BTC,1607538422006,2020-12-09T18:27:02.006Z,buy,9.3e-07,3270.0,0.0030411
VIB/BTC,1607538676271,2020-12-09T18:31:16.271Z,buy,9.3e-07,9984.0,0.00928512
VIB/BTC,1607538710707,2020-12-09T18:31:50.707Z,sell,9.3e-07,16.0,1.488e-05
VIB/BTC,1607538732201,2020-12-09T18:32:12.201Z,buy,9.3e-07,4332.0,0.00402876
VIB/BTC,1607538738894,2020-12-09T18:32:18.894Z,sell,9.3e-07,523.0,0.00048639
VIB/BTC,1607538958014,2020-12-09T18:35:58.014Z,sell,9.3e-07,118.0,0.00010974
VIB/BTC,1607539634269,2020-12-09T18:47:14.269Z,sell,9.3e-07,27.0,2.511e-05
VIB/BTC,1607539634269,2020-12-09T18:47:14.269Z,sell,9.2e-07,2115.0,0.0019458
VIB/BTC,1607539718975,2020-12-09T18:48:38.975Z,buy,9.3e-07,1284.0,0.00119412
VIB/BTC,1607539900739,2020-12-09T18:51:40.739Z,sell,9.3e-07,349.0,0.00032457
VIB/BTC,1607539900739,2020-12-09T18:51:40.739Z,sell,9.3e-07,349.0,0.00032457
VIB/BTC,1607540350106,2020-12-09T18:59:10.106Z,sell,9.3e-07,5876.0,0.0054646799999999
VIB/BTC,1607540631064,2020-12-09T19:03:51.064Z,buy,9.3e-07,10286.0,0.00956598
VIB/BTC,1607540845019,2020-12-09T19:07:25.019Z,sell,9.2e-07,2011.0,0.00185012
VIB/BTC,1607541016539,2020-12-09T19:10:16.539Z,buy,9.3e-07,4961.0,0.00461373
VIB/BTC,1607541061512,2020-12-09T19:11:01.512Z,buy,9.3e-07,34539.0,0.03212127
VIB/BTC,1607541667724,2020-12-09T19:21:07.724Z,buy,9.4e-07,583.0,0.00054802
VIB/BTC,1607541968800,2020-12-09T19:26:08.800Z,sell,9.3e-07,461.0,0.00042873
VIB/BTC,1607542428259,2020-12-09T19:33:48.259Z,sell,9.2e-07,2220.0,0.0020423999999999
VIB/BTC,1607542703110,2020-12-09T19:38:23.110Z,buy,9.3e-07,293.0,0.00027249
VIB/BTC,1607543084958,2020-12-09T19:44:44.958Z,buy,9.3e-07,2873.0,0.00267189
VIB/BTC,1607543150533,2020-12-09T19:45:50.533Z,buy,9.3e-07,1488.0,0.00138384
VIB/BTC,1607543152953,2020-12-09T19:45:52.953Z,buy,9.4e-07,345.0,0.0003243
VIB/BTC,1607543217819,2020-12-09T19:46:57.819Z,buy,9.3e-07,3485.0,0.00324105
VIB/BTC,1607543252927,2020-12-09T19:47:32.927Z,buy,9.3e-07,3495.0,0.00325035
VIB/BTC,1607543252927,2020-12-09T19:47:32.927Z,buy,9.3e-07,3495.0,0.00325035
VIB/BTC,1607543990027,2020-12-09T19:59:50.027Z,buy,9.4e-07,5000.0,0.0047
VIB/BTC,1607544021061,2020-12-09T20:00:21.061Z,buy,9.4e-07,90073.0,0.08466862
VIB/BTC,1607544023830,2020-12-09T20:00:23.830Z,buy,9.5e-07,127.0,0.00012065
VIB/BTC,1607544026757,2020-12-09T20:00:26.757Z,sell,9.4e-07,1414.0,0.00132916
VIB/BTC,1607544029244,2020-12-09T20:00:29.244Z,sell,9.4e-07,905.0,0.0008507
VIB/BTC,1607544144203,2020-12-09T20:02:24.203Z,buy,9.5e-07,2914.0,0.0027683
VIB/BTC,1607544268572,2020-12-09T20:04:28.572Z,sell,9.4e-07,659.0,0.00061946
VIB/BTC,1607544292982,2020-12-09T20:04:52.982Z,sell,9.4e-07,5550.0,0.005217
VIB/BTC,1607544292986,2020-12-09T20:04:52.986Z,sell,9.4e-07,2220.0,0.0020868
VIB/BTC,1607544293000,2020-12-09T20:04:53.000Z,sell,9.4e-07,2754.0,0.00258876
VIB/BTC,1607544293000,2020-12-09T20:04:53.000Z,sell,9.3e-07,7235.0,0.00672855
VIB/BTC,1607544293004,2020-12-09T20:04:53.004Z,sell,9.3e-07,2220.0,0.0020645999999999
VIB/BTC,1607544715464,2020-12-09T20:11:55.464Z,sell,9.3e-07,1400.0,0.001302
VIB/BTC,1607544716503,2020-12-09T20:11:56.503Z,sell,9.3e-07,1075.0,0.00099975
VIB/BTC,1607544743826,2020-12-09T20:12:23.826Z,buy,9.4e-07,1052.0,0.00098888
VIB/BTC,1607544745644,2020-12-09T20:12:25.644Z,buy,9.4e-07,1052.0,0.00098888
VIB/BTC,1607544747490,2020-12-09T20:12:27.490Z,buy,9.4e-07,1052.0,0.00098888
VIB/BTC,1607544749222,2020-12-09T20:12:29.222Z,buy,9.4e-07,1052.0,0.00098888
VIB/BTC,1607544750970,2020-12-09T20:12:30.970Z,buy,9.4e-07,1052.0,0.00098888
VIB/BTC,1607544752962,2020-12-09T20:12:32.962Z,buy,9.4e-07,1052.0,0.00098888
VIB/BTC,1607545007901,2020-12-09T20:16:47.901Z,sell,9.3e-07,4280.0,0.0039804
VIB/BTC,1607545448918,2020-12-09T20:24:08.918Z,buy,9.4e-07,338.0,0.00031772
VIB/BTC,1607545455443,2020-12-09T20:24:15.443Z,buy,9.4e-07,340.0,0.0003196
VIB/BTC,1607545774237,2020-12-09T20:29:34.237Z,buy,9.4e-07,6502.0,0.00611188
VIB/BTC,1607545775552,2020-12-09T20:29:35.552Z,sell,9.3e-07,1075.0,0.00099975
VIB/BTC,1607546065453,2020-12-09T20:34:25.453Z,buy,9.4e-07,61628.0,0.05793032
VIB/BTC,1607546067138,2020-12-09T20:34:27.138Z,buy,9.5e-07,1041.0,0.00098895
VIB/BTC,1607546068882,2020-12-09T20:34:28.882Z,buy,9.5e-07,1041.0,0.00098895
VIB/BTC,1607546070691,2020-12-09T20:34:30.691Z,buy,9.5e-07,1041.0,0.00098895
VIB/BTC,1607546072592,2020-12-09T20:34:32.592Z,buy,9.5e-07,1041.0,0.00098895
VIB/BTC,1607546074493,2020-12-09T20:34:34.493Z,buy,9.5e-07,1041.0,0.00098895
VIB/BTC,1607546076223,2020-12-09T20:34:36.223Z,buy,9.5e-07,1041.0,0.00098895
VIB/BTC,1607546134298,2020-12-09T20:35:34.298Z,buy,9.5e-07,6278.0,0.0059641
VIB/BTC,1607546219381,2020-12-09T20:36:59.381Z,buy,9.5e-07,3501.0,0.00332595
VIB/BTC,1607546315982,2020-12-09T20:38:35.982Z,sell,9.4e-07,47490.0,0.0446406
VIB/BTC,1607546321881,2020-12-09T20:38:41.881Z,buy,9.5e-07,488.0,0.0004636
VIB/BTC,1607546338286,2020-12-09T20:38:58.286Z,buy,9.5e-07,1021.0,0.00096995
VIB/BTC,1607546465517,2020-12-09T20:41:05.517Z,sell,9.4e-07,1021.0,0.00095974
VIB/BTC,1607546498179,2020-12-09T20:41:38.179Z,sell,9.4e-07,293926.0,0.27629044
VIB/BTC,1607546513912,2020-12-09T20:41:53.912Z,sell,9.4e-07,500000.0,0.47
VIB/BTC,1607546520586,2020-12-09T20:42:00.586Z,buy,9.5e-07,2632.0,0.0025004
VIB/BTC,1607546524020,2020-12-09T20:42:04.020Z,sell,9.4e-07,7311.0,0.00687234
VIB/BTC,1607546528974,2020-12-09T20:42:08.974Z,buy,9.5e-07,593551.0,0.56387345
VIB/BTC,1607546530087,2020-12-09T20:42:10.087Z,buy,9.6e-07,1030.0,0.0009888
VIB/BTC,1607546534331,2020-12-09T20:42:14.331Z,sell,9.5e-07,735.0,0.00069825
VIB/BTC,1607546547012,2020-12-09T20:42:27.012Z,sell,9.4e-07,3501.0,0.00329094
VIB/BTC,1607546550238,2020-12-09T20:42:30.238Z,sell,9.4e-07,1075.0,0.0010105
VIB/BTC,1607546583808,2020-12-09T20:43:03.808Z,buy,9.5e-07,489.0,0.00046455
VIB/BTC,1607546589640,2020-12-09T20:43:09.640Z,sell,9.4e-07,215.0,0.0002021
VIB/BTC,1607546654291,2020-12-09T20:44:14.291Z,buy,9.5e-07,474013.0,0.45031235
VIB/BTC,1607546655913,2020-12-09T20:44:15.913Z,buy,9.6e-07,1554.0,0.00149184
VIB/BTC,1607546657096,2020-12-09T20:44:17.096Z,buy,9.6e-07,1030.0,0.0009888
VIB/BTC,1607546682995,2020-12-09T20:44:42.995Z,sell,9.5e-07,2366.0,0.0022477
VIB/BTC,1607546692422,2020-12-09T20:44:52.422Z,buy,9.6e-07,489.0,0.0004694399999999
VIB/BTC,1607546699839,2020-12-09T20:44:59.839Z,buy,9.5e-07,1000.0,0.00095
VIB/BTC,1607546699857,2020-12-09T20:44:59.857Z,sell,9.5e-07,2152.0,0.0020444
VIB/BTC,1607546702193,2020-12-09T20:45:02.193Z,sell,9.5e-07,1000.0,0.00095
VIB/BTC,1607546702193,2020-12-09T20:45:02.193Z,sell,9.4e-07,63.0,5.922e-05
VIB/BTC,1607546706041,2020-12-09T20:45:06.041Z,buy,9.6e-07,488.0,0.0004684799999999
VIB/BTC,1607546715627,2020-12-09T20:45:15.627Z,sell,9.5e-07,1055.0,0.00100225
VIB/BTC,1607546719027,2020-12-09T20:45:19.027Z,buy,9.6e-07,1030.0,0.0009888
VIB/BTC,1607546720941,2020-12-09T20:45:20.941Z,buy,9.6e-07,1030.0,0.0009888
VIB/BTC,1607546736986,2020-12-09T20:45:36.986Z,sell,9.5e-07,157.0,0.00014915
VIB/BTC,1607546745681,2020-12-09T20:45:45.681Z,sell,9.5e-07,1000.0,0.00095
VIB/BTC,1607546749661,2020-12-09T20:45:49.661Z,buy,9.6e-07,488.0,0.0004684799999999
VIB/BTC,1607546779821,2020-12-09T20:46:19.821Z,sell,9.5e-07,1999.0,0.00189905
VIB/BTC,1607546822452,2020-12-09T20:47:02.452Z,sell,9.5e-07,19888.0,0.0188936
VIB/BTC,1607546822452,2020-12-09T20:47:02.452Z,sell,9.5e-07,19888.0,0.0188936
VIB/BTC,1607546866269,2020-12-09T20:47:46.269Z,buy,9.6e-07,296271.0,0.28442016
VIB/BTC,1607546866282,2020-12-09T20:47:46.282Z,sell,9.6e-07,877.0,0.0008419199999999
VIB/BTC,1607546866288,2020-12-09T20:47:46.288Z,sell,9.6e-07,706.0,0.0006777599999999
VIB/BTC,1607546868578,2020-12-09T20:47:48.578Z,buy,9.7e-07,124.0,0.00012028
VIB/BTC,1607546874124,2020-12-09T20:47:54.124Z,sell,9.6e-07,4170.0,0.0040031999999999
VIB/BTC,1607546881113,2020-12-09T20:48:01.113Z,sell,9.6e-07,5213.0,0.0050044799999999
VIB/BTC,1607546882841,2020-12-09T20:48:02.841Z,buy,9.7e-07,526057.0,0.51027529
VIB/BTC,1607546886143,2020-12-09T20:48:06.143Z,buy,9.7e-07,82280.0,0.0798116
VIB/BTC,1607546887032,2020-12-09T20:48:07.032Z,buy,9.7e-07,13264.0,0.01286608
VIB/BTC,1607546888101,2020-12-09T20:48:08.101Z,sell,9.7e-07,4544.0,0.00440768
VIB/BTC,1607546892897,2020-12-09T20:48:12.897Z,sell,9.7e-07,4211.0,0.00408467
VIB/BTC,1607546895111,2020-12-09T20:48:15.111Z,sell,9.6e-07,4660.0,0.0044735999999999
VIB/BTC,1607546896482,2020-12-09T20:48:16.482Z,buy,9.7e-07,488580.0,0.4739226
VIB/BTC,1607546901900,2020-12-09T20:48:21.900Z,sell,9.7e-07,5394.0,0.00523218
VIB/BTC,1607546902096,2020-12-09T20:48:22.096Z,sell,9.7e-07,3289.0,0.00319033
VIB/BTC,1607546905093,2020-12-09T20:48:25.093Z,buy,9.7e-07,296869.0,0.28796293
VIB/BTC,1607546908732,2020-12-09T20:48:28.732Z,buy,9.7e-07,11080.0,0.0107476
VIB/BTC,1607546908732,2020-12-09T20:48:28.732Z,buy,9.8e-07,147514.0,0.1445637199999999
VIB/BTC,1607546909145,2020-12-09T20:48:29.145Z,sell,9.7e-07,2803.0,0.00271891
VIB/BTC,1607546909145,2020-12-09T20:48:29.145Z,sell,9.6e-07,2898.0,0.0027820799999999
VIB/BTC,1607546911020,2020-12-09T20:48:31.020Z,buy,9.7e-07,124.0,0.00012028
VIB/BTC,1607546912451,2020-12-09T20:48:32.451Z,buy,9.7e-07,285469.0,0.27690493
VIB/BTC,1607546918192,2020-12-09T20:48:38.192Z,buy,9.7e-07,2718.0,0.00263646
VIB/BTC,1607546918192,2020-12-09T20:48:38.192Z,buy,9.8e-07,37759.0,0.03700382
VIB/BTC,1607546918192,2020-12-09T20:48:38.192Z,buy,9.9e-07,23568.0,0.02333232
VIB/BTC,1607546918192,2020-12-09T20:48:38.192Z,buy,1e-06,269381.0,0.269381
VIB/BTC,1607546919276,2020-12-09T20:48:39.276Z,sell,9.9e-07,129.0,0.00012771
VIB/BTC,1607546919279,2020-12-09T20:48:39.279Z,sell,9.9e-07,350.0,0.0003465
VIB/BTC,1607546919283,2020-12-09T20:48:39.283Z,sell,9.9e-07,568.0,0.00056232
VIB/BTC,1607546920073,2020-12-09T20:48:40.073Z,sell,9.9e-07,243.0,0.00024057
VIB/BTC,1607546920073,2020-12-09T20:48:40.073Z,sell,9.8e-07,787.0,0.00077126
VIB/BTC,1607546920212,2020-12-09T20:48:40.212Z,sell,9.8e-07,515.0,0.0005047
VIB/BTC,1607546922009,2020-12-09T20:48:42.009Z,buy,9.8e-07,123.0,0.00012054
VIB/BTC,1607546925150,2020-12-09T20:48:45.150Z,buy,9.8e-07,382.0,0.0003743599999999
VIB/BTC,1607546925150,2020-12-09T20:48:45.150Z,buy,9.9e-07,618.0,0.00061182
VIB/BTC,1607546926563,2020-12-09T20:48:46.563Z,sell,9.8e-07,1361.0,0.00133378
VIB/BTC,1607546926612,2020-12-09T20:48:46.612Z,sell,9.8e-07,980.0,0.0009603999999999
VIB/BTC,1607546929042,2020-12-09T20:48:49.042Z,sell,9.8e-07,7684.0,0.0075303199999999
VIB/BTC,1607546929304,2020-12-09T20:48:49.304Z,buy,9.9e-07,807.0,0.00079893
VIB/BTC,1607546931545,2020-12-09T20:48:51.545Z,buy,1e-06,120.0,0.0001199999999999
VIB/BTC,1607546933512,2020-12-09T20:48:53.512Z,sell,9.9e-07,396.0,0.00039204
VIB/BTC,1607546936421,2020-12-09T20:48:56.421Z,buy,9.9e-07,3131.0,0.00309969
VIB/BTC,1607546938301,2020-12-09T20:48:58.301Z,buy,9.9e-07,498353.0,0.49336947
VIB/BTC,1607546943982,2020-12-09T20:49:03.982Z,buy,9.9e-07,19875.0,0.01967625
VIB/BTC,1607546943982,2020-12-09T20:49:03.982Z,buy,1e-06,19892.0,0.019892
VIB/BTC,1607546945664,2020-12-09T20:49:05.664Z,sell,9.9e-07,898.0,0.00088902
VIB/BTC,1607546946110,2020-12-09T20:49:06.110Z,sell,9.9e-07,394.0,0.00039006
VIB/BTC,1607546953911,2020-12-09T20:49:13.911Z,buy,9.9e-07,245896.0,0.24343704
VIB/BTC,1607546958918,2020-12-09T20:49:18.918Z,buy,9.9e-07,6987.0,0.00691713
VIB/BTC,1607546959781,2020-12-09T20:49:19.781Z,sell,9.9e-07,12046.0,0.01192554
VIB/BTC,1607546960010,2020-12-09T20:49:20.010Z,buy,9.9e-07,194968.0,0.19301832
VIB/BTC,1607546962712,2020-12-09T20:49:22.712Z,buy,1e-06,990.0,0.00099
VIB/BTC,1607546964092,2020-12-09T20:49:24.092Z,buy,1e-06,1302.0,0.001302
VIB/BTC,1607546965375,2020-12-09T20:49:25.375Z,sell,1e-06,80676.0,0.080676
VIB/BTC,1607546965375,2020-12-09T20:49:25.375Z,sell,9.9e-07,75768.0,0.07501032
VIB/BTC,1607546965462,2020-12-09T20:49:25.462Z,buy,1.01e-06,980.0,0.0009898
VIB/BTC,1607546968385,2020-12-09T20:49:28.385Z,sell,9.9e-07,1767.0,0.00174933
VIB/BTC,1607546971855,2020-12-09T20:49:31.855Z,buy,1e-06,2294.0,0.002294
VIB/BTC,1607546971855,2020-12-09T20:49:31.855Z,buy,1.01e-06,53319.0,0.05385219
VIB/BTC,1607546976854,2020-12-09T20:49:36.854Z,sell,1.01e-06,9758.0,0.00985558
VIB/BTC,1607546976862,2020-12-09T20:49:36.862Z,sell,1.01e-06,10055.0,0.01015555
VIB/BTC,1607546976863,2020-12-09T20:49:36.863Z,sell,1.01e-06,1675.0,0.00169175
VIB/BTC,1607546976944,2020-12-09T20:49:36.944Z,buy,1.02e-06,5372.0,0.0054794399999999
VIB/BTC,1607546977072,2020-12-09T20:49:37.072Z,sell,1.01e-06,588.0,0.00059388
VIB/BTC,1607546977153,2020-12-09T20:49:37.153Z,sell,1.01e-06,1010.0,0.0010201
VIB/BTC,1607546977579,2020-12-09T20:49:37.579Z,sell,1.01e-06,2301.0,0.00232401
VIB/BTC,1607546977614,2020-12-09T20:49:37.614Z,sell,1.01e-06,990.0,0.0009999
VIB/BTC,1607546978405,2020-12-09T20:49:38.405Z,sell,1.01e-06,7078.0,0.00714878
VIB/BTC,1607546978780,2020-12-09T20:49:38.780Z,sell,1e-06,14082.0,0.0140819999999999
VIB/BTC,1607546979422,2020-12-09T20:49:39.422Z,buy,1.01e-06,2283.0,0.00230583
VIB/BTC,1607546979422,2020-12-09T20:49:39.422Z,buy,1.02e-06,841.0,0.00085782
VIB/BTC,1607546981136,2020-12-09T20:49:41.136Z,buy,1.02e-06,118.0,0.0001203599999999
VIB/BTC,1607546981668,2020-12-09T20:49:41.668Z,buy,1.02e-06,7078.0,0.00721956
VIB/BTC,1607546982246,2020-12-09T20:49:42.246Z,sell,1.01e-06,1393.0,0.00140693
VIB/BTC,1607546982258,2020-12-09T20:49:42.258Z,sell,1.01e-06,822.0,0.00083022
VIB/BTC,1607546982351,2020-12-09T20:49:42.351Z,sell,1.01e-06,1233.0,0.00124533
VIB/BTC,1607546982560,2020-12-09T20:49:42.560Z,sell,1.01e-06,1089.0,0.00109989
VIB/BTC,1607546988151,2020-12-09T20:49:48.151Z,sell,1.01e-06,990.0,0.0009999
VIB/BTC,1607546988816,2020-12-09T20:49:48.816Z,sell,1.01e-06,5791.0,0.00584891
VIB/BTC,1607546989194,2020-12-09T20:49:49.194Z,sell,1.01e-06,4070.0,0.0041107
VIB/BTC,1607546989760,2020-12-09T20:49:49.760Z,buy,1.02e-06,4967.0,0.00506634
VIB/BTC,1607546993055,2020-12-09T20:49:53.055Z,buy,1.02e-06,27608.0,0.02816016
VIB/BTC,1607546993055,2020-12-09T20:49:53.055Z,buy,1.03e-06,32664.0,0.03364392
VIB/BTC,1607546993055,2020-12-09T20:49:53.055Z,buy,1.04e-06,57075.0,0.059358
VIB/BTC,1607546993168,2020-12-09T20:49:53.168Z,sell,1.02e-06,10855.0,0.0110721
VIB/BTC,1607546993286,2020-12-09T20:49:53.286Z,sell,1.02e-06,4995.0,0.0050949
VIB/BTC,1607546993488,2020-12-09T20:49:53.488Z,buy,1.04e-06,9909.0,0.01030536
VIB/BTC,1607546993757,2020-12-09T20:49:53.757Z,sell,1.02e-06,1268.0,0.00129336
VIB/BTC,1607546993863,2020-12-09T20:49:53.863Z,sell,1.02e-06,3896.0,0.00397392
VIB/BTC,1607546993863,2020-12-09T20:49:53.863Z,sell,1.01e-06,2587.0,0.00261287
VIB/BTC,1607546994168,2020-12-09T20:49:54.168Z,sell,1.03e-06,1021.0,0.00105163
VIB/BTC,1607546994476,2020-12-09T20:49:54.476Z,buy,1.03e-06,218.0,0.00022454
VIB/BTC,1607546994880,2020-12-09T20:49:54.880Z,buy,1.03e-06,4807.0,0.00495121
VIB/BTC,1607546999168,2020-12-09T20:49:59.168Z,buy,1.03e-06,845.0,0.00087035
VIB/BTC,1607546999419,2020-12-09T20:49:59.419Z,buy,1.03e-06,181.0,0.00018643
VIB/BTC,1607546999419,2020-12-09T20:49:59.419Z,buy,1.04e-06,997.0,0.00103688
VIB/BTC,1607547000786,2020-12-09T20:50:00.786Z,buy,1.04e-06,2356.0,0.00245024
VIB/BTC,1607547001356,2020-12-09T20:50:01.356Z,buy,1.04e-06,2729.0,0.00283816
VIB/BTC,1607547003101,2020-12-09T20:50:03.101Z,buy,1.04e-06,805.0,0.0008372
VIB/BTC,1607547003119,2020-12-09T20:50:03.119Z,buy,1.04e-06,124.0,0.00012896
VIB/BTC,1607547003853,2020-12-09T20:50:03.853Z,buy,1.04e-06,522.0,0.00054288
VIB/BTC,1607547006272,2020-12-09T20:50:06.272Z,buy,1.04e-06,522.0,0.00054288
VIB/BTC,1607547006346,2020-12-09T20:50:06.346Z,buy,1.04e-06,51809.0,0.05388136
VIB/BTC,1607547006675,2020-12-09T20:50:06.675Z,sell,1.03e-06,970.0,0.0009991
VIB/BTC,1607547007626,2020-12-09T20:50:07.626Z,buy,1.04e-06,286.0,0.00029744
VIB/BTC,1607547008489,2020-12-09T20:50:08.489Z,sell,1.03e-06,980.0,0.0010094
VIB/BTC,1607547009615,2020-12-09T20:50:09.615Z,sell,1.03e-06,9918.0,0.01021554
VIB/BTC,1607547010688,2020-12-09T20:50:10.688Z,buy,1.04e-06,30534.0,0.03175536
VIB/BTC,1607547016705,2020-12-09T20:50:16.705Z,sell,1.03e-06,869.0,0.00089507
VIB/BTC,1607547023651,2020-12-09T20:50:23.651Z,sell,1.03e-06,5083.0,0.00523549
VIB/BTC,1607547027205,2020-12-09T20:50:27.205Z,buy,1.04e-06,952.0,0.00099008
VIB/BTC,1607547029065,2020-12-09T20:50:29.065Z,buy,1.04e-06,952.0,0.00099008
VIB/BTC,1607547029933,2020-12-09T20:50:29.933Z,sell,1.03e-06,5000.0,0.00515
VIB/BTC,1607547030887,2020-12-09T20:50:30.887Z,buy,1.04e-06,952.0,0.00099008
VIB/BTC,1607547032674,2020-12-09T20:50:32.674Z,buy,1.04e-06,952.0,0.00099008
VIB/BTC,1607547032920,2020-12-09T20:50:32.920Z,buy,1.04e-06,1446.0,0.00150384
VIB/BTC,1607547034849,2020-12-09T20:50:34.849Z,buy,1.04e-06,4818.0,0.00501072
VIB/BTC,1607547038542,2020-12-09T20:50:38.542Z,sell,1.03e-06,8502.0,0.00875706
VIB/BTC,1607547044367,2020-12-09T20:50:44.367Z,sell,1.02e-06,6224.0,0.00634848
VIB/BTC,1607547044512,2020-12-09T20:50:44.512Z,sell,1.02e-06,1816.0,0.00185232
VIB/BTC,1607547045568,2020-12-09T20:50:45.568Z,buy,1.03e-06,120.0,0.0001236
VIB/BTC,1607547048682,2020-12-09T20:50:48.682Z,sell,1.02e-06,1401.0,0.00142902
VIB/BTC,1607547049875,2020-12-09T20:50:49.875Z,buy,1.03e-06,15803.0,0.01627709
VIB/BTC,1607547049995,2020-12-09T20:50:49.995Z,sell,1.03e-06,437183.0,0.45029849
VIB/BTC,1607547050221,2020-12-09T20:50:50.221Z,sell,1.03e-06,2113.0,0.00217639
VIB/BTC,1607547054063,2020-12-09T20:50:54.063Z,buy,1.04e-06,1267.0,0.00131768
VIB/BTC,1607547054117,2020-12-09T20:50:54.117Z,buy,1.04e-06,5126.0,0.0053310399999999
VIB/BTC,1607547055081,2020-12-09T20:50:55.081Z,buy,1.04e-06,128.0,0.00013312
VIB/BTC,1607547055368,2020-12-09T20:50:55.368Z,buy,1.04e-06,1201.0,0.00124904
VIB/BTC,1607547055683,2020-12-09T20:50:55.683Z,buy,1.04e-06,6350.0,0.006604
VIB/BTC,1607547062929,2020-12-09T20:51:02.929Z,sell,1.03e-06,32914.0,0.03390142
VIB/BTC,1607547063178,2020-12-09T20:51:03.178Z,buy,1.03e-06,376675.0,0.38797525
VIB/BTC,1607547063658,2020-12-09T20:51:03.658Z,sell,1.03e-06,106.0,0.00010918
VIB/BTC,1607547069296,2020-12-09T20:51:09.296Z,buy,1.04e-06,21868.0,0.02274272
VIB/BTC,1607547069296,2020-12-09T20:51:09.296Z,buy,1.05e-06,29654.0,0.0311366999999999
VIB/BTC,1607547069296,2020-12-09T20:51:09.296Z,buy,1.05e-06,1171.0,0.0012295499999999
VIB/BTC,1607547069296,2020-12-09T20:51:09.296Z,buy,1.05e-06,409.0,0.0004294499999999
VIB/BTC,1607547069952,2020-12-09T20:51:09.952Z,sell,1.04e-06,1010.0,0.0010504
VIB/BTC,1607547070215,2020-12-09T20:51:10.215Z,buy,1.04e-06,210.0,0.0002184
VIB/BTC,1607547070341,2020-12-09T20:51:10.341Z,sell,1.03e-06,150.0,0.0001545
VIB/BTC,1607547072398,2020-12-09T20:51:12.398Z,buy,1.04e-06,4357.0,0.00453128
VIB/BTC,1607547076096,2020-12-09T20:51:16.096Z,buy,1.04e-06,9524.0,0.0099049599999999
VIB/BTC,1607547076096,2020-12-09T20:51:16.096Z,buy,1.05e-06,16583.0,0.0174121499999999
VIB/BTC,1607547077099,2020-12-09T20:51:17.099Z,sell,1.03e-06,36133.0,0.03721699
VIB/BTC,1607547077099,2020-12-09T20:51:17.099Z,sell,1.02e-06,197.0,0.0002009399999999
VIB/BTC,1607547077852,2020-12-09T20:51:17.852Z,buy,1.03e-06,190924.0,0.19665172
VIB/BTC,1607547078106,2020-12-09T20:51:18.106Z,buy,1.04e-06,2687.0,0.00279448
VIB/BTC,1607547078106,2020-12-09T20:51:18.106Z,buy,1.05e-06,106292.0,0.1116065999999999
VIB/BTC,1607547080712,2020-12-09T20:51:20.712Z,buy,1.04e-06,952.0,0.00099008
VIB/BTC,1607547084220,2020-12-09T20:51:24.220Z,buy,1.04e-06,1448.0,0.00150592
VIB/BTC,1607547084225,2020-12-09T20:51:24.225Z,sell,1.04e-06,5465.0,0.0056836
VIB/BTC,1607547088085,2020-12-09T20:51:28.085Z,buy,1.04e-06,261.0,0.00027144
VIB/BTC,1607547089551,2020-12-09T20:51:29.551Z,sell,1.04e-06,1180.0,0.0012272
VIB/BTC,1607547091350,2020-12-09T20:51:31.350Z,sell,1.04e-06,961.0,0.00099944
VIB/BTC,1607547092865,2020-12-09T20:51:32.865Z,sell,1.04e-06,961.0,0.00099944
VIB/BTC,1607547094592,2020-12-09T20:51:34.592Z,buy,1.05e-06,943.0,0.00099015
VIB/BTC,1607547095566,2020-12-09T20:51:35.566Z,sell,1.04e-06,6715.0,0.0069836
VIB/BTC,1607547096639,2020-12-09T20:51:36.639Z,sell,1.04e-06,961.0,0.00099944
VIB/BTC,1607547096712,2020-12-09T20:51:36.712Z,buy,1.05e-06,943.0,0.00099015
VIB/BTC,1607547098440,2020-12-09T20:51:38.440Z,buy,1.05e-06,943.0,0.00099015
VIB/BTC,1607547098950,2020-12-09T20:51:38.950Z,sell,1.04e-06,961.0,0.00099944
VIB/BTC,1607547100170,2020-12-09T20:51:40.170Z,buy,1.05e-06,943.0,0.00099015
VIB/BTC,1607547100409,2020-12-09T20:51:40.409Z,sell,1.04e-06,760.0,0.0007904
VIB/BTC,1607547102121,2020-12-09T20:51:42.121Z,buy,1.05e-06,943.0,0.00099015
VIB/BTC,1607547111088,2020-12-09T20:51:51.088Z,buy,1.05e-06,7662.0,0.0080451
VIB/BTC,1607547111834,2020-12-09T20:51:51.834Z,sell,1.04e-06,201.0,0.00020904
VIB/BTC,1607547112171,2020-12-09T20:51:52.171Z,buy,1.04e-06,5639.0,0.0058645599999999
VIB/BTC,1607547112275,2020-12-09T20:51:52.275Z,buy,1.04e-06,6861.0,0.00713544
VIB/BTC,1607547112617,2020-12-09T20:51:52.617Z,buy,1.04e-06,17802.0,0.01851408
VIB/BTC,1607547112617,2020-12-09T20:51:52.617Z,buy,1.05e-06,12198.0,0.0128078999999999
VIB/BTC,1607547113852,2020-12-09T20:51:53.852Z,buy,1.05e-06,11021.0,0.0115720499999999
VIB/BTC,1607547115579,2020-12-09T20:51:55.579Z,buy,1.05e-06,1764.0,0.0018521999999999
VIB/BTC,1607547116463,2020-12-09T20:51:56.463Z,buy,1.05e-06,26268.0,0.0275814
VIB/BTC,1607547118249,2020-12-09T20:51:58.249Z,buy,1.05e-06,8786.0,0.0092252999999999
VIB/BTC,1607547125604,2020-12-09T20:52:05.604Z,buy,1.05e-06,90000.0,0.0944999999999999
VIB/BTC,1607547125984,2020-12-09T20:52:05.984Z,buy,1.05e-06,441.0,0.0004630499999999
VIB/BTC,1607547127437,2020-12-09T20:52:07.437Z,buy,1.04e-06,105.0,0.0001092
VIB/BTC,1607547127437,2020-12-09T20:52:07.437Z,buy,1.05e-06,28717.0,0.03015285
VIB/BTC,1607547130893,2020-12-09T20:52:10.893Z,buy,1.05e-06,29898.0,0.0313928999999999
VIB/BTC,1607547131609,2020-12-09T20:52:11.609Z,buy,1.05e-06,19133.0,0.0200896499999999
VIB/BTC,1607547131627,2020-12-09T20:52:11.627Z,sell,1.05e-06,661.0,0.00069405
VIB/BTC,1607547131634,2020-12-09T20:52:11.634Z,sell,1.05e-06,3664.0,0.0038472
VIB/BTC,1607547134653,2020-12-09T20:52:14.653Z,buy,1.05e-06,46159.0,0.0484669499999999
VIB/BTC,1607547134754,2020-12-09T20:52:14.754Z,sell,1.05e-06,543.0,0.00057015
VIB/BTC,1607547136733,2020-12-09T20:52:16.733Z,sell,1.05e-06,818.0,0.0008588999999999
VIB/BTC,1607547139332,2020-12-09T20:52:19.332Z,sell,1.05e-06,40334.0,0.0423507
VIB/BTC,1607547142025,2020-12-09T20:52:22.025Z,sell,1.05e-06,3152.0,0.0033095999999999
VIB/BTC,1607547147869,2020-12-09T20:52:27.869Z,buy,1.06e-06,647.0,0.00068582
VIB/BTC,1607547147918,2020-12-09T20:52:27.918Z,buy,1.06e-06,86174.0,0.09134444
VIB/BTC,1607547148871,2020-12-09T20:52:28.871Z,sell,1.05e-06,1000.0,0.00105
VIB/BTC,1607547158891,2020-12-09T20:52:38.891Z,buy,1.06e-06,162.0,0.00017172
VIB/BTC,1607547163656,2020-12-09T20:52:43.656Z,sell,1.06e-06,1087.0,0.00115222
VIB/BTC,1607547171447,2020-12-09T20:52:51.447Z,sell,1.06e-06,14846.0,0.01573676
VIB/BTC,1607547171449,2020-12-09T20:52:51.449Z,sell,1.06e-06,3566.0,0.00377996
VIB/BTC,1607547171451,2020-12-09T20:52:51.451Z,sell,1.06e-06,3839.0,0.00406934
VIB/BTC,1607547173441,2020-12-09T20:52:53.441Z,sell,1.06e-06,11718.0,0.01242108
VIB/BTC,1607547177752,2020-12-09T20:52:57.752Z,sell,1.06e-06,11988.0,0.01270728
VIB/BTC,1607547179641,2020-12-09T20:52:59.641Z,sell,1.06e-06,3449.0,0.00365594
VIB/BTC,1607547187535,2020-12-09T20:53:07.535Z,sell,1.06e-06,19485.0,0.0206541
VIB/BTC,1607547187932,2020-12-09T20:53:07.932Z,sell,1.06e-06,104.0,0.00011024
VIB/BTC,1607547192023,2020-12-09T20:53:12.023Z,sell,1.06e-06,6095.0,0.0064607
VIB/BTC,1607547192332,2020-12-09T20:53:12.332Z,sell,1.06e-06,2832.0,0.00300192
VIB/BTC,1607547192432,2020-12-09T20:53:12.432Z,sell,1.06e-06,34834.0,0.03692404
VIB/BTC,1607547194686,2020-12-09T20:53:14.686Z,buy,1.06e-06,39910.0,0.0423046
VIB/BTC,1607547197760,2020-12-09T20:53:17.760Z,buy,1.06e-06,11186.0,0.01185716
VIB/BTC,1607547205867,2020-12-09T20:53:25.867Z,sell,1.05e-06,3530.0,0.0037064999999999
VIB/BTC,1607547210357,2020-12-09T20:53:30.357Z,sell,1.05e-06,5392.0,0.0056615999999999
VIB/BTC,1607547212648,2020-12-09T20:53:32.648Z,sell,1.04e-06,44368.0,0.04614272
VIB/BTC,1607547212664,2020-12-09T20:53:32.664Z,buy,1.04e-06,6473.0,0.00673192
VIB/BTC,1607547212664,2020-12-09T20:53:32.664Z,buy,1.04e-06,6473.0,0.00673192
VIB/BTC,1607547212665,2020-12-09T20:53:32.665Z,buy,1.04e-06,6473.0,0.00673192
VIB/BTC,1607547212665,2020-12-09T20:53:32.665Z,buy,1.04e-06,6473.0,0.00673192
VIB/BTC,1607547212665,2020-12-09T20:53:32.665Z,buy,1.04e-06,6473.0,0.00673192
VIB/BTC,1607547212665,2020-12-09T20:53:32.665Z,buy,1.04e-06,6473.0,0.00673192
VIB/BTC,1607547212665,2020-12-09T20:53:32.665Z,buy,1.04e-06,6473.0,0.00673192
VIB/BTC,1607547212677,2020-12-09T20:53:32.677Z,buy,1.04e-06,1052.0,0.00109408
VIB/BTC,1607547212680,2020-12-09T20:53:32.680Z,buy,1.04e-06,2930.0,0.0030472
VIB/BTC,1607547212684,2020-12-09T20:53:32.684Z,buy,1.04e-06,513.0,0.00053352
VIB/BTC,1607547212686,2020-12-09T20:53:32.686Z,sell,1.03e-06,394.0,0.00040582
VIB/BTC,1607547212699,2020-12-09T20:53:32.699Z,sell,1.03e-06,4493.0,0.00462779
VIB/BTC,1607547212708,2020-12-09T20:53:32.708Z,sell,1.03e-06,2923.0,0.00301069
VIB/BTC,1607547212715,2020-12-09T20:53:32.715Z,sell,1.03e-06,38809.0,0.03997327
VIB/BTC,1607547212877,2020-12-09T20:53:32.877Z,sell,1.03e-06,8785.0,0.00904855
VIB/BTC,1607547212988,2020-12-09T20:53:32.988Z,buy,1.03e-06,968.0,0.00099704
VIB/BTC,1607547214146,2020-12-09T20:53:34.146Z,buy,1.03e-06,1367.0,0.00140801
VIB/BTC,1607547214146,2020-12-09T20:53:34.146Z,buy,1.04e-06,9661.0,0.01004744
VIB/BTC,1607547214845,2020-12-09T20:53:34.845Z,buy,1.04e-06,20727.0,0.02155608
VIB/BTC,1607547216601,2020-12-09T20:53:36.601Z,buy,1.04e-06,189.0,0.00019656
VIB/BTC,1607547220968,2020-12-09T20:53:40.968Z,buy,1.03e-06,121.0,0.00012463
VIB/BTC,1607547223072,2020-12-09T20:53:43.072Z,buy,1.03e-06,19.0,1.957e-05
VIB/BTC,1607547223072,2020-12-09T20:53:43.072Z,buy,1.04e-06,3482.0,0.00362128
VIB/BTC,1607547230963,2020-12-09T20:53:50.963Z,sell,1.02e-06,691.0,0.00070482
VIB/BTC,1607547231411,2020-12-09T20:53:51.411Z,buy,1.03e-06,12247.0,0.01261441
VIB/BTC,1607547232085,2020-12-09T20:53:52.085Z,sell,1.02e-06,665.0,0.0006783
VIB/BTC,1607547243370,2020-12-09T20:54:03.370Z,buy,1.03e-06,1226.0,0.00126278
VIB/BTC,1607547248796,2020-12-09T20:54:08.796Z,sell,1.02e-06,1965.0,0.0020043
VIB/BTC,1607547255712,2020-12-09T20:54:15.712Z,buy,1.03e-06,16086.0,0.01656858
VIB/BTC,1607547257515,2020-12-09T20:54:17.515Z,buy,1.03e-06,5006.0,0.00515618
VIB/BTC,1607547260290,2020-12-09T20:54:20.290Z,sell,1.03e-06,1275.0,0.00131325
VIB/BTC,1607547261015,2020-12-09T20:54:21.015Z,buy,1.04e-06,254.0,0.00026416
VIB/BTC,1607547262942,2020-12-09T20:54:22.942Z,buy,1.04e-06,928.0,0.00096512
VIB/BTC,1607547269256,2020-12-09T20:54:29.256Z,sell,1.03e-06,3632.0,0.00374096
VIB/BTC,1607547278137,2020-12-09T20:54:38.137Z,buy,1.04e-06,14202.0,0.01477008
VIB/BTC,1607547281608,2020-12-09T20:54:41.608Z,sell,1.04e-06,570.0,0.0005928
VIB/BTC,1607547281861,2020-12-09T20:54:41.861Z,buy,1.05e-06,875.0,0.0009187499999999
VIB/BTC,1607547285004,2020-12-09T20:54:45.004Z,buy,1.05e-06,24179.0,0.0253879499999999
VIB/BTC,1607547285004,2020-12-09T20:54:45.004Z,buy,1.06e-06,59019.0,0.06256014
VIB/BTC,1607547285004,2020-12-09T20:54:45.004Z,buy,1.07e-06,72844.0,0.07794308
VIB/BTC,1607547285004,2020-12-09T20:54:45.004Z,buy,1.08e-06,175427.0,0.18946116
VIB/BTC,1607547286377,2020-12-09T20:54:46.377Z,buy,1.07e-06,1010.0,0.0010807
VIB/BTC,1607547286802,2020-12-09T20:54:46.802Z,buy,1.07e-06,210.0,0.0002247
VIB/BTC,1607547287415,2020-12-09T20:54:47.415Z,sell,1.06e-06,1232.0,0.00130592
VIB/BTC,1607547287415,2020-12-09T20:54:47.415Z,sell,1.05e-06,1028.0,0.0010793999999999
VIB/BTC,1607547288244,2020-12-09T20:54:48.244Z,buy,1.06e-06,1014.0,0.00107484
VIB/BTC,1607547288244,2020-12-09T20:54:48.244Z,buy,1.07e-06,40861.0,0.04372127
VIB/BTC,1607547290542,2020-12-09T20:54:50.542Z,buy,1.07e-06,2991.0,0.0032003699999999
VIB/BTC,1607547290554,2020-12-09T20:54:50.554Z,sell,1.07e-06,401.0,0.00042907
VIB/BTC,1607547290557,2020-12-09T20:54:50.557Z,sell,1.07e-06,400.0,0.000428
VIB/BTC,1607547294202,2020-12-09T20:54:54.202Z,sell,1.07e-06,10000.0,0.0107
VIB/BTC,1607547298925,2020-12-09T20:54:58.925Z,sell,1.07e-06,961.0,0.00102827
VIB/BTC,1607547302232,2020-12-09T20:55:02.232Z,sell,1.07e-06,3056.0,0.00326992
VIB/BTC,1607547302232,2020-12-09T20:55:02.232Z,sell,1.06e-06,6685.0,0.0070861
VIB/BTC,1607547302232,2020-12-09T20:55:02.232Z,sell,1.06e-06,820.0,0.0008692
VIB/BTC,1607547302232,2020-12-09T20:55:02.232Z,sell,1.06e-06,272.0,0.00028832
VIB/BTC,1607547303379,2020-12-09T20:55:03.379Z,buy,1.07e-06,1234.0,0.00132038
VIB/BTC,1607547308805,2020-12-09T20:55:08.805Z,sell,1.07e-06,22229.0,0.02378503
VIB/BTC,1607547311326,2020-12-09T20:55:11.326Z,sell,1.06e-06,928.0,0.00098368
VIB/BTC,1607547316592,2020-12-09T20:55:16.592Z,sell,1.06e-06,124.0,0.00013144
VIB/BTC,1607547320924,2020-12-09T20:55:20.924Z,sell,1.06e-06,5000.0,0.0053
VIB/BTC,1607547321823,2020-12-09T20:55:21.823Z,sell,1.06e-06,32825.0,0.0347945
VIB/BTC,1607547330992,2020-12-09T20:55:30.992Z,sell,1.05e-06,5135.0,0.00539175
VIB/BTC,1607547330992,2020-12-09T20:55:30.992Z,sell,1.04e-06,21106.0,0.02195024
VIB/BTC,1607547330992,2020-12-09T20:55:30.992Z,sell,1.04e-06,1905.0,0.0019812
VIB/BTC,1607547331998,2020-12-09T20:55:31.998Z,buy,1.05e-06,28.0,2.94e-05
VIB/BTC,1607547332820,2020-12-09T20:55:32.820Z,sell,1.04e-06,31560.0,0.0328224
VIB/BTC,1607547332820,2020-12-09T20:55:32.820Z,sell,1.03e-06,85224.0,0.08778072
VIB/BTC,1607547332839,2020-12-09T20:55:32.839Z,buy,1.03e-06,15948.0,0.01642644
VIB/BTC,1607547332843,2020-12-09T20:55:32.843Z,buy,1.03e-06,613.0,0.00063139
VIB/BTC,1607547332862,2020-12-09T20:55:32.862Z,buy,1.03e-06,2944.0,0.00303232
VIB/BTC,1607547332903,2020-12-09T20:55:32.903Z,sell,1.02e-06,2223.0,0.00226746
VIB/BTC,1607547333204,2020-12-09T20:55:33.204Z,sell,1.01e-06,5910.0,0.0059691
VIB/BTC,1607547333204,2020-12-09T20:55:33.204Z,sell,1.01e-06,1921.0,0.00194021
VIB/BTC,1607547333204,2020-12-09T20:55:33.204Z,sell,1e-06,2176.0,0.002176
VIB/BTC,1607547333527,2020-12-09T20:55:33.527Z,sell,1.01e-06,1976.0,0.00199576
VIB/BTC,1607547333857,2020-12-09T20:55:33.857Z,sell,1.01e-06,1976.0,0.00199576
VIB/BTC,1607547333971,2020-12-09T20:55:33.971Z,sell,1.01e-06,989.0,0.00099889
VIB/BTC,1607547334054,2020-12-09T20:55:34.054Z,buy,1.01e-06,61.0,6.161e-05
VIB/BTC,1607547334054,2020-12-09T20:55:34.054Z,buy,1.02e-06,1035.0,0.0010557
VIB/BTC,1607547334313,2020-12-09T20:55:34.313Z,sell,1.02e-06,233.0,0.00023766
VIB/BTC,1607547334405,2020-12-09T20:55:34.405Z,sell,1.02e-06,1976.0,0.00201552
VIB/BTC,1607547334809,2020-12-09T20:55:34.809Z,sell,1.02e-06,4180.0,0.0042636
VIB/BTC,1607547334854,2020-12-09T20:55:34.854Z,sell,1.02e-06,245.0,0.0002499
VIB/BTC,1607547336435,2020-12-09T20:55:36.435Z,sell,1.02e-06,118570.0,0.1209413999999999
VIB/BTC,1607547338739,2020-12-09T20:55:38.739Z,buy,1.02e-06,2965.0,0.0030242999999999
VIB/BTC,1607547341050,2020-12-09T20:55:41.050Z,sell,1.02e-06,4961.0,0.00506022
VIB/BTC,1607547341124,2020-12-09T20:55:41.124Z,sell,1.02e-06,1934.0,0.00197268
VIB/BTC,1607547344204,2020-12-09T20:55:44.204Z,sell,1.02e-06,452243.0,0.46128786
VIB/BTC,1607547346173,2020-12-09T20:55:46.173Z,sell,1.02e-06,980.0,0.0009996
VIB/BTC,1607547348080,2020-12-09T20:55:48.080Z,sell,1.02e-06,844.0,0.00086088
VIB/BTC,1607547351985,2020-12-09T20:55:51.985Z,sell,1.02e-06,463.0,0.00047226
VIB/BTC,1607547354905,2020-12-09T20:55:54.905Z,buy,1.02e-06,9987.0,0.01018674
VIB/BTC,1607547356174,2020-12-09T20:55:56.174Z,buy,1.02e-06,5186.0,0.0052897199999999
VIB/BTC,1607547356348,2020-12-09T20:55:56.348Z,sell,1.02e-06,111.0,0.00011322
VIB/BTC,1607547360302,2020-12-09T20:56:00.302Z,sell,1.02e-06,3138.0,0.00320076
VIB/BTC,1607547360812,2020-12-09T20:56:00.812Z,sell,1.02e-06,3488.0,0.00355776
VIB/BTC,1607547368701,2020-12-09T20:56:08.701Z,sell,1.02e-06,314.0,0.00032028
VIB/BTC,1607547368724,2020-12-09T20:56:08.724Z,sell,1.02e-06,314.0,0.00032028
VIB/BTC,1607547368753,2020-12-09T20:56:08.753Z,sell,1.02e-06,314.0,0.00032028
VIB/BTC,1607547368772,2020-12-09T20:56:08.772Z,sell,1.02e-06,314.0,0.00032028
VIB/BTC,1607547368794,2020-12-09T20:56:08.794Z,sell,1.02e-06,314.0,0.00032028
VIB/BTC,1607547376313,2020-12-09T20:56:16.313Z,buy,1.03e-06,585.0,0.00060255
VIB/BTC,1607547383324,2020-12-09T20:56:23.324Z,buy,1.03e-06,119.0,0.00012257
VIB/BTC,1607547393258,2020-12-09T20:56:33.258Z,buy,1.03e-06,640.0,0.0006592
VIB/BTC,1607547401018,2020-12-09T20:56:41.018Z,sell,1.02e-06,1919.0,0.00195738
VIB/BTC,1607547401018,2020-12-09T20:56:41.018Z,sell,1.01e-06,16395.0,0.01655895
VIB/BTC,1607547401066,2020-12-09T20:56:41.066Z,buy,1.02e-06,6206.0,0.00633012
VIB/BTC,1607547401066,2020-12-09T20:56:41.066Z,buy,1.03e-06,2141.0,0.00220523
VIB/BTC,1607547407490,2020-12-09T20:56:47.490Z,buy,1.02e-06,1270.0,0.0012954
VIB/BTC,1607547418130,2020-12-09T20:56:58.130Z,sell,1.02e-06,843.0,0.0008598599999999
VIB/BTC,1607547420501,2020-12-09T20:57:00.501Z,sell,1.02e-06,9913.0,0.01011126
VIB/BTC,1607547422290,2020-12-09T20:57:02.290Z,sell,1.02e-06,16401.0,0.01672902
VIB/BTC,1607547427341,2020-12-09T20:57:07.341Z,sell,1.01e-06,9156.0,0.00924756
VIB/BTC,1607547428017,2020-12-09T20:57:08.017Z,buy,1.02e-06,9169.0,0.00935238
VIB/BTC,1607547437701,2020-12-09T20:57:17.701Z,sell,1.01e-06,869.0,0.00087769
VIB/BTC,1607547440168,2020-12-09T20:57:20.168Z,buy,1.02e-06,111.0,0.00011322
VIB/BTC,1607547441314,2020-12-09T20:57:21.314Z,sell,1.01e-06,4144.0,0.00418544
VIB/BTC,1607547448312,2020-12-09T20:57:28.312Z,sell,1.01e-06,3730.0,0.0037673
VIB/BTC,1607547455337,2020-12-09T20:57:35.337Z,sell,1.01e-06,415.0,0.00041915
VIB/BTC,1607547455337,2020-12-09T20:57:35.337Z,sell,1e-06,21317.0,0.021317
VIB/BTC,1607547460483,2020-12-09T20:57:40.483Z,sell,1e-06,793.0,0.000793
VIB/BTC,1607547463371,2020-12-09T20:57:43.371Z,buy,1.01e-06,210.0,0.0002121
VIB/BTC,1607547468564,2020-12-09T20:57:48.564Z,sell,1e-06,608.0,0.0006079999999999
VIB/BTC,1607547468582,2020-12-09T20:57:48.582Z,sell,1e-06,411.0,0.0004109999999999
VIB/BTC,1607547470256,2020-12-09T20:57:50.256Z,sell,1e-06,1877.0,0.001877
VIB/BTC,1607547470256,2020-12-09T20:57:50.256Z,sell,9.9e-07,322020.0,0.3187998
VIB/BTC,1607547470256,2020-12-09T20:57:50.256Z,sell,9.8e-07,7240.0,0.0070951999999999
VIB/BTC,1607547470256,2020-12-09T20:57:50.256Z,sell,9.8e-07,108870.0,0.1066926
VIB/BTC,1607547477106,2020-12-09T20:57:57.106Z,buy,9.9e-07,1304.0,0.00129096
VIB/BTC,1607547503340,2020-12-09T20:58:23.340Z,sell,9.8e-07,2222.0,0.00217756
VIB/BTC,1607547508752,2020-12-09T20:58:28.752Z,sell,9.8e-07,149450.0,0.1464609999999999
VIB/BTC,1607547509275,2020-12-09T20:58:29.275Z,buy,9.8e-07,1320.0,0.0012936
VIB/BTC,1607547511718,2020-12-09T20:58:31.718Z,buy,9.8e-07,583.0,0.0005713399999999
VIB/BTC,1607547533351,2020-12-09T20:58:53.351Z,buy,9.9e-07,10168.0,0.01006632
VIB/BTC,1607547533375,2020-12-09T20:58:53.375Z,sell,9.9e-07,144.0,0.00014256
VIB/BTC,1607547543069,2020-12-09T20:59:03.069Z,sell,9.9e-07,93871.0,0.09293229
VIB/BTC,1607547543069,2020-12-09T20:59:03.069Z,sell,9.8e-07,34945.0,0.0342460999999999
VIB/BTC,1607547543069,2020-12-09T20:59:03.069Z,sell,9.7e-07,168162.0,0.16311714
VIB/BTC,1607547543069,2020-12-09T20:59:03.069Z,sell,9.6e-07,2611.0,0.0025065599999999
VIB/BTC,1607547543069,2020-12-09T20:59:03.069Z,sell,9.6e-07,499.0,0.0004790399999999
VIB/BTC,1607547543119,2020-12-09T20:59:03.119Z,buy,9.7e-07,611.0,0.00059267
VIB/BTC,1607547543147,2020-12-09T20:59:03.147Z,buy,9.7e-07,611.0,0.00059267
VIB/BTC,1607547543155,2020-12-09T20:59:03.155Z,buy,9.7e-07,156214.0,0.15152758
VIB/BTC,1607547543233,2020-12-09T20:59:03.233Z,sell,9.6e-07,61856.0,0.0593817599999999
VIB/BTC,1607547543384,2020-12-09T20:59:03.384Z,buy,9.8e-07,3490.0,0.0034202
VIB/BTC,1607547543445,2020-12-09T20:59:03.445Z,sell,9.7e-07,325.0,0.00031525
VIB/BTC,1607547544452,2020-12-09T20:59:04.452Z,sell,9.7e-07,1048.0,0.00101656
VIB/BTC,1607547544522,2020-12-09T20:59:04.522Z,sell,9.7e-07,248.0,0.00024056
VIB/BTC,1607547544789,2020-12-09T20:59:04.789Z,buy,9.8e-07,8125.0,0.0079624999999999
VIB/BTC,1607547545507,2020-12-09T20:59:05.507Z,sell,9.7e-07,2313.0,0.00224361
VIB/BTC,1607547545865,2020-12-09T20:59:05.865Z,buy,9.8e-07,1122.0,0.0010995599999999
VIB/BTC,1607547546356,2020-12-09T20:59:06.356Z,buy,9.8e-07,150.0,0.000147
VIB/BTC,1607547546356,2020-12-09T20:59:06.356Z,buy,9.9e-07,34785.0,0.03443715
VIB/BTC,1607547552175,2020-12-09T20:59:12.175Z,sell,9.7e-07,1030.0,0.0009991
VIB/BTC,1607547553072,2020-12-09T20:59:13.072Z,buy,9.8e-07,1122.0,0.0010995599999999
VIB/BTC,1607547553670,2020-12-09T20:59:13.670Z,buy,9.8e-07,135.0,0.0001323
VIB/BTC,1607547553677,2020-12-09T20:59:13.677Z,sell,9.8e-07,5266.0,0.00516068
VIB/BTC,1607547560352,2020-12-09T20:59:20.352Z,sell,9.8e-07,900.0,0.000882
VIB/BTC,1607547574865,2020-12-09T20:59:34.865Z,buy,9.9e-07,254.0,0.00025146
VIB/BTC,1607547585377,2020-12-09T20:59:45.377Z,buy,9.9e-07,299.0,0.00029601
VIB/BTC,1607547585567,2020-12-09T20:59:45.567Z,buy,9.9e-07,15165.0,0.01501335
VIB/BTC,1607547591348,2020-12-09T20:59:51.348Z,buy,9.9e-07,63055.0,0.06242445
VIB/BTC,1607547597143,2020-12-09T20:59:57.143Z,buy,9.9e-07,4232.0,0.00418968
VIB/BTC,1607547604633,2020-12-09T21:00:04.633Z,buy,1e-06,587.0,0.000587
VIB/BTC,1607547608751,2020-12-09T21:00:08.751Z,sell,9.9e-07,350.0,0.0003465
VIB/BTC,1607547626938,2020-12-09T21:00:26.938Z,sell,9.9e-07,500.0,0.000495
VIB/BTC,1607547635194,2020-12-09T21:00:35.194Z,buy,1e-06,587.0,0.000587
VIB/BTC,1607547654442,2020-12-09T21:00:54.442Z,buy,1e-06,602.0,0.000602
VIB/BTC,1607547657815,2020-12-09T21:00:57.815Z,sell,9.9e-07,110.0,0.0001089
VIB/BTC,1607547657815,2020-12-09T21:00:57.815Z,sell,9.9e-07,3486.0,0.00345114
VIB/BTC,1607547668336,2020-12-09T21:01:08.336Z,buy,1e-06,8465.0,0.008465
VIB/BTC,1607547687157,2020-12-09T21:01:27.157Z,buy,1e-06,34.0,3.4e-05
VIB/BTC,1607547703312,2020-12-09T21:01:43.312Z,buy,1e-06,18317.0,0.018317
VIB/BTC,1607547705565,2020-12-09T21:01:45.565Z,buy,1e-06,38924.0,0.038924
VIB/BTC,1607547725025,2020-12-09T21:02:05.025Z,sell,1e-06,105.0,0.0001049999999999
VIB/BTC,1607547741430,2020-12-09T21:02:21.430Z,sell,1e-06,198.0,0.000198
VIB/BTC,1607547769560,2020-12-09T21:02:49.560Z,buy,1.01e-06,44942.0,0.04539142
VIB/BTC,1607547770409,2020-12-09T21:02:50.409Z,sell,1e-06,1299.0,0.001299
VIB/BTC,1607547774892,2020-12-09T21:02:54.892Z,buy,1e-06,990.0,0.00099
VIB/BTC,1607547779282,2020-12-09T21:02:59.282Z,sell,9.9e-07,3782.0,0.00374418
VIB/BTC,1607547794366,2020-12-09T21:03:14.366Z,buy,1e-06,875.0,0.0008749999999999
VIB/BTC,1607547806415,2020-12-09T21:03:26.415Z,buy,1e-06,36.0,3.6e-05
VIB/BTC,1607547815815,2020-12-09T21:03:35.815Z,buy,1e-06,199.0,0.0001989999999999
VIB/BTC,1607547819603,2020-12-09T21:03:39.603Z,sell,9.9e-07,7083.0,0.00701217
VIB/BTC,1607547819603,2020-12-09T21:03:39.603Z,sell,9.8e-07,11234.0,0.01100932
VIB/BTC,1607547830517,2020-12-09T21:03:50.517Z,buy,1e-06,587.0,0.000587
VIB/BTC,1607547831236,2020-12-09T21:03:51.236Z,sell,9.8e-07,9056.0,0.00887488
VIB/BTC,1607547840884,2020-12-09T21:04:00.884Z,buy,9.9e-07,2320.0,0.0022968
VIB/BTC,1607547841192,2020-12-09T21:04:01.192Z,sell,9.8e-07,4593.0,0.00450114
VIB/BTC,1607547843521,2020-12-09T21:04:03.521Z,buy,1e-06,2447.0,0.002447
VIB/BTC,1607547845020,2020-12-09T21:04:05.020Z,sell,9.9e-07,1300.0,0.001287
VIB/BTC,1607547845020,2020-12-09T21:04:05.020Z,sell,9.8e-07,17974.0,0.0176145199999999
VIB/BTC,1607547847638,2020-12-09T21:04:07.638Z,sell,9.7e-07,149.0,0.00014453
VIB/BTC,1607547849870,2020-12-09T21:04:09.870Z,buy,9.9e-07,1000.0,0.00099
VIB/BTC,1607547850406,2020-12-09T21:04:10.406Z,buy,9.9e-07,312.0,0.00030888
VIB/BTC,1607547854575,2020-12-09T21:04:14.575Z,buy,1e-06,587.0,0.000587
VIB/BTC,1607547879477,2020-12-09T21:04:39.477Z,buy,1e-06,625.0,0.000625
VIB/BTC,1607547879477,2020-12-09T21:04:39.477Z,buy,1e-06,1094.0,0.001094
VIB/BTC,1607547931431,2020-12-09T21:05:31.431Z,sell,9.9e-07,1000.0,0.00099
VIB/BTC,1607547931431,2020-12-09T21:05:31.431Z,sell,9.8e-07,20.0,1.96e-05
VIB/BTC,1607547934976,2020-12-09T21:05:34.976Z,buy,1e-06,234.0,0.000234
VIB/BTC,1607547944232,2020-12-09T21:05:44.232Z,buy,1e-06,990.0,0.00099
VIB/BTC,1607547986730,2020-12-09T21:06:26.730Z,sell,9.9e-07,249.0,0.00024651
VIB/BTC,1607547986730,2020-12-09T21:06:26.730Z,sell,9.8e-07,2871.0,0.00281358
VIB/BTC,1607547989448,2020-12-09T21:06:29.448Z,buy,9.9e-07,1314.0,0.00130086
VIB/BTC,1607547992666,2020-12-09T21:06:32.666Z,buy,1e-06,2542.0,0.002542
VIB/BTC,1607548001196,2020-12-09T21:06:41.196Z,sell,9.9e-07,1010.0,0.0009999
VIB/BTC,1607548017383,2020-12-09T21:06:57.383Z,buy,1e-06,875.0,0.0008749999999999
VIB/BTC,1607548060387,2020-12-09T21:07:40.387Z,buy,1e-06,2172.0,0.002172
VIB/BTC,1607548112408,2020-12-09T21:08:32.408Z,buy,1e-06,9128.0,0.0091279999999999
VIB/BTC,1607548142531,2020-12-09T21:09:02.531Z,sell,9.9e-07,2053.0,0.00203247
VIB/BTC,1607548142539,2020-12-09T21:09:02.539Z,buy,9.9e-07,38.0,3.762e-05
VIB/BTC,1607548146606,2020-12-09T21:09:06.606Z,buy,9.9e-07,687.0,0.00068013
VIB/BTC,1607548149405,2020-12-09T21:09:09.405Z,buy,9.9e-07,282.0,0.00027918
VIB/BTC,1607548163611,2020-12-09T21:09:23.611Z,sell,9.8e-07,4777.0,0.0046814599999999
VIB/BTC,1607548172413,2020-12-09T21:09:32.413Z,sell,9.8e-07,1348.0,0.0013210399999999
VIB/BTC,1607548175524,2020-12-09T21:09:35.524Z,buy,9.9e-07,105.0,0.00010395
VIB/BTC,1607548186754,2020-12-09T21:09:46.754Z,buy,9.9e-07,17108.0,0.01693692
VIB/BTC,1607548188989,2020-12-09T21:09:48.989Z,buy,9.9e-07,19601.0,0.01940499
VIB/BTC,1607548189817,2020-12-09T21:09:49.817Z,buy,9.9e-07,44417.0,0.04397283
VIB/BTC,1607548217239,2020-12-09T21:10:17.239Z,sell,9.9e-07,585.0,0.00057915
VIB/BTC,1607548218966,2020-12-09T21:10:18.966Z,sell,9.9e-07,2112.0,0.00209088
VIB/BTC,1607548218973,2020-12-09T21:10:18.973Z,buy,9.9e-07,16736.0,0.01656864
VIB/BTC,1607548219012,2020-12-09T21:10:19.012Z,sell,9.8e-07,11488.0,0.01125824
VIB/BTC,1607548219041,2020-12-09T21:10:19.041Z,sell,9.8e-07,4545.0,0.0044541
VIB/BTC,1607548231938,2020-12-09T21:10:31.938Z,buy,9.9e-07,4331.0,0.00428769
VIB/BTC,1607548234547,2020-12-09T21:10:34.547Z,buy,9.9e-07,1010.0,0.0009999
VIB/BTC,1607548237620,2020-12-09T21:10:37.620Z,buy,1e-06,587.0,0.000587
VIB/BTC,1607548293246,2020-12-09T21:11:33.246Z,sell,9.9e-07,10000.0,0.0099
VIB/BTC,1607548293683,2020-12-09T21:11:33.683Z,buy,9.9e-07,237758.0,0.23538042
VIB/BTC,1607548299748,2020-12-09T21:11:39.748Z,buy,9.9e-07,254.0,0.00025146
VIB/BTC,1607548305786,2020-12-09T21:11:45.786Z,buy,9.9e-07,169780.0,0.1680822
VIB/BTC,1607548311966,2020-12-09T21:11:51.966Z,buy,9.9e-07,234430.0,0.2320857
VIB/BTC,1607548316656,2020-12-09T21:11:56.656Z,sell,9.8e-07,62591.0,0.0613391799999999
VIB/BTC,1607548316732,2020-12-09T21:11:56.732Z,buy,9.8e-07,28.0,2.744e-05
VIB/BTC,1607548317401,2020-12-09T21:11:57.401Z,buy,9.8e-07,2394.0,0.0023461199999999
VIB/BTC,1607548323303,2020-12-09T21:12:03.303Z,buy,9.9e-07,5792.0,0.00573408
VIB/BTC,1607548323313,2020-12-09T21:12:03.313Z,sell,9.9e-07,4208.0,0.00416592
VIB/BTC,1607548344550,2020-12-09T21:12:24.550Z,buy,9.9e-07,33.0,3.2670000000000004e-05
VIB/BTC,1607548369670,2020-12-09T21:12:49.670Z,sell,9.8e-07,1000.0,0.00098
VIB/BTC,1607548380993,2020-12-09T21:13:00.993Z,sell,9.8e-07,49268.0,0.0482826399999999
VIB/BTC,1607548380998,2020-12-09T21:13:00.998Z,buy,9.8e-07,16492.0,0.01616216
VIB/BTC,1607548385075,2020-12-09T21:13:05.075Z,buy,9.8e-07,208.0,0.00020384
VIB/BTC,1607548393696,2020-12-09T21:13:13.696Z,buy,9.8e-07,209.0,0.0002048199999999
VIB/BTC,1607548405922,2020-12-09T21:13:25.922Z,buy,9.8e-07,27666.0,0.0271126799999999
VIB/BTC,1607548426010,2020-12-09T21:13:46.010Z,buy,9.9e-07,875.0,0.00086625
VIB/BTC,1607548426289,2020-12-09T21:13:46.289Z,buy,9.9e-07,1000.0,0.00099
VIB/BTC,1607548443333,2020-12-09T21:14:03.333Z,sell,9.8e-07,5000.0,0.0049
VIB/BTC,1607548485750,2020-12-09T21:14:45.750Z,sell,9.8e-07,10000.0,0.0098
VIB/BTC,1607548491877,2020-12-09T21:14:51.877Z,sell,9.8e-07,852.0,0.0008349599999999
VIB/BTC,1607548496463,2020-12-09T21:14:56.463Z,sell,9.7e-07,57191.0,0.05547527
VIB/BTC,1607548496463,2020-12-09T21:14:56.463Z,sell,9.6e-07,1893.0,0.00181728
VIB/BTC,1607548496463,2020-12-09T21:14:56.463Z,sell,9.6e-07,9119.0,0.00875424
VIB/BTC,1607548512162,2020-12-09T21:15:12.162Z,buy,9.8e-07,470.0,0.0004606
VIB/BTC,1607548519123,2020-12-09T21:15:19.123Z,buy,9.8e-07,451.0,0.0004419799999999
VIB/BTC,1607548533814,2020-12-09T21:15:33.814Z,buy,9.8e-07,75567.0,0.07405566
VIB/BTC,1607548541667,2020-12-09T21:15:41.667Z,buy,9.8e-07,424.0,0.0004155199999999
VIB/BTC,1607548552236,2020-12-09T21:15:52.236Z,sell,9.7e-07,38380.0,0.0372286
VIB/BTC,1607548556965,2020-12-09T21:15:56.965Z,buy,9.8e-07,878.0,0.00086044
VIB/BTC,1607548562653,2020-12-09T21:16:02.653Z,sell,9.7e-07,14000.0,0.01358
VIB/BTC,1607548624048,2020-12-09T21:17:04.048Z,sell,9.7e-07,4352.0,0.00422144
VIB/BTC,1607548635922,2020-12-09T21:17:15.922Z,buy,9.8e-07,2000.0,0.00196
VIB/BTC,1607548664366,2020-12-09T21:17:44.366Z,buy,9.8e-07,6523.0,0.0063925399999999
VIB/BTC,1607548692742,2020-12-09T21:18:12.742Z,buy,9.9e-07,3456.0,0.00342144
VIB/BTC,1607548749201,2020-12-09T21:19:09.201Z,buy,9.8e-07,30.0,2.94e-05
VIB/BTC,1607548750439,2020-12-09T21:19:10.439Z,buy,9.8e-07,37.0,3.626e-05
VIB/BTC,1607548777053,2020-12-09T21:19:37.053Z,buy,9.8e-07,9577.0,0.00938546
VIB/BTC,1607548787424,2020-12-09T21:19:47.424Z,buy,9.9e-07,489.0,0.00048411
VIB/BTC,1607548803455,2020-12-09T21:20:03.455Z,buy,9.9e-07,92944.0,0.09201456
VIB/BTC,1607548813747,2020-12-09T21:20:13.747Z,buy,9.9e-07,3039.0,0.00300861
VIB/BTC,1607548867865,2020-12-09T21:21:07.865Z,sell,9.8e-07,95545.0,0.0936341
VIB/BTC,1607548902267,2020-12-09T21:21:42.267Z,buy,9.9e-07,2678.0,0.00265122
VIB/BTC,1607548929187,2020-12-09T21:22:09.187Z,sell,9.8e-07,11703.0,0.0114689399999999
VIB/BTC,1607548932893,2020-12-09T21:22:12.893Z,sell,9.7e-07,47001.0,0.04559097
VIB/BTC,1607548932910,2020-12-09T21:22:12.910Z,buy,9.7e-07,1063.0,0.00103111
VIB/BTC,1607548939495,2020-12-09T21:22:19.495Z,buy,9.7e-07,88507.0,0.08585179
VIB/BTC,1607548946428,2020-12-09T21:22:26.428Z,buy,9.8e-07,29.0,2.842e-05
VIB/BTC,1607549007828,2020-12-09T21:23:27.828Z,sell,9.7e-07,208.0,0.00020176
VIB/BTC,1607549013018,2020-12-09T21:23:33.018Z,sell,9.7e-07,26590.0,0.0257923
VIB/BTC,1607549022284,2020-12-09T21:23:42.284Z,sell,9.7e-07,200.0,0.000194
VIB/BTC,1607549022761,2020-12-09T21:23:42.761Z,sell,9.7e-07,39705.0,0.03851385
VIB/BTC,1607549029540,2020-12-09T21:23:49.540Z,sell,9.6e-07,21471.0,0.0206121599999999
VIB/BTC,1607549032361,2020-12-09T21:23:52.361Z,buy,9.7e-07,1134.0,0.00109998
VIB/BTC,1607549034259,2020-12-09T21:23:54.259Z,buy,9.7e-07,1134.0,0.00109998
VIB/BTC,1607549034877,2020-12-09T21:23:54.877Z,buy,9.7e-07,60.0,5.8200000000000005e-05
VIB/BTC,1607549048236,2020-12-09T21:24:08.236Z,buy,9.8e-07,2643.0,0.00259014
VIB/BTC,1607549110996,2020-12-09T21:25:10.996Z,sell,9.7e-07,330.0,0.0003201
VIB/BTC,1607549118130,2020-12-09T21:25:18.130Z,sell,9.7e-07,3448.0,0.00334456
VIB/BTC,1607549220200,2020-12-09T21:27:00.200Z,buy,9.8e-07,2551.0,0.0024999799999999
VIB/BTC,1607549222477,2020-12-09T21:27:02.477Z,buy,9.8e-07,1522.0,0.0014915599999999
VIB/BTC,1607549222477,2020-12-09T21:27:02.477Z,buy,9.8e-07,1522.0,0.0014915599999999
VIB/BTC,1607549222478,2020-12-09T21:27:02.478Z,buy,9.8e-07,294.0,0.00028812
VIB/BTC,1607549224771,2020-12-09T21:27:04.771Z,buy,9.8e-07,112.0,0.0001097599999999
VIB/BTC,1607549226196,2020-12-09T21:27:06.196Z,buy,9.8e-07,478.0,0.00046844
VIB/BTC,1607549233513,2020-12-09T21:27:13.513Z,buy,9.8e-07,461.0,0.00045178
VIB/BTC,1607549235302,2020-12-09T21:27:15.302Z,buy,9.8e-07,3837.0,0.0037602599999999
VIB/BTC,1607549237747,2020-12-09T21:27:17.747Z,buy,9.8e-07,2055.0,0.0020139
VIB/BTC,1607549241527,2020-12-09T21:27:21.527Z,buy,9.8e-07,1596.0,0.0015640799999999
VIB/BTC,1607549241665,2020-12-09T21:27:21.665Z,buy,9.8e-07,4095.0,0.0040130999999999
VIB/BTC,1607549257620,2020-12-09T21:27:37.620Z,buy,9.8e-07,1343.0,0.00131614
VIB/BTC,1607549269799,2020-12-09T21:27:49.799Z,buy,9.8e-07,1025.0,0.0010045
VIB/BTC,1607549275624,2020-12-09T21:27:55.624Z,buy,9.8e-07,512.0,0.00050176
VIB/BTC,1607549347540,2020-12-09T21:29:07.540Z,buy,9.8e-07,14796.0,0.0145000799999999
VIB/BTC,1607549347548,2020-12-09T21:29:07.548Z,sell,9.8e-07,2085.0,0.0020433
VIB/BTC,1607549382791,2020-12-09T21:29:42.791Z,sell,9.7e-07,523.0,0.00050731
VIB/BTC,1607549410967,2020-12-09T21:30:10.967Z,sell,9.7e-07,385.0,0.00037345
VIB/BTC,1607549485543,2020-12-09T21:31:25.543Z,buy,9.8e-07,2569.0,0.00251762
VIB/BTC,1607549518732,2020-12-09T21:31:58.732Z,sell,9.7e-07,7654.0,0.00742438
VIB/BTC,1607549548533,2020-12-09T21:32:28.533Z,buy,9.8e-07,5.0,4.9e-06
VIB/BTC,1607549548533,2020-12-09T21:32:28.533Z,buy,9.9e-07,195.0,0.00019305
VIB/BTC,1607549593210,2020-12-09T21:33:13.210Z,buy,9.9e-07,203.0,0.00020097
VIB/BTC,1607549621423,2020-12-09T21:33:41.423Z,sell,9.7e-07,1544.0,0.00149768
VIB/BTC,1607549654544,2020-12-09T21:34:14.544Z,buy,9.8e-07,235.0,0.0002303
VIB/BTC,1607549730794,2020-12-09T21:35:30.794Z,sell,9.8e-07,1000.0,0.00098
VIB/BTC,1607549790447,2020-12-09T21:36:30.447Z,sell,9.7e-07,1932.0,0.00187404
VIB/BTC,1607549812661,2020-12-09T21:36:52.661Z,sell,9.7e-07,1224.0,0.00118728
VIB/BTC,1607549921059,2020-12-09T21:38:41.059Z,sell,9.7e-07,14263.0,0.01383511
VIB/BTC,1607549933337,2020-12-09T21:38:53.337Z,sell,9.7e-07,119.0,0.00011543
VIB/BTC,1607549942312,2020-12-09T21:39:02.312Z,sell,9.7e-07,123.0,0.00011931
VIB/BTC,1607550026093,2020-12-09T21:40:26.093Z,sell,9.7e-07,16069.0,0.01558693
VIB/BTC,1607550040919,2020-12-09T21:40:40.919Z,buy,9.8e-07,34.0,3.332e-05
VIB/BTC,1607550040919,2020-12-09T21:40:40.919Z,buy,9.8e-07,2230.0,0.0021853999999999
VIB/BTC,1607550091002,2020-12-09T21:41:31.002Z,buy,9.8e-07,17745.0,0.0173901
VIB/BTC,1607550212188,2020-12-09T21:43:32.188Z,buy,9.8e-07,4305.0,0.0042188999999999
VIB/BTC,1607550212211,2020-12-09T21:43:32.211Z,sell,9.8e-07,31995.0,0.0313551
VIB/BTC,1607550388796,2020-12-09T21:46:28.796Z,buy,9.8e-07,6280.0,0.0061544
VIB/BTC,1607550545650,2020-12-09T21:49:05.650Z,buy,9.8e-07,906.0,0.00088788
VIB/BTC,1607550563190,2020-12-09T21:49:23.190Z,sell,9.7e-07,2697.0,0.00261609
VIB/BTC,1607550572693,2020-12-09T21:49:32.693Z,sell,9.7e-07,334.0,0.00032398
VIB/BTC,1607550581560,2020-12-09T21:49:41.560Z,sell,9.7e-07,10541.0,0.01022477
VIB/BTC,1607550774080,2020-12-09T21:52:54.080Z,buy,9.9e-07,32.0,3.168e-05
VIB/BTC,1607550774294,2020-12-09T21:52:54.294Z,buy,9.9e-07,488.0,0.00048312
VIB/BTC,1607550883389,2020-12-09T21:54:43.389Z,sell,9.8e-07,905.0,0.0008868999999999
VIB/BTC,1607550987117,2020-12-09T21:56:27.117Z,sell,9.8e-07,12717.0,0.0124626599999999
VIB/BTC,1607551354984,2020-12-09T22:02:34.984Z,sell,9.7e-07,21838.0,0.02118286
VIB/BTC,1607551364826,2020-12-09T22:02:44.826Z,sell,9.7e-07,89394.0,0.08671218
VIB/BTC,1607551372412,2020-12-09T22:02:52.412Z,sell,9.7e-07,26882.0,0.02607554
VIB/BTC,1607551372525,2020-12-09T22:02:52.525Z,buy,9.7e-07,4461.0,0.00432717
VIB/BTC,1607551376321,2020-12-09T22:02:56.321Z,buy,9.7e-07,1414.0,0.00137158
VIB/BTC,1607551386354,2020-12-09T22:03:06.354Z,buy,9.8e-07,6907.0,0.00676886
VIB/BTC,1607551526787,2020-12-09T22:05:26.787Z,sell,9.7e-07,1287.0,0.00124839
VIB/BTC,1607551526787,2020-12-09T22:05:26.787Z,sell,9.6e-07,31470.0,0.0302111999999999
VIB/BTC,1607551526787,2020-12-09T22:05:26.787Z,sell,9.6e-07,285.0,0.0002736
VIB/BTC,1607551535116,2020-12-09T22:05:35.116Z,buy,9.7e-07,2330.0,0.0022601
VIB/BTC,1607551574189,2020-12-09T22:06:14.189Z,sell,9.6e-07,2169.0,0.00208224
VIB/BTC,1607551634616,2020-12-09T22:07:14.616Z,sell,9.6e-07,51757.0,0.04968672
VIB/BTC,1607551639234,2020-12-09T22:07:19.234Z,sell,9.6e-07,80000.0,0.0768
VIB/BTC,1607551658518,2020-12-09T22:07:38.518Z,buy,9.7e-07,518.0,0.00050246
VIB/BTC,1607551658997,2020-12-09T22:07:38.997Z,sell,9.6e-07,4710.0,0.0045216
VIB/BTC,1607551663973,2020-12-09T22:07:43.973Z,buy,9.7e-07,307.0,0.00029779
VIB/BTC,1607551682195,2020-12-09T22:08:02.195Z,sell,9.6e-07,3421.0,0.0032841599999999
VIB/BTC,1607551682232,2020-12-09T22:08:02.232Z,buy,9.6e-07,1825.0,0.0017519999999999
VIB/BTC,1607551701546,2020-12-09T22:08:21.546Z,buy,9.7e-07,489.0,0.00047433
VIB/BTC,1607551714906,2020-12-09T22:08:34.906Z,buy,9.7e-07,1254.0,0.00121638
VIB/BTC,1607551715085,2020-12-09T22:08:35.085Z,buy,9.7e-07,1254.0,0.00121638
VIB/BTC,1607551758623,2020-12-09T22:09:18.623Z,sell,9.6e-07,5471.0,0.00525216
VIB/BTC,1607551758778,2020-12-09T22:09:18.778Z,buy,9.6e-07,654.0,0.00062784
VIB/BTC,1607551763305,2020-12-09T22:09:23.305Z,buy,9.6e-07,1458.0,0.00139968
VIB/BTC,1607551763793,2020-12-09T22:09:23.793Z,buy,9.6e-07,1709.0,0.0016406399999999
VIB/BTC,1607551765001,2020-12-09T22:09:25.001Z,buy,9.6e-07,923.0,0.0008860799999999
VIB/BTC,1607551765001,2020-12-09T22:09:25.001Z,buy,9.7e-07,3146.0,0.00305162
VIB/BTC,1607551765090,2020-12-09T22:09:25.090Z,buy,9.7e-07,1822.0,0.00176734
VIB/BTC,1607551766088,2020-12-09T22:09:26.088Z,buy,9.7e-07,4090.0,0.0039673
VIB/BTC,1607551894277,2020-12-09T22:11:34.277Z,buy,9.7e-07,505.0,0.00048985
VIB/BTC,1607552419103,2020-12-09T22:20:19.103Z,buy,9.7e-07,1036.0,0.00100492
VIB/BTC,1607552419103,2020-12-09T22:20:19.103Z,buy,9.7e-07,1036.0,0.00100492
VIB/BTC,1607553206786,2020-12-09T22:33:26.786Z,sell,9.5e-07,3977.0,0.00377815
VIB/BTC,1607553254118,2020-12-09T22:34:14.118Z,buy,9.6e-07,108.0,0.00010368
VIB/BTC,1607553283095,2020-12-09T22:34:43.095Z,buy,9.6e-07,3179.0,0.0030518399999999
VIB/BTC,1607553285325,2020-12-09T22:34:45.325Z,buy,9.6e-07,38.0,3.648e-05
VIB/BTC,1607553286628,2020-12-09T22:34:46.628Z,buy,9.6e-07,15048.0,0.0144460799999999
VIB/BTC,1607553467084,2020-12-09T22:37:47.084Z,buy,9.7e-07,38.0,3.686e-05
VIB/BTC,1607553597950,2020-12-09T22:39:57.950Z,buy,9.7e-07,1711.0,0.00165967
VIB/BTC,1607553599938,2020-12-09T22:39:59.938Z,buy,9.7e-07,1867.0,0.00181099
VIB/BTC,1607553628095,2020-12-09T22:40:28.095Z,buy,9.7e-07,104.0,0.00010088
VIB/BTC,1607553940694,2020-12-09T22:45:40.694Z,buy,9.7e-07,2650.0,0.0025705
VIB/BTC,1607554007636,2020-12-09T22:46:47.636Z,sell,9.6e-07,602.0,0.00057792
VIB/BTC,1607554060406,2020-12-09T22:47:40.406Z,buy,9.7e-07,537.0,0.00052089
VIB/BTC,1607554061290,2020-12-09T22:47:41.290Z,buy,9.7e-07,2575.0,0.00249775
VIB/BTC,1607554132393,2020-12-09T22:48:52.393Z,buy,9.7e-07,1111.0,0.00107767
VIB/BTC,1607554535613,2020-12-09T22:55:35.613Z,sell,9.6e-07,44412.0,0.0426355199999999
VIB/BTC,1607554640491,2020-12-09T22:57:20.491Z,sell,9.6e-07,5104.0,0.00489984
VIB/BTC,1607554783089,2020-12-09T22:59:43.089Z,sell,9.6e-07,4366.0,0.00419136
VIB/BTC,1607554811094,2020-12-09T23:00:11.094Z,sell,9.6e-07,8456.0,0.00811776
VIB/BTC,1607554995631,2020-12-09T23:03:15.631Z,buy,9.7e-07,328.0,0.00031816
VIB/BTC,1607555002420,2020-12-09T23:03:22.420Z,buy,9.7e-07,329.0,0.00031913
VIB/BTC,1607555102024,2020-12-09T23:05:02.024Z,buy,9.7e-07,8791.0,0.00852727
VIB/BTC,1607555248108,2020-12-09T23:07:28.108Z,buy,9.7e-07,2000.0,0.00194
VIB/BTC,1607555255634,2020-12-09T23:07:35.634Z,buy,9.7e-07,541.0,0.00052477
VIB/BTC,1607555260892,2020-12-09T23:07:40.892Z,buy,9.7e-07,2965.0,0.00287605
VIB/BTC,1607555269130,2020-12-09T23:07:49.130Z,buy,9.7e-07,5000.0,0.00485
VIB/BTC,1607555276731,2020-12-09T23:07:56.731Z,buy,9.7e-07,634.0,0.00061498
VIB/BTC,1607555284514,2020-12-09T23:08:04.514Z,buy,9.7e-07,2582.0,0.00250454
VIB/BTC,1607555293358,2020-12-09T23:08:13.358Z,buy,9.7e-07,6523.0,0.00632731
VIB/BTC,1607555300365,2020-12-09T23:08:20.365Z,buy,9.7e-07,3756.0,0.00364332
VIB/BTC,1607555301065,2020-12-09T23:08:21.065Z,sell,9.7e-07,1030.0,0.0009991
VIB/BTC,1607555312428,2020-12-09T23:08:32.428Z,buy,9.8e-07,34.0,3.332e-05
VIB/BTC,1607555345238,2020-12-09T23:09:05.238Z,sell,9.7e-07,4167.0,0.00404199
VIB/BTC,1607555354695,2020-12-09T23:09:14.695Z,buy,9.8e-07,2173.0,0.0021295399999999
VIB/BTC,1607555362661,2020-12-09T23:09:22.661Z,buy,9.8e-07,4907.0,0.00480886
VIB/BTC,1607555362669,2020-12-09T23:09:22.669Z,sell,9.8e-07,1613.0,0.00158074
VIB/BTC,1607555491303,2020-12-09T23:11:31.303Z,buy,9.8e-07,747.0,0.00073206
VIB/BTC,1607555535042,2020-12-09T23:12:15.042Z,buy,9.8e-07,1176.0,0.00115248
VIB/BTC,1607555889694,2020-12-09T23:18:09.694Z,sell,9.7e-07,8782.0,0.00851854
VIB/BTC,1607555889694,2020-12-09T23:18:09.694Z,sell,9.7e-07,8782.0,0.00851854
VIB/BTC,1607556041520,2020-12-09T23:20:41.520Z,sell,9.7e-07,53381.0,0.05177957
VIB/BTC,1607556041621,2020-12-09T23:20:41.621Z,buy,9.7e-07,537.0,0.00052089
VIB/BTC,1607556041819,2020-12-09T23:20:41.819Z,buy,9.7e-07,821.0,0.00079637
VIB/BTC,1607556041891,2020-12-09T23:20:41.891Z,buy,9.7e-07,3031.0,0.00294007
VIB/BTC,1607556086401,2020-12-09T23:21:26.401Z,buy,9.7e-07,209.0,0.00020273
VIB/BTC,1607556508503,2020-12-09T23:28:28.503Z,sell,9.6e-07,203030.0,0.1949088
VIB/BTC,1607556508541,2020-12-09T23:28:28.541Z,sell,9.6e-07,31250.0,0.03
VIB/BTC,1607556561021,2020-12-09T23:29:21.021Z,sell,9.6e-07,105.0,0.0001008
VIB/BTC,1607556565316,2020-12-09T23:29:25.316Z,buy,9.6e-07,3549.0,0.0034070399999999
VIB/BTC,1607556572254,2020-12-09T23:29:32.254Z,buy,9.6e-07,4366.0,0.00419136
VIB/BTC,1607556586304,2020-12-09T23:29:46.304Z,buy,9.6e-07,3695.0,0.0035471999999999
VIB/BTC,1607556591932,2020-12-09T23:29:51.932Z,buy,9.6e-07,106.0,0.0001017599999999
VIB/BTC,1607556593315,2020-12-09T23:29:53.315Z,buy,9.6e-07,3227.0,0.0030979199999999
VIB/BTC,1607556857207,2020-12-09T23:34:17.207Z,buy,9.6e-07,1103.0,0.0010588799999999
VIB/BTC,1607557140620,2020-12-09T23:39:00.620Z,buy,9.7e-07,169.0,0.00016393
VIB/BTC,1607557269778,2020-12-09T23:41:09.778Z,buy,9.6e-07,1202.0,0.00115392
VIB/BTC,1607557346000,2020-12-09T23:42:26.000Z,sell,9.5e-07,547.0,0.00051965
VIB/BTC,1607557385399,2020-12-09T23:43:05.399Z,sell,9.5e-07,548.0,0.0005206
VIB/BTC,1607557390163,2020-12-09T23:43:10.163Z,sell,9.5e-07,548.0,0.0005206
VIB/BTC,1607557601455,2020-12-09T23:46:41.455Z,sell,9.5e-07,4813.0,0.00457235
VIB/BTC,1607557761144,2020-12-09T23:49:21.144Z,buy,9.7e-07,361.0,0.00035017
VIB/BTC,1607557872883,2020-12-09T23:51:12.883Z,buy,9.7e-07,1030.0,0.0009991
VIB/BTC,1607558711933,2020-12-10T00:05:11.933Z,buy,9.7e-07,1945.0,0.00188665
VIB/BTC,1607558890200,2020-12-10T00:08:10.200Z,buy,9.7e-07,37.0,3.5890000000000004e-05
VIB/BTC,1607558890200,2020-12-10T00:08:10.200Z,buy,9.7e-07,37.0,3.5890000000000004e-05
VIB/BTC,1607560313674,2020-12-10T00:31:53.674Z,buy,9.7e-07,1685.0,0.00163445
VIB/BTC,1607560361481,2020-12-10T00:32:41.481Z,buy,9.7e-07,79096.0,0.07672312
VIB/BTC,1607560646610,2020-12-10T00:37:26.610Z,sell,9.6e-07,400.0,0.0003839999999999
VIB/BTC,1607560728232,2020-12-10T00:38:48.232Z,buy,9.7e-07,2921.0,0.00283337
VIB/BTC,1607561418276,2020-12-10T00:50:18.276Z,sell,9.6e-07,26776.0,0.02570496
VIB/BTC,1607561564878,2020-12-10T00:52:44.878Z,sell,9.6e-07,17781.0,0.01706976
VIB/BTC,1607561754034,2020-12-10T00:55:54.034Z,sell,9.6e-07,210.0,0.0002016
VIB/BTC,1607562142432,2020-12-10T01:02:22.432Z,sell,9.6e-07,313.0,0.00030048
VIB/BTC,1607562405337,2020-12-10T01:06:45.337Z,sell,9.6e-07,10892.0,0.01045632
VIB/BTC,1607562417862,2020-12-10T01:06:57.862Z,sell,9.6e-07,7185.0,0.0068975999999999
VIB/BTC,1607562417862,2020-12-10T01:06:57.862Z,sell,9.6e-07,7185.0,0.0068975999999999
VIB/BTC,1607562799779,2020-12-10T01:13:19.779Z,sell,9.6e-07,7841.0,0.0075273599999999
VIB/BTC,1607563414806,2020-12-10T01:23:34.806Z,sell,9.6e-07,2694.0,0.0025862399999999
VIB/BTC,1607563414806,2020-12-10T01:23:34.806Z,sell,9.5e-07,405.0,0.00038475
VIB/BTC,1607563475179,2020-12-10T01:24:35.179Z,sell,9.6e-07,2478.0,0.00237888
VIB/BTC,1607563583493,2020-12-10T01:26:23.493Z,sell,9.6e-07,2438.0,0.00234048
VIB/BTC,1607563583549,2020-12-10T01:26:23.549Z,buy,9.6e-07,1145.0,0.0010991999999999
VIB/BTC,1607563586731,2020-12-10T01:26:26.731Z,buy,9.6e-07,1515.0,0.0014543999999999
VIB/BTC,1607563693929,2020-12-10T01:28:13.929Z,buy,9.6e-07,23620.0,0.0226752
VIB/BTC,1607565497168,2020-12-10T01:58:17.168Z,buy,9.6e-07,39.0,3.744e-05
VIB/BTC,1607565939127,2020-12-10T02:05:39.127Z,buy,9.6e-07,12099.0,0.0116150399999999
VIB/BTC,1607565939127,2020-12-10T02:05:39.127Z,buy,9.6e-07,12099.0,0.0116150399999999
VIB/BTC,1607567059400,2020-12-10T02:24:19.400Z,buy,9.6e-07,509.0,0.0004886399999999
VIB/BTC,1607567801612,2020-12-10T02:36:41.612Z,buy,9.6e-07,604.0,0.00057984
VIB/BTC,1607567885879,2020-12-10T02:38:05.879Z,buy,9.6e-07,3932.0,0.0037747199999999
VIB/BTC,1607567889034,2020-12-10T02:38:09.034Z,buy,9.6e-07,10310.0,0.0098976
VIB/BTC,1607569042202,2020-12-10T02:57:22.202Z,sell,9.5e-07,268.0,0.0002546
VIB/BTC,1607569129415,2020-12-10T02:58:49.415Z,sell,9.5e-07,11017.0,0.01046615
VIB/BTC,1607569129415,2020-12-10T02:58:49.415Z,sell,9.5e-07,11017.0,0.01046615
VIB/BTC,1607569950956,2020-12-10T03:12:30.956Z,sell,9.5e-07,563.0,0.00053485
VIB/BTC,1607570520856,2020-12-10T03:22:00.856Z,sell,9.5e-07,162.0,0.0001539
VIB/BTC,1607570520856,2020-12-10T03:22:00.856Z,sell,9.5e-07,162.0,0.0001539
VIB/BTC,1607572796217,2020-12-10T03:59:56.217Z,buy,9.6e-07,2073.0,0.00199008
VIB/BTC,1607573004917,2020-12-10T04:03:24.917Z,sell,9.5e-07,4962.0,0.0047139
VIB/BTC,1607573189467,2020-12-10T04:06:29.467Z,sell,9.5e-07,461.0,0.00043795
VIB/BTC,1607573442508,2020-12-10T04:10:42.508Z,sell,9.5e-07,6271.0,0.00595745
VIB/BTC,1607573442508,2020-12-10T04:10:42.508Z,sell,9.5e-07,6271.0,0.00595745
VIB/BTC,1607574212738,2020-12-10T04:23:32.738Z,buy,9.6e-07,593.0,0.0005692799999999
VIB/BTC,1607575253077,2020-12-10T04:40:53.077Z,sell,9.5e-07,647.0,0.00061465
VIB/BTC,1607575456900,2020-12-10T04:44:16.900Z,sell,9.5e-07,4743.0,0.00450585
VIB/BTC,1607575458995,2020-12-10T04:44:18.995Z,sell,9.5e-07,125.0,0.00011875
VIB/BTC,1607575459113,2020-12-10T04:44:19.113Z,sell,9.5e-07,227.0,0.00021565
VIB/BTC,1607575858235,2020-12-10T04:50:58.235Z,sell,9.5e-07,494.0,0.0004693
VIB/BTC,1607575935351,2020-12-10T04:52:15.351Z,buy,9.6e-07,2344.0,0.0022502399999999
VIB/BTC,1607576711587,2020-12-10T05:05:11.587Z,sell,9.5e-07,12931.0,0.01228445
VIB/BTC,1607576711587,2020-12-10T05:05:11.587Z,sell,9.5e-07,12931.0,0.01228445
VIB/BTC,1607577190593,2020-12-10T05:13:10.593Z,sell,9.5e-07,28482.0,0.0270579
VIB/BTC,1607578725186,2020-12-10T05:38:45.186Z,buy,9.6e-07,1982.0,0.0019027199999999
VIB/BTC,1607578950752,2020-12-10T05:42:30.752Z,sell,9.5e-07,7318.0,0.0069521
VIB/BTC,1607579073288,2020-12-10T05:44:33.288Z,buy,9.5e-07,190.0,0.0001805
VIB/BTC,1607579187682,2020-12-10T05:46:27.682Z,sell,9.4e-07,699.0,0.00065706
VIB/BTC,1607579207168,2020-12-10T05:46:47.168Z,sell,9.4e-07,10546.0,0.00991324
VIB/BTC,1607579470740,2020-12-10T05:51:10.740Z,buy,9.5e-07,5724.0,0.0054378
VIB/BTC,1607579470767,2020-12-10T05:51:10.767Z,buy,9.5e-07,5039.0,0.00478705
VIB/BTC,1607579491805,2020-12-10T05:51:31.805Z,buy,9.5e-07,646.0,0.0006137
VIB/BTC,1607579985041,2020-12-10T05:59:45.041Z,sell,9.4e-07,60075.0,0.0564705
VIB/BTC,1607580012738,2020-12-10T06:00:12.738Z,sell,9.4e-07,70799.0,0.06655106
VIB/BTC,1607580035387,2020-12-10T06:00:35.387Z,sell,9.4e-07,128.0,0.00012032
VIB/BTC,1607580039003,2020-12-10T06:00:39.003Z,sell,9.4e-07,6594.0,0.00619836
VIB/BTC,1607580059764,2020-12-10T06:00:59.764Z,sell,9.4e-07,3303.0,0.00310482
VIB/BTC,1607580080120,2020-12-10T06:01:20.120Z,sell,9.4e-07,2632.0,0.00247408
VIB/BTC,1607580101383,2020-12-10T06:01:41.383Z,sell,9.4e-07,1766.0,0.00166004
VIB/BTC,1607580282913,2020-12-10T06:04:42.913Z,sell,9.4e-07,11235.0,0.0105609
VIB/BTC,1607580282913,2020-12-10T06:04:42.913Z,sell,9.4e-07,11235.0,0.0105609
VIB/BTC,1607580514471,2020-12-10T06:08:34.471Z,sell,9.4e-07,6445.0,0.0060583
VIB/BTC,1607580537458,2020-12-10T06:08:57.458Z,buy,9.5e-07,11587.0,0.01100765
VIB/BTC,1607581614166,2020-12-10T06:26:54.166Z,buy,9.5e-07,211.0,0.00020045
VIB/BTC,1607581960876,2020-12-10T06:32:40.876Z,sell,9.4e-07,5247.0,0.00493218
VIB/BTC,1607581960895,2020-12-10T06:32:40.895Z,sell,9.4e-07,5787.0,0.00543978
VIB/BTC,1607581960994,2020-12-10T06:32:40.994Z,sell,9.4e-07,2307.0,0.00216858
VIB/BTC,1607582064248,2020-12-10T06:34:24.248Z,sell,9.4e-07,47542.0,0.04468948
VIB/BTC,1607582788569,2020-12-10T06:46:28.569Z,sell,9.4e-07,14228.0,0.01337432
VIB/BTC,1607582823038,2020-12-10T06:47:03.038Z,buy,9.5e-07,2960.0,0.002812
VIB/BTC,1607583212058,2020-12-10T06:53:32.058Z,sell,9.4e-07,1106.0,0.00103964
VIB/BTC,1607583794574,2020-12-10T07:03:14.574Z,sell,9.4e-07,1000.0,0.00094
VIB/BTC,1607583794574,2020-12-10T07:03:14.574Z,sell,9.4e-07,1000.0,0.00094
VIB/BTC,1607585892550,2020-12-10T07:38:12.550Z,buy,9.4e-07,209.0,0.00019646
VIB/BTC,1607585970791,2020-12-10T07:39:30.791Z,buy,9.4e-07,2574.0,0.00241956
VIB/BTC,1607585990329,2020-12-10T07:39:50.329Z,buy,9.4e-07,194.0,0.00018236
VIB/BTC,1607586023550,2020-12-10T07:40:23.550Z,sell,9.3e-07,2363.0,0.00219759
VIB/BTC,1607586023553,2020-12-10T07:40:23.553Z,sell,9.3e-07,2366.0,0.00220038
VIB/BTC,1607586071640,2020-12-10T07:41:11.640Z,sell,9.3e-07,2378.0,0.00221154
VIB/BTC,1607586071651,2020-12-10T07:41:11.651Z,sell,9.3e-07,14847.0,0.0138077099999999
VIB/BTC,1607586112251,2020-12-10T07:41:52.251Z,buy,9.4e-07,124.0,0.00011656
VIB/BTC,1607586119363,2020-12-10T07:41:59.363Z,buy,9.4e-07,1595.0,0.0014993
VIB/BTC,1607586244353,2020-12-10T07:44:04.353Z,buy,9.4e-07,5338.0,0.00501772
VIB/BTC,1607586244421,2020-12-10T07:44:04.421Z,buy,9.4e-07,16249.0,0.01527406
VIB/BTC,1607586313973,2020-12-10T07:45:13.973Z,buy,9.4e-07,623.0,0.00058562
VIB/BTC,1607586502151,2020-12-10T07:48:22.151Z,buy,9.4e-07,2174.0,0.00204356
VIB/BTC,1607586528053,2020-12-10T07:48:48.053Z,buy,9.4e-07,2361.0,0.00221934
VIB/BTC,1607586740487,2020-12-10T07:52:20.487Z,sell,9.3e-07,477.0,0.00044361
VIB/BTC,1607586810520,2020-12-10T07:53:30.520Z,buy,9.4e-07,1842.0,0.00173148
VIB/BTC,1607587208762,2020-12-10T08:00:08.762Z,sell,9.3e-07,136.0,0.00012648
VIB/BTC,1607587376900,2020-12-10T08:02:56.900Z,buy,9.4e-07,481.0,0.00045214
VIB/BTC,1607587378288,2020-12-10T08:02:58.288Z,buy,9.4e-07,639.0,0.00060066
VIB/BTC,1607587378288,2020-12-10T08:02:58.288Z,buy,9.4e-07,639.0,0.00060066
VIB/BTC,1607587484369,2020-12-10T08:04:44.369Z,buy,9.4e-07,10807.0,0.01015858
VIB/BTC,1607587484587,2020-12-10T08:04:44.587Z,sell,9.4e-07,218.0,0.00020492
VIB/BTC,1607587484590,2020-12-10T08:04:44.590Z,sell,9.4e-07,468.0,0.00043992
VIB/BTC,1607587679158,2020-12-10T08:07:59.158Z,buy,9.5e-07,278.0,0.0002641
VIB/BTC,1607587820935,2020-12-10T08:10:20.935Z,buy,9.5e-07,82682.0,0.0785479
VIB/BTC,1607587836102,2020-12-10T08:10:36.102Z,buy,9.5e-07,103952.0,0.0987544
VIB/BTC,1607587916645,2020-12-10T08:11:56.645Z,buy,9.6e-07,158.0,0.0001516799999999
VIB/BTC,1607587976846,2020-12-10T08:12:56.846Z,buy,9.6e-07,438.0,0.00042048
VIB/BTC,1607587989036,2020-12-10T08:13:09.036Z,buy,9.6e-07,23031.0,0.02210976
VIB/BTC,1607588361821,2020-12-10T08:19:21.821Z,sell,9.5e-07,438.0,0.0004161
VIB/BTC,1607588488731,2020-12-10T08:21:28.731Z,sell,9.5e-07,671.0,0.00063745
VIB/BTC,1607589363299,2020-12-10T08:36:03.299Z,sell,9.5e-07,40921.0,0.03887495
VIB/BTC,1607589650580,2020-12-10T08:40:50.580Z,sell,9.5e-07,165377.0,0.15710815
VIB/BTC,1607589650592,2020-12-10T08:40:50.592Z,buy,9.5e-07,5729.0,0.00544255
VIB/BTC,1607589650593,2020-12-10T08:40:50.593Z,buy,9.5e-07,12223.0,0.01161185
VIB/BTC,1607589650594,2020-12-10T08:40:50.594Z,buy,9.5e-07,9478.0,0.0090041
VIB/BTC,1607589652167,2020-12-10T08:40:52.167Z,buy,9.5e-07,184456.0,0.1752332
VIB/BTC,1607589653363,2020-12-10T08:40:53.363Z,buy,9.5e-07,15856.0,0.0150632
VIB/BTC,1607589669115,2020-12-10T08:41:09.115Z,buy,9.6e-07,156170.0,0.1499231999999999
VIB/BTC,1607589691267,2020-12-10T08:41:31.267Z,buy,9.6e-07,478340.0,0.4592063999999999
VIB/BTC,1607589702133,2020-12-10T08:41:42.133Z,buy,9.6e-07,51311.0,0.0492585599999999
VIB/BTC,1607589702178,2020-12-10T08:41:42.178Z,sell,9.6e-07,358855.0,0.3445008
VIB/BTC,1607589711031,2020-12-10T08:41:51.031Z,buy,9.6e-07,408900.0,0.3925439999999999
VIB/BTC,1607589715394,2020-12-10T08:41:55.394Z,buy,9.6e-07,52613.0,0.0505084799999999
VIB/BTC,1607589715405,2020-12-10T08:41:55.405Z,sell,9.6e-07,5675.0,0.005448
VIB/BTC,1607589715429,2020-12-10T08:41:55.429Z,sell,9.6e-07,1884.0,0.0018086399999999
VIB/BTC,1607589716122,2020-12-10T08:41:56.122Z,sell,9.6e-07,34003.0,0.03264288
VIB/BTC,1607589716351,2020-12-10T08:41:56.351Z,buy,9.6e-07,214057.0,0.20549472
VIB/BTC,1607589723389,2020-12-10T08:42:03.389Z,sell,9.6e-07,42569.0,0.04086624
VIB/BTC,1607589723668,2020-12-10T08:42:03.668Z,buy,9.6e-07,400466.0,0.3844473599999999
VIB/BTC,1607589723698,2020-12-10T08:42:03.698Z,sell,9.6e-07,107.0,0.0001027199999999
VIB/BTC,1607589724112,2020-12-10T08:42:04.112Z,sell,9.6e-07,19601.0,0.0188169599999999
VIB/BTC,1607589729020,2020-12-10T08:42:09.020Z,sell,9.6e-07,297303.0,0.28541088
VIB/BTC,1607589729419,2020-12-10T08:42:09.419Z,buy,9.6e-07,93124.0,0.0893990399999999
VIB/BTC,1607589787952,2020-12-10T08:43:07.952Z,sell,9.6e-07,106.0,0.0001017599999999
VIB/BTC,1607589799603,2020-12-10T08:43:19.603Z,sell,9.6e-07,1529.0,0.0014678399999999
VIB/BTC,1607589989437,2020-12-10T08:46:29.437Z,sell,9.6e-07,3313.0,0.00318048
VIB/BTC,1607590154734,2020-12-10T08:49:14.734Z,sell,9.6e-07,207003.0,0.19872288
VIB/BTC,1607590161904,2020-12-10T08:49:21.904Z,buy,9.7e-07,231047.0,0.22411559
VIB/BTC,1607590165602,2020-12-10T08:49:25.602Z,buy,9.7e-07,284188.0,0.27566236
VIB/BTC,1607590191204,2020-12-10T08:49:51.204Z,sell,9.6e-07,128809.0,0.1236566399999999
VIB/BTC,1607590200506,2020-12-10T08:50:00.506Z,sell,9.6e-07,135249.0,0.12983904
VIB/BTC,1607590207168,2020-12-10T08:50:07.168Z,sell,9.6e-07,95447.0,0.09162912
VIB/BTC,1607590218654,2020-12-10T08:50:18.654Z,sell,9.6e-07,155730.0,0.1495008
VIB/BTC,1607590247290,2020-12-10T08:50:47.290Z,buy,9.7e-07,582623.0,0.56514431
VIB/BTC,1607590249439,2020-12-10T08:50:49.439Z,sell,9.7e-07,2907.0,0.00281979
VIB/BTC,1607590252608,2020-12-10T08:50:52.608Z,buy,9.7e-07,3076.0,0.00298372
VIB/BTC,1607590257408,2020-12-10T08:50:57.408Z,sell,9.6e-07,291312.0,0.27965952
VIB/BTC,1607590282174,2020-12-10T08:51:22.174Z,sell,9.6e-07,291311.0,0.27965856
VIB/BTC,1607590305860,2020-12-10T08:51:45.860Z,sell,9.6e-07,284819.0,0.27342624
VIB/BTC,1607590323013,2020-12-10T08:52:03.013Z,buy,9.7e-07,663332.0,0.64343204
VIB/BTC,1607590323901,2020-12-10T08:52:03.901Z,sell,9.7e-07,11339.0,0.01099883
VIB/BTC,1607590358157,2020-12-10T08:52:38.157Z,buy,9.7e-07,531421.0,0.51547837
VIB/BTC,1607590365252,2020-12-10T08:52:45.252Z,buy,9.7e-07,392490.0,0.3807153
VIB/BTC,1607590372466,2020-12-10T08:52:52.466Z,buy,9.7e-07,445323.0,0.43196331
VIB/BTC,1607590384966,2020-12-10T08:53:04.966Z,buy,9.7e-07,471865.0,0.45770905
VIB/BTC,1607590392309,2020-12-10T08:53:12.309Z,buy,9.7e-07,375723.0,0.36445131
VIB/BTC,1607590397591,2020-12-10T08:53:17.591Z,buy,9.7e-07,137153.0,0.13303841
VIB/BTC,1607590400169,2020-12-10T08:53:20.169Z,buy,9.7e-07,82292.0,0.07982324
VIB/BTC,1607590402311,2020-12-10T08:53:22.311Z,buy,9.7e-07,66617.0,0.06461849
VIB/BTC,1607590404689,2020-12-10T08:53:24.689Z,buy,9.7e-07,35268.0,0.03420996
VIB/BTC,1607590407621,2020-12-10T08:53:27.621Z,buy,9.7e-07,50942.0,0.04941374
VIB/BTC,1607590426477,2020-12-10T08:53:46.477Z,buy,9.7e-07,424.0,0.00041128
VIB/BTC,1607590431014,2020-12-10T08:53:51.014Z,buy,9.7e-07,29.0,2.813e-05
VIB/BTC,1607590510329,2020-12-10T08:55:10.329Z,buy,9.7e-07,54041.0,0.05241977
VIB/BTC,1607590592438,2020-12-10T08:56:32.438Z,buy,9.7e-07,31980.0,0.0310206
VIB/BTC,1607590605185,2020-12-10T08:56:45.185Z,buy,9.7e-07,1415.0,0.00137255
VIB/BTC,1607590605185,2020-12-10T08:56:45.185Z,buy,9.7e-07,1415.0,0.00137255
VIB/BTC,1607591325328,2020-12-10T09:08:45.328Z,buy,9.7e-07,28.0,2.716e-05
VIB/BTC,1607591348085,2020-12-10T09:09:08.085Z,buy,9.7e-07,38.0,3.686e-05
VIB/BTC,1607591391159,2020-12-10T09:09:51.159Z,buy,9.7e-07,35.0,3.395e-05
VIB/BTC,1607591511733,2020-12-10T09:11:51.733Z,buy,9.7e-07,35.0,3.395e-05
VIB/BTC,1607591554601,2020-12-10T09:12:34.601Z,buy,9.7e-07,186764.0,0.18116108
VIB/BTC,1607591560867,2020-12-10T09:12:40.867Z,buy,9.7e-07,199488.0,0.19350336
VIB/BTC,1607591565579,2020-12-10T09:12:45.579Z,buy,9.7e-07,54099.0,0.05247603
VIB/BTC,1607591591281,2020-12-10T09:13:11.281Z,sell,9.6e-07,114571.0,0.1099881599999999
VIB/BTC,1607591642353,2020-12-10T09:14:02.353Z,sell,9.6e-07,2672.0,0.0025651199999999
VIB/BTC,1607591810410,2020-12-10T09:16:50.410Z,buy,9.7e-07,35.0,3.395e-05
VIB/BTC,1607591810420,2020-12-10T09:16:50.420Z,sell,9.6e-07,2106.0,0.0020217599999999
VIB/BTC,1607591839915,2020-12-10T09:17:19.915Z,sell,9.6e-07,50130.0,0.0481247999999999
VIB/BTC,1607591938473,2020-12-10T09:18:58.473Z,buy,9.7e-07,33.0,3.201e-05
VIB/BTC,1607592195912,2020-12-10T09:23:15.912Z,buy,9.7e-07,29.0,2.813e-05
VIB/BTC,1607592307431,2020-12-10T09:25:07.431Z,buy,9.7e-07,30.0,2.9100000000000003e-05
VIB/BTC,1607592741880,2020-12-10T09:32:21.880Z,sell,9.6e-07,423.0,0.0004060799999999
VIB/BTC,1607592966659,2020-12-10T09:36:06.659Z,buy,9.7e-07,38.0,3.686e-05
VIB/BTC,1607592967008,2020-12-10T09:36:07.008Z,sell,9.6e-07,135.0,0.0001295999999999
VIB/BTC,1607594008422,2020-12-10T09:53:28.422Z,sell,9.6e-07,15150.0,0.0145439999999999
VIB/BTC,1607594086931,2020-12-10T09:54:46.931Z,sell,9.6e-07,9145.0,0.0087792
VIB/BTC,1607594087037,2020-12-10T09:54:47.037Z,buy,9.6e-07,1000.0,0.0009599999999999
VIB/BTC,1607594098592,2020-12-10T09:54:58.592Z,buy,9.6e-07,125.0,0.0001199999999999
VIB/BTC,1607594098592,2020-12-10T09:54:58.592Z,buy,9.6e-07,125.0,0.0001199999999999
VIB/BTC,1607594314662,2020-12-10T09:58:34.662Z,buy,9.6e-07,107.0,0.0001027199999999
VIB/BTC,1607594452078,2020-12-10T10:00:52.078Z,sell,9.5e-07,77166.0,0.0733077
VIB/BTC,1607596426246,2020-12-10T10:33:46.246Z,sell,9.5e-07,239.0,0.00022705
VIB/BTC,1607597523847,2020-12-10T10:52:03.847Z,sell,9.5e-07,129.0,0.00012255
VIB/BTC,1607597523847,2020-12-10T10:52:03.847Z,sell,9.5e-07,129.0,0.00012255
VIB/BTC,1607598161047,2020-12-10T11:02:41.047Z,sell,9.5e-07,2858.0,0.0027151
VIB/BTC,1607598161047,2020-12-10T11:02:41.047Z,sell,9.4e-07,90919.0,0.08546386
VIB/BTC,1607598338025,2020-12-10T11:05:38.025Z,sell,9.4e-07,1309.0,0.00123046
VIB/BTC,1607598381081,2020-12-10T11:06:21.081Z,buy,9.5e-07,126.0,0.0001197
VIB/BTC,1607598817854,2020-12-10T11:13:37.854Z,buy,9.5e-07,37967.0,0.03606865
VIB/BTC,1607598875739,2020-12-10T11:14:35.739Z,sell,9.4e-07,6680.0,0.0062792
VIB/BTC,1607599256943,2020-12-10T11:20:56.943Z,sell,9.4e-07,173.0,0.00016262
VIB/BTC,1607599440709,2020-12-10T11:24:00.709Z,sell,9.4e-07,23998.0,0.02255812
VIB/BTC,1607600062684,2020-12-10T11:34:22.684Z,sell,9.4e-07,562.0,0.00052828
VIB/BTC,1607600199338,2020-12-10T11:36:39.338Z,buy,9.5e-07,332.0,0.0003154
VIB/BTC,1607601089752,2020-12-10T11:51:29.752Z,sell,9.4e-07,246.0,0.00023124
VIB/BTC,1607601089752,2020-12-10T11:51:29.752Z,sell,9.4e-07,246.0,0.00023124
VIB/BTC,1607601411456,2020-12-10T11:56:51.456Z,buy,9.5e-07,2778.0,0.0026391
VIB/BTC,1607601413854,2020-12-10T11:56:53.854Z,sell,9.4e-07,176.0,0.00016544
VIB/BTC,1607601675584,2020-12-10T12:01:15.584Z,sell,9.4e-07,292.0,0.00027448
VIB/BTC,1607601702789,2020-12-10T12:01:42.789Z,sell,9.4e-07,2068.0,0.00194392
VIB/BTC,1607601797442,2020-12-10T12:03:17.442Z,buy,9.5e-07,17041.0,0.01618895
VIB/BTC,1607601821500,2020-12-10T12:03:41.500Z,buy,9.5e-07,255.0,0.00024225
VIB/BTC,1607601824157,2020-12-10T12:03:44.157Z,buy,9.5e-07,24654.0,0.0234213
VIB/BTC,1607601867272,2020-12-10T12:04:27.272Z,buy,9.5e-07,3631.0,0.00344945
VIB/BTC,1607601913412,2020-12-10T12:05:13.412Z,sell,9.5e-07,135.0,0.00012825
VIB/BTC,1607602239174,2020-12-10T12:10:39.174Z,sell,9.5e-07,1568.0,0.0014896
VIB/BTC,1607602908227,2020-12-10T12:21:48.227Z,buy,9.6e-07,21629.0,0.02076384
VIB/BTC,1607602908227,2020-12-10T12:21:48.227Z,sell,9.5e-07,278.0,0.0002641
VIB/BTC,1607602910289,2020-12-10T12:21:50.289Z,buy,9.6e-07,1383.0,0.00132768
VIB/BTC,1607602927933,2020-12-10T12:22:07.933Z,sell,9.6e-07,106.0,0.0001017599999999
VIB/BTC,1607603109966,2020-12-10T12:25:09.966Z,sell,9.6e-07,50194.0,0.04818624
VIB/BTC,1607603118837,2020-12-10T12:25:18.837Z,sell,9.6e-07,13960.0,0.0134016
VIB/BTC,1607603124778,2020-12-10T12:25:24.778Z,buy,9.7e-07,8523.0,0.00826731
VIB/BTC,1607603349173,2020-12-10T12:29:09.173Z,sell,9.6e-07,3136.0,0.00301056
VIB/BTC,1607603791760,2020-12-10T12:36:31.760Z,sell,9.5e-07,115.0,0.00010925
VIB/BTC,1607604095846,2020-12-10T12:41:35.846Z,buy,9.7e-07,3202.0,0.00310594
VIB/BTC,1607604097728,2020-12-10T12:41:37.728Z,buy,9.7e-07,4192.0,0.00406624
VIB/BTC,1607604099815,2020-12-10T12:41:39.815Z,buy,9.7e-07,1297.0,0.00125809
VIB/BTC,1607604140794,2020-12-10T12:42:20.794Z,sell,9.6e-07,8227.0,0.00789792
VIB/BTC,1607604140794,2020-12-10T12:42:20.794Z,sell,9.6e-07,8227.0,0.00789792
VIB/BTC,1607604878316,2020-12-10T12:54:38.316Z,buy,9.7e-07,1019.0,0.00098843
VIB/BTC,1607605596437,2020-12-10T13:06:36.437Z,buy,9.6e-07,315.0,0.0003024
VIB/BTC,1607605790238,2020-12-10T13:09:50.238Z,sell,9.5e-07,1174.0,0.0011153
VIB/BTC,1607605949385,2020-12-10T13:12:29.385Z,sell,9.5e-07,107.0,0.00010165
VIB/BTC,1607606042091,2020-12-10T13:14:02.091Z,buy,9.6e-07,5875.0,0.0056399999999999
VIB/BTC,1607606231963,2020-12-10T13:17:11.963Z,buy,9.6e-07,106.0,0.0001017599999999
VIB/BTC,1607606707420,2020-12-10T13:25:07.420Z,sell,9.5e-07,8515.0,0.00808925
VIB/BTC,1607606894566,2020-12-10T13:28:14.566Z,sell,9.5e-07,501.0,0.00047595
VIB/BTC,1607606948526,2020-12-10T13:29:08.526Z,buy,9.6e-07,19787.0,0.01899552
VIB/BTC,1607606951880,2020-12-10T13:29:11.880Z,buy,9.6e-07,3456.0,0.00331776
VIB/BTC,1607607019375,2020-12-10T13:30:19.375Z,buy,9.6e-07,3108.0,0.00298368
VIB/BTC,1607607019375,2020-12-10T13:30:19.375Z,buy,9.7e-07,2046.0,0.00198462
VIB/BTC,1607607100272,2020-12-10T13:31:40.272Z,buy,9.7e-07,105.0,0.00010185
VIB/BTC,1607607640350,2020-12-10T13:40:40.350Z,sell,9.5e-07,327.0,0.00031065
VIB/BTC,1607607739714,2020-12-10T13:42:19.714Z,sell,9.5e-07,32617.0,0.03098615
VIB/BTC,1607607739714,2020-12-10T13:42:19.714Z,sell,9.5e-07,32617.0,0.03098615
VIB/BTC,1607608291931,2020-12-10T13:51:31.931Z,sell,9.5e-07,256.0,0.0002432
VIB/BTC,1607608826496,2020-12-10T14:00:26.496Z,buy,9.6e-07,5712.0,0.0054835199999999
VIB/BTC,1607608826511,2020-12-10T14:00:26.511Z,buy,9.6e-07,5712.0,0.0054835199999999
VIB/BTC,1607608826524,2020-12-10T14:00:26.524Z,buy,9.6e-07,2324.0,0.0022310399999999
VIB/BTC,1607609222682,2020-12-10T14:07:02.682Z,sell,9.6e-07,4840.0,0.0046463999999999
VIB/BTC,1607609338105,2020-12-10T14:08:58.105Z,sell,9.6e-07,13946.0,0.01338816
VIB/BTC,1607609771644,2020-12-10T14:16:11.644Z,sell,9.6e-07,445.0,0.0004272
VIB/BTC,1607610177835,2020-12-10T14:22:57.835Z,sell,9.6e-07,37929.0,0.0364118399999999
VIB/BTC,1607610239846,2020-12-10T14:23:59.846Z,buy,9.7e-07,587.0,0.00056939
VIB/BTC,1607610425810,2020-12-10T14:27:05.810Z,sell,9.6e-07,122.0,0.0001171199999999
VIB/BTC,1607610880849,2020-12-10T14:34:40.849Z,sell,9.6e-07,14208.0,0.01363968
VIB/BTC,1607610939111,2020-12-10T14:35:39.111Z,sell,9.6e-07,200.0,0.0001919999999999
VIB/BTC,1607610939341,2020-12-10T14:35:39.341Z,sell,9.6e-07,883.0,0.00084768
VIB/BTC,1607610990252,2020-12-10T14:36:30.252Z,sell,9.6e-07,106.0,0.0001017599999999
VIB/BTC,1607611009157,2020-12-10T14:36:49.157Z,buy,9.7e-07,207.0,0.00020079
VIB/BTC,1607611157237,2020-12-10T14:39:17.237Z,buy,9.7e-07,565.0,0.00054805
VIB/BTC,1607611295115,2020-12-10T14:41:35.115Z,sell,9.6e-07,13715.0,0.0131663999999999
VIB/BTC,1607611295115,2020-12-10T14:41:35.115Z,sell,9.6e-07,13715.0,0.0131663999999999
VIB/BTC,1607611976988,2020-12-10T14:52:56.988Z,buy,9.7e-07,1083.0,0.00105051
VIB/BTC,1607612565959,2020-12-10T15:02:45.959Z,buy,9.7e-07,534.0,0.00051798
VIB/BTC,1607612576390,2020-12-10T15:02:56.390Z,buy,9.7e-07,3178.0,0.00308266
VIB/BTC,1607613063123,2020-12-10T15:11:03.123Z,buy,9.7e-07,3084.0,0.00299148
VIB/BTC,1607613270976,2020-12-10T15:14:30.976Z,buy,9.7e-07,96348.0,0.09345756
VIB/BTC,1607613365442,2020-12-10T15:16:05.442Z,sell,9.6e-07,17296.0,0.01660416
VIB/BTC,1607613425439,2020-12-10T15:17:05.439Z,buy,9.7e-07,1750.0,0.0016975
VIB/BTC,1607613425446,2020-12-10T15:17:05.446Z,buy,9.7e-07,1739.0,0.00168683
VIB/BTC,1607613475455,2020-12-10T15:17:55.455Z,sell,9.6e-07,18241.0,0.01751136
VIB/BTC,1607613483728,2020-12-10T15:18:03.728Z,sell,9.6e-07,24654.0,0.02366784
VIB/BTC,1607613483753,2020-12-10T15:18:03.753Z,sell,9.6e-07,30334.0,0.0291206399999999
VIB/BTC,1607613483883,2020-12-10T15:18:03.883Z,sell,9.6e-07,26186.0,0.0251385599999999
VIB/BTC,1607613675705,2020-12-10T15:21:15.705Z,buy,9.7e-07,10423.0,0.01011031
VIB/BTC,1607613677578,2020-12-10T15:21:17.578Z,buy,9.7e-07,16489.0,0.01599433
VIB/BTC,1607613808083,2020-12-10T15:23:28.083Z,sell,9.6e-07,137.0,0.00013152
VIB/BTC,1607613819512,2020-12-10T15:23:39.512Z,buy,9.7e-07,5595.0,0.00542715
VIB/BTC,1607613841995,2020-12-10T15:24:01.995Z,buy,9.7e-07,5666.0,0.00549602
VIB/BTC,1607614016365,2020-12-10T15:26:56.365Z,buy,9.7e-07,5875.0,0.00569875
VIB/BTC,1607614032811,2020-12-10T15:27:12.811Z,buy,9.7e-07,3918.0,0.00380046
VIB/BTC,1607614489064,2020-12-10T15:34:49.064Z,sell,9.6e-07,1561.0,0.00149856
VIB/BTC,1607614492835,2020-12-10T15:34:52.835Z,buy,9.7e-07,935.0,0.00090695
VIB/BTC,1607614701993,2020-12-10T15:38:21.993Z,buy,9.7e-07,25426.0,0.02466322
VIB/BTC,1607614701993,2020-12-10T15:38:21.993Z,buy,9.8e-07,54018.0,0.0529376399999999
VIB/BTC,1607614702000,2020-12-10T15:38:22.000Z,sell,9.8e-07,33794.0,0.03311812
VIB/BTC,1607614702002,2020-12-10T15:38:22.002Z,sell,9.8e-07,33794.0,0.03311812
VIB/BTC,1607614702003,2020-12-10T15:38:22.003Z,sell,9.8e-07,5666.0,0.00555268
VIB/BTC,1607614702008,2020-12-10T15:38:22.008Z,sell,9.8e-07,10520.0,0.0103095999999999
VIB/BTC,1607614702255,2020-12-10T15:38:22.255Z,sell,9.8e-07,967.0,0.0009476599999999
VIB/BTC,1607614704560,2020-12-10T15:38:24.560Z,buy,9.9e-07,122.0,0.00012078
VIB/BTC,1607614706362,2020-12-10T15:38:26.362Z,sell,9.8e-07,7450.0,0.0073009999999999
VIB/BTC,1607614718790,2020-12-10T15:38:38.790Z,buy,9.9e-07,13285.0,0.01315215
VIB/BTC,1607614718800,2020-12-10T15:38:38.800Z,sell,9.9e-07,672.0,0.00066528
VIB/BTC,1607614718802,2020-12-10T15:38:38.802Z,sell,9.9e-07,674.0,0.00066726
VIB/BTC,1607614720877,2020-12-10T15:38:40.877Z,sell,9.9e-07,350.0,0.0003465
VIB/BTC,1607614724270,2020-12-10T15:38:44.270Z,sell,9.9e-07,350.0,0.0003465
VIB/BTC,1607614724735,2020-12-10T15:38:44.735Z,sell,9.9e-07,400.0,0.000396
VIB/BTC,1607614725209,2020-12-10T15:38:45.209Z,sell,9.9e-07,400.0,0.000396
VIB/BTC,1607614725676,2020-12-10T15:38:45.676Z,sell,9.9e-07,350.0,0.0003465
VIB/BTC,1607614726144,2020-12-10T15:38:46.144Z,sell,9.9e-07,350.0,0.0003465
VIB/BTC,1607614726619,2020-12-10T15:38:46.619Z,sell,9.9e-07,350.0,0.0003465
VIB/BTC,1607614733364,2020-12-10T15:38:53.364Z,buy,1e-06,33141.0,0.033141
VIB/BTC,1607614733379,2020-12-10T15:38:53.379Z,sell,1e-06,447.0,0.0004469999999999
VIB/BTC,1607614733379,2020-12-10T15:38:53.379Z,sell,1e-06,1001.0,0.001001
VIB/BTC,1607614733395,2020-12-10T15:38:53.395Z,sell,1e-06,198.0,0.000198
VIB/BTC,1607614733396,2020-12-10T15:38:53.396Z,sell,1e-06,531.0,0.000531
VIB/BTC,1607614733473,2020-12-10T15:38:53.473Z,sell,1e-06,4135.0,0.004135
VIB/BTC,1607614735885,2020-12-10T15:38:55.885Z,buy,1.01e-06,119.0,0.00012019
VIB/BTC,1607614747865,2020-12-10T15:39:07.865Z,buy,1.01e-06,20139.0,0.02034039
VIB/BTC,1607614747865,2020-12-10T15:39:07.865Z,buy,1.02e-06,36335.0,0.0370616999999999
VIB/BTC,1607614747902,2020-12-10T15:39:07.902Z,sell,1e-06,104.0,0.000104
VIB/BTC,1607614750902,2020-12-10T15:39:10.902Z,sell,1.01e-06,826.0,0.00083426
VIB/BTC,1607614754972,2020-12-10T15:39:14.972Z,sell,1.01e-06,1428.0,0.00144228
VIB/BTC,1607614792119,2020-12-10T15:39:52.119Z,buy,1.01e-06,26710.0,0.0269771
VIB/BTC,1607614822109,2020-12-10T15:40:22.109Z,buy,1.01e-06,11080.0,0.0111908
VIB/BTC,1607614823970,2020-12-10T15:40:23.970Z,sell,1e-06,3918.0,0.003918
VIB/BTC,1607614834635,2020-12-10T15:40:34.635Z,buy,1.01e-06,100.0,0.000101
VIB/BTC,1607614835758,2020-12-10T15:40:35.758Z,buy,1.01e-06,100.0,0.000101
VIB/BTC,1607614835968,2020-12-10T15:40:35.968Z,buy,1.01e-06,99.0,9.999e-05
VIB/BTC,1607614835968,2020-12-10T15:40:35.968Z,buy,1.02e-06,1.0,1.02e-06
VIB/BTC,1607614836160,2020-12-10T15:40:36.160Z,buy,1.02e-06,100.0,0.000102
VIB/BTC,1607614836359,2020-12-10T15:40:36.359Z,buy,1.02e-06,100.0,0.000102
VIB/BTC,1607614836592,2020-12-10T15:40:36.592Z,buy,1.02e-06,100.0,0.000102
VIB/BTC,1607614836803,2020-12-10T15:40:36.803Z,buy,1.02e-06,100.0,0.000102
VIB/BTC,1607614836925,2020-12-10T15:40:36.925Z,buy,1.02e-06,100.0,0.000102
VIB/BTC,1607614847162,2020-12-10T15:40:47.162Z,sell,1.01e-06,1341.0,0.00135441
VIB/BTC,1607614848504,2020-12-10T15:40:48.504Z,sell,1.01e-06,17963.0,0.01814263
VIB/BTC,1607614850776,2020-12-10T15:40:50.776Z,buy,1.02e-06,5796.0,0.00591192
VIB/BTC,1607614852980,2020-12-10T15:40:52.980Z,sell,1.01e-06,274.0,0.00027674
VIB/BTC,1607614857184,2020-12-10T15:40:57.184Z,sell,1.01e-06,2359.0,0.00238259
VIB/BTC,1607614857184,2020-12-10T15:40:57.184Z,sell,1e-06,7508.0,0.007508
VIB/BTC,1607614862648,2020-12-10T15:41:02.648Z,buy,1.01e-06,2291.0,0.00231391
VIB/BTC,1607614862648,2020-12-10T15:41:02.648Z,buy,1.02e-06,5147.0,0.00524994
VIB/BTC,1607614880986,2020-12-10T15:41:20.986Z,buy,1.02e-06,9277.0,0.00946254
VIB/BTC,1607614883922,2020-12-10T15:41:23.922Z,buy,1.02e-06,12542.0,0.01279284
VIB/BTC,1607614885091,2020-12-10T15:41:25.091Z,buy,1.02e-06,49566.0,0.0505573199999999
VIB/BTC,1607614886567,2020-12-10T15:41:26.567Z,buy,1.02e-06,118.0,0.0001203599999999
VIB/BTC,1607614887343,2020-12-10T15:41:27.343Z,sell,1.01e-06,4231.0,0.00427331
VIB/BTC,1607614889961,2020-12-10T15:41:29.961Z,buy,1.02e-06,1895.0,0.0019329
VIB/BTC,1607614892339,2020-12-10T15:41:32.339Z,sell,1.01e-06,1520.0,0.0015352
VIB/BTC,1607614893328,2020-12-10T15:41:33.328Z,buy,1.02e-06,166.0,0.0001693199999999
VIB/BTC,1607614893338,2020-12-10T15:41:33.338Z,sell,1.02e-06,901.0,0.00091902
VIB/BTC,1607614893344,2020-12-10T15:41:33.344Z,sell,1.02e-06,1333.0,0.00135966
VIB/BTC,1607614893381,2020-12-10T15:41:33.381Z,sell,1.02e-06,316.0,0.00032232
VIB/BTC,1607614893408,2020-12-10T15:41:33.408Z,sell,1.02e-06,203.0,0.0002070599999999
VIB/BTC,1607614893408,2020-12-10T15:41:33.408Z,sell,1.02e-06,203.0,0.0002070599999999
VIB/BTC,1607614903808,2020-12-10T15:41:43.808Z,sell,1.02e-06,4971.0,0.00507042
VIB/BTC,1607614905465,2020-12-10T15:41:45.465Z,sell,1.02e-06,47774.0,0.04872948
VIB/BTC,1607614905544,2020-12-10T15:41:45.544Z,sell,1.02e-06,23275.0,0.0237404999999999
VIB/BTC,1607614922748,2020-12-10T15:42:02.748Z,buy,1.03e-06,216450.0,0.2229435
VIB/BTC,1607614926825,2020-12-10T15:42:06.825Z,sell,1.02e-06,2330.0,0.0023766
VIB/BTC,1607614931902,2020-12-10T15:42:11.902Z,buy,1.03e-06,117.0,0.00012051
VIB/BTC,1607614933894,2020-12-10T15:42:13.894Z,buy,1.03e-06,2212.0,0.00227836
VIB/BTC,1607614933944,2020-12-10T15:42:13.944Z,sell,1.03e-06,136.0,0.00014008
VIB/BTC,1607614941968,2020-12-10T15:42:21.968Z,buy,1.04e-06,45673.0,0.04749992
VIB/BTC,1607614951881,2020-12-10T15:42:31.881Z,buy,1.04e-06,13121.0,0.01364584
VIB/BTC,1607614951881,2020-12-10T15:42:31.881Z,buy,1.05e-06,130614.0,0.1371446999999999
VIB/BTC,1607614954237,2020-12-10T15:42:34.237Z,buy,1.05e-06,1910.0,0.0020055
VIB/BTC,1607614955782,2020-12-10T15:42:35.782Z,buy,1.05e-06,4802.0,0.0050421
VIB/BTC,1607614964079,2020-12-10T15:42:44.079Z,sell,1.04e-06,1038.0,0.00107952
VIB/BTC,1607614987878,2020-12-10T15:43:07.878Z,sell,1.04e-06,103.0,0.00010712
VIB/BTC,1607614989013,2020-12-10T15:43:09.013Z,buy,1.05e-06,115.0,0.00012075
VIB/BTC,1607615001574,2020-12-10T15:43:21.574Z,sell,1.04e-06,1230.0,0.0012792
VIB/BTC,1607615001574,2020-12-10T15:43:21.574Z,sell,1.03e-06,2967.0,0.00305601
VIB/BTC,1607615006042,2020-12-10T15:43:26.042Z,buy,1.04e-06,1249.0,0.00129896
VIB/BTC,1607615006734,2020-12-10T15:43:26.734Z,sell,1.04e-06,961.0,0.00099944
VIB/BTC,1607615023493,2020-12-10T15:43:43.493Z,sell,1.04e-06,4197.0,0.00436488
VIB/BTC,1607615024878,2020-12-10T15:43:44.878Z,buy,1.05e-06,6480.0,0.0068039999999999
VIB/BTC,1607615024883,2020-12-10T15:43:44.883Z,sell,1.05e-06,69253.0,0.0727156499999999
VIB/BTC,1607615024890,2020-12-10T15:43:44.890Z,sell,1.04e-06,27611.0,0.02871544
VIB/BTC,1607615024945,2020-12-10T15:43:44.945Z,buy,1.04e-06,1533.0,0.00159432
VIB/BTC,1607615025166,2020-12-10T15:43:45.166Z,buy,1.04e-06,1014.0,0.00105456
VIB/BTC,1607615025262,2020-12-10T15:43:45.262Z,buy,1.04e-06,214.0,0.00022256
VIB/BTC,1607615031392,2020-12-10T15:43:51.392Z,sell,1.03e-06,12003.0,0.01236309
VIB/BTC,1607615032253,2020-12-10T15:43:52.253Z,buy,1.04e-06,952.0,0.00099008
VIB/BTC,1607615035098,2020-12-10T15:43:55.098Z,sell,1.03e-06,2551.0,0.00262753
VIB/BTC,1607615039176,2020-12-10T15:43:59.176Z,buy,1.04e-06,1251.0,0.00130104
VIB/BTC,1607615040954,2020-12-10T15:44:00.954Z,sell,1.04e-06,961.0,0.00099944
VIB/BTC,1607615104735,2020-12-10T15:45:04.735Z,buy,1.05e-06,5021.0,0.0052720499999999
VIB/BTC,1607615104735,2020-12-10T15:45:04.735Z,buy,1.06e-06,9605.0,0.0101813
VIB/BTC,1607615104754,2020-12-10T15:45:04.754Z,buy,1.06e-06,4732.0,0.00501592
VIB/BTC,1607615105394,2020-12-10T15:45:05.394Z,sell,1.05e-06,1016.0,0.0010668
VIB/BTC,1607615109790,2020-12-10T15:45:09.790Z,sell,1.05e-06,1153.0,0.00121065
VIB/BTC,1607615136895,2020-12-10T15:45:36.895Z,buy,1.05e-06,13589.0,0.0142684499999999
VIB/BTC,1607615136895,2020-12-10T15:45:36.895Z,buy,1.06e-06,86671.0,0.09187126
VIB/BTC,1607615138866,2020-12-10T15:45:38.866Z,sell,1.05e-06,1228.0,0.0012893999999999
VIB/BTC,1607615141999,2020-12-10T15:45:41.999Z,sell,1.05e-06,943.0,0.00099015
VIB/BTC,1607615152923,2020-12-10T15:45:52.923Z,buy,1.05e-06,949.0,0.0009964499999999
VIB/BTC,1607615153013,2020-12-10T15:45:53.013Z,sell,1.05e-06,7566.0,0.0079443
VIB/BTC,1607615153411,2020-12-10T15:45:53.411Z,sell,1.05e-06,1047.0,0.0010993499999999
VIB/BTC,1607615153968,2020-12-10T15:45:53.968Z,sell,1.05e-06,9374.0,0.0098427
VIB/BTC,1607615158215,2020-12-10T15:45:58.215Z,buy,1.06e-06,20323.0,0.02154238
VIB/BTC,1607615158215,2020-12-10T15:45:58.215Z,buy,1.07e-06,71661.0,0.0766772699999999
VIB/BTC,1607615158377,2020-12-10T15:45:58.377Z,sell,1.07e-06,3279.0,0.0035085299999999
VIB/BTC,1607615158451,2020-12-10T15:45:58.451Z,sell,1.07e-06,1047.0,0.00112029
VIB/BTC,1607615159723,2020-12-10T15:45:59.723Z,sell,1.07e-06,3140.0,0.0033597999999999
VIB/BTC,1607615159723,2020-12-10T15:45:59.723Z,sell,1.06e-06,13444.0,0.01425064
VIB/BTC,1607615160467,2020-12-10T15:46:00.467Z,sell,1.06e-06,1037.0,0.00109922
VIB/BTC,1607615160756,2020-12-10T15:46:00.756Z,sell,1.06e-06,101.0,0.00010706
VIB/BTC,1607615161388,2020-12-10T15:46:01.388Z,sell,1.06e-06,1033.0,0.00109498
VIB/BTC,1607615165068,2020-12-10T15:46:05.068Z,buy,1.07e-06,519.0,0.0005553299999999
VIB/BTC,1607615171175,2020-12-10T15:46:11.175Z,sell,1.06e-06,934.0,0.00099004
VIB/BTC,1607615172384,2020-12-10T15:46:12.384Z,sell,1.06e-06,3950.0,0.004187
VIB/BTC,1607615172725,2020-12-10T15:46:12.725Z,sell,1.06e-06,4112.0,0.00435872
VIB/BTC,1607615173572,2020-12-10T15:46:13.572Z,sell,1.06e-06,1118.0,0.00118508
VIB/BTC,1607615173828,2020-12-10T15:46:13.828Z,sell,1.06e-06,1164.0,0.00123384
VIB/BTC,1607615176205,2020-12-10T15:46:16.205Z,sell,1.06e-06,352.0,0.00037312
VIB/BTC,1607615178162,2020-12-10T15:46:18.162Z,sell,1.06e-06,890.0,0.0009434
VIB/BTC,1607615185526,2020-12-10T15:46:25.526Z,buy,1.07e-06,18322.0,0.01960454
VIB/BTC,1607615185697,2020-12-10T15:46:25.697Z,sell,1.07e-06,3072.0,0.0032870399999999
VIB/BTC,1607615185915,2020-12-10T15:46:25.915Z,sell,1.07e-06,7882.0,0.0084337399999999
VIB/BTC,1607615189092,2020-12-10T15:46:29.092Z,buy,1.08e-06,1000.0,0.00108
VIB/BTC,1607615193053,2020-12-10T15:46:33.053Z,buy,1.08e-06,11872.0,0.01282176
VIB/BTC,1607615193593,2020-12-10T15:46:33.593Z,sell,1.08e-06,1018.0,0.00109944
VIB/BTC,1607615203588,2020-12-10T15:46:43.588Z,buy,1.09e-06,38268.0,0.04171212
VIB/BTC,1607615203588,2020-12-10T15:46:43.588Z,buy,1.1e-06,647.0,0.0007117
VIB/BTC,1607615203709,2020-12-10T15:46:43.709Z,sell,1.09e-06,441.0,0.00048069
VIB/BTC,1607615204121,2020-12-10T15:46:44.121Z,buy,1.1e-06,90.0,9.9e-05
VIB/BTC,1607615205557,2020-12-10T15:46:45.557Z,sell,1.09e-06,3091.0,0.0033691899999999
VIB/BTC,1607615211147,2020-12-10T15:46:51.147Z,sell,1.08e-06,1450.0,0.001566
VIB/BTC,1607615213690,2020-12-10T15:46:53.690Z,buy,1.08e-06,90.0,9.72e-05
VIB/BTC,1607615216561,2020-12-10T15:46:56.561Z,buy,1.08e-06,90.0,9.72e-05
VIB/BTC,1607615219657,2020-12-10T15:46:59.657Z,buy,1.08e-06,90.0,9.72e-05
VIB/BTC,1607615221493,2020-12-10T15:47:01.493Z,buy,1.08e-06,90.0,9.72e-05
VIB/BTC,1607615221911,2020-12-10T15:47:01.911Z,buy,1.08e-06,90.0,9.72e-05
VIB/BTC,1607615222318,2020-12-10T15:47:02.318Z,buy,1.08e-06,90.0,9.72e-05
VIB/BTC,1607615222851,2020-12-10T15:47:02.851Z,buy,1.08e-06,90.0,9.72e-05
VIB/BTC,1607615222863,2020-12-10T15:47:02.863Z,buy,1.08e-06,90.0,9.72e-05
VIB/BTC,1607615223337,2020-12-10T15:47:03.337Z,buy,1.08e-06,90.0,9.72e-05
VIB/BTC,1607615224286,2020-12-10T15:47:04.286Z,buy,1.08e-06,90.0,9.72e-05
VIB/BTC,1607615224307,2020-12-10T15:47:04.307Z,buy,1.08e-06,90.0,9.72e-05
VIB/BTC,1607615224336,2020-12-10T15:47:04.336Z,buy,1.08e-06,90.0,9.72e-05
VIB/BTC,1607615224702,2020-12-10T15:47:04.702Z,buy,1.08e-06,6572.0,0.00709776
VIB/BTC,1607615224702,2020-12-10T15:47:04.702Z,buy,1.09e-06,6989.0,0.00761801
VIB/BTC,1607615224836,2020-12-10T15:47:04.836Z,buy,1.09e-06,90.0,9.81e-05
VIB/BTC,1607615224881,2020-12-10T15:47:04.881Z,buy,1.09e-06,90.0,9.81e-05
VIB/BTC,1607615226020,2020-12-10T15:47:06.020Z,buy,1.09e-06,2528.0,0.00275552
VIB/BTC,1607615226163,2020-12-10T15:47:06.163Z,buy,1.09e-06,90.0,9.81e-05
VIB/BTC,1607615226176,2020-12-10T15:47:06.176Z,buy,1.09e-06,90.0,9.81e-05
VIB/BTC,1607615227175,2020-12-10T15:47:07.175Z,buy,1.09e-06,90.0,9.81e-05
VIB/BTC,1607615227194,2020-12-10T15:47:07.194Z,buy,1.09e-06,90.0,9.81e-05
VIB/BTC,1607615228369,2020-12-10T15:47:08.369Z,buy,1.09e-06,90.0,9.81e-05
VIB/BTC,1607615228371,2020-12-10T15:47:08.371Z,buy,1.09e-06,90.0,9.81e-05
VIB/BTC,1607615229354,2020-12-10T15:47:09.354Z,buy,1.09e-06,90.0,9.81e-05
VIB/BTC,1607615229933,2020-12-10T15:47:09.933Z,buy,1.09e-06,812.0,0.00088508
VIB/BTC,1607615230475,2020-12-10T15:47:10.475Z,buy,1.09e-06,90.0,9.81e-05
VIB/BTC,1607615233487,2020-12-10T15:47:13.487Z,sell,1.08e-06,836.0,0.00090288
VIB/BTC,1607615239874,2020-12-10T15:47:19.874Z,sell,1.08e-06,18936.0,0.02045088
VIB/BTC,1607615243955,2020-12-10T15:47:23.955Z,buy,1.09e-06,90.0,9.81e-05
VIB/BTC,1607615245649,2020-12-10T15:47:25.649Z,buy,1.09e-06,90.0,9.81e-05
VIB/BTC,1607615246303,2020-12-10T15:47:26.303Z,buy,1.09e-06,90.0,9.81e-05
VIB/BTC,1607615246662,2020-12-10T15:47:26.662Z,buy,1.09e-06,90.0,9.81e-05
VIB/BTC,1607615246832,2020-12-10T15:47:26.832Z,buy,1.09e-06,90.0,9.81e-05
VIB/BTC,1607615247140,2020-12-10T15:47:27.140Z,buy,1.09e-06,90.0,9.81e-05
VIB/BTC,1607615247281,2020-12-10T15:47:27.281Z,buy,1.09e-06,90.0,9.81e-05
VIB/BTC,1607615248168,2020-12-10T15:47:28.168Z,buy,1.09e-06,90.0,9.81e-05
VIB/BTC,1607615248611,2020-12-10T15:47:28.611Z,buy,1.09e-06,2800.0,0.003052
VIB/BTC,1607615249594,2020-12-10T15:47:29.594Z,buy,1.09e-06,90.0,9.81e-05
VIB/BTC,1607615249827,2020-12-10T15:47:29.827Z,buy,1.09e-06,90.0,9.81e-05
VIB/BTC,1607615252631,2020-12-10T15:47:32.631Z,sell,1.08e-06,5576.0,0.00602208
VIB/BTC,1607615263327,2020-12-10T15:47:43.327Z,buy,1.08e-06,5005.0,0.0054054
VIB/BTC,1607615268541,2020-12-10T15:47:48.541Z,buy,1.08e-06,388.0,0.00041904
VIB/BTC,1607615275058,2020-12-10T15:47:55.058Z,sell,1.07e-06,2967.0,0.00317469
VIB/BTC,1607615282651,2020-12-10T15:48:02.651Z,sell,1.07e-06,1134.0,0.00121338
VIB/BTC,1607615287849,2020-12-10T15:48:07.849Z,sell,1.07e-06,11227.0,0.0120128899999999
VIB/BTC,1607615300123,2020-12-10T15:48:20.123Z,sell,1.07e-06,237.0,0.00025359
VIB/BTC,1607615301765,2020-12-10T15:48:21.765Z,buy,1.08e-06,2341.0,0.00252828
VIB/BTC,1607615304548,2020-12-10T15:48:24.548Z,buy,1.08e-06,3453.0,0.00372924
VIB/BTC,1607615304548,2020-12-10T15:48:24.548Z,buy,1.09e-06,51843.0,0.0565088699999999
VIB/BTC,1607615305229,2020-12-10T15:48:25.229Z,sell,1.08e-06,659.0,0.00071172
VIB/BTC,1607615310846,2020-12-10T15:48:30.846Z,buy,1.09e-06,1149.0,0.00125241
VIB/BTC,1607615315529,2020-12-10T15:48:35.529Z,buy,1.09e-06,5241.0,0.0057126899999999
VIB/BTC,1607615315529,2020-12-10T15:48:35.529Z,buy,1.1e-06,34895.0,0.0383845
VIB/BTC,1607615315699,2020-12-10T15:48:35.699Z,buy,1.1e-06,284.0,0.0003124
VIB/BTC,1607615317128,2020-12-10T15:48:37.128Z,buy,1.1e-06,425.0,0.0004675
VIB/BTC,1607615317296,2020-12-10T15:48:37.296Z,sell,1.09e-06,1209.0,0.00131781
VIB/BTC,1607615318499,2020-12-10T15:48:38.499Z,sell,1.08e-06,2052.0,0.00221616
VIB/BTC,1607615320147,2020-12-10T15:48:40.147Z,sell,1.08e-06,564.0,0.00060912
VIB/BTC,1607615321034,2020-12-10T15:48:41.034Z,buy,1.09e-06,206.0,0.00022454
VIB/BTC,1607615321663,2020-12-10T15:48:41.663Z,sell,1.08e-06,512.0,0.00055296
VIB/BTC,1607615324021,2020-12-10T15:48:44.021Z,buy,1.09e-06,311.0,0.00033899
VIB/BTC,1607615324419,2020-12-10T15:48:44.419Z,buy,1.09e-06,155.0,0.00016895
VIB/BTC,1607615328578,2020-12-10T15:48:48.578Z,sell,1.08e-06,1317.0,0.00142236
VIB/BTC,1607615334899,2020-12-10T15:48:54.899Z,buy,1.09e-06,9426.0,0.01027434
VIB/BTC,1607615341974,2020-12-10T15:49:01.974Z,sell,1.08e-06,53810.0,0.0581148
VIB/BTC,1607615352837,2020-12-10T15:49:12.837Z,sell,1.07e-06,11068.0,0.0118427599999999
VIB/BTC,1607615357345,2020-12-10T15:49:17.345Z,buy,1.08e-06,234.0,0.00025272
VIB/BTC,1607615357926,2020-12-10T15:49:17.926Z,buy,1.08e-06,1308.0,0.00141264
VIB/BTC,1607615359301,2020-12-10T15:49:19.301Z,sell,1.07e-06,11226.0,0.01201182
VIB/BTC,1607615362076,2020-12-10T15:49:22.076Z,buy,1.07e-06,1153.0,0.0012337099999999
VIB/BTC,1607615376062,2020-12-10T15:49:36.062Z,sell,1.07e-06,2619.0,0.0028023299999999
VIB/BTC,1607615379411,2020-12-10T15:49:39.411Z,sell,1.07e-06,1638.0,0.0017526599999999
VIB/BTC,1607615380363,2020-12-10T15:49:40.363Z,sell,1.06e-06,11692.0,0.01239352
VIB/BTC,1607615380363,2020-12-10T15:49:40.363Z,sell,1.05e-06,62417.0,0.06553785
VIB/BTC,1607615380363,2020-12-10T15:49:40.363Z,sell,1.05e-06,108.0,0.0001133999999999
VIB/BTC,1607615380373,2020-12-10T15:49:40.373Z,buy,1.07e-06,35.0,3.745e-05
VIB/BTC,1607615380675,2020-12-10T15:49:40.675Z,sell,1.05e-06,2787.0,0.00292635
VIB/BTC,1607615380769,2020-12-10T15:49:40.769Z,buy,1.07e-06,5695.0,0.00609365
VIB/BTC,1607615380917,2020-12-10T15:49:40.917Z,sell,1.07e-06,54.0,5.777999999999999e-05
VIB/BTC,1607615381023,2020-12-10T15:49:41.023Z,buy,1.06e-06,185.0,0.0001961
VIB/BTC,1607615381181,2020-12-10T15:49:41.181Z,buy,1.06e-06,779.0,0.00082574
VIB/BTC,1607615381186,2020-12-10T15:49:41.186Z,sell,1.06e-06,212.0,0.00022472
VIB/BTC,1607615387117,2020-12-10T15:49:47.117Z,sell,1.07e-06,934.0,0.00099938
VIB/BTC,1607615396470,2020-12-10T15:49:56.470Z,sell,1.07e-06,8668.0,0.00927476
VIB/BTC,1607615425995,2020-12-10T15:50:25.995Z,sell,1.06e-06,4900.0,0.005194
VIB/BTC,1607615429694,2020-12-10T15:50:29.694Z,sell,1.06e-06,77.0,8.162e-05
VIB/BTC,1607615429694,2020-12-10T15:50:29.694Z,sell,1.05e-06,2602.0,0.0027321
VIB/BTC,1607615437102,2020-12-10T15:50:37.102Z,buy,1.06e-06,6470.0,0.0068582
VIB/BTC,1607615450235,2020-12-10T15:50:50.235Z,sell,1.05e-06,1023.0,0.0010741499999999
VIB/BTC,1607615452124,2020-12-10T15:50:52.124Z,buy,1.06e-06,165.0,0.0001749
VIB/BTC,1607615455948,2020-12-10T15:50:55.948Z,buy,1.06e-06,6429.0,0.00681474
VIB/BTC,1607615491813,2020-12-10T15:51:31.813Z,sell,1.06e-06,1705.0,0.0018073
VIB/BTC,1607615493013,2020-12-10T15:51:33.013Z,sell,1.06e-06,1038.0,0.00110028
VIB/BTC,1607615501024,2020-12-10T15:51:41.024Z,sell,1.06e-06,11097.0,0.01176282
VIB/BTC,1607615513690,2020-12-10T15:51:53.690Z,sell,1.05e-06,1977.0,0.0020758499999999
VIB/BTC,1607615521070,2020-12-10T15:52:01.070Z,sell,1.05e-06,38230.0,0.0401415
VIB/BTC,1607615521091,2020-12-10T15:52:01.091Z,buy,1.05e-06,13429.0,0.0141004499999999
VIB/BTC,1607615591895,2020-12-10T15:53:11.895Z,buy,1.05e-06,6296.0,0.0066107999999999
VIB/BTC,1607615594552,2020-12-10T15:53:14.552Z,sell,1.04e-06,3833.0,0.00398632
VIB/BTC,1607615657364,2020-12-10T15:54:17.364Z,sell,1.04e-06,5387.0,0.00560248
VIB/BTC,1607615657364,2020-12-10T15:54:17.364Z,sell,1.03e-06,45683.0,0.04705349
VIB/BTC,1607615657364,2020-12-10T15:54:17.364Z,sell,1.02e-06,47690.0,0.0486438
VIB/BTC,1607615657364,2020-12-10T15:54:17.364Z,sell,1.01e-06,117473.0,0.11864773
VIB/BTC,1607615657376,2020-12-10T15:54:17.376Z,buy,1.02e-06,509.0,0.0005191799999999
VIB/BTC,1607615659520,2020-12-10T15:54:19.520Z,buy,1.02e-06,877.0,0.00089454
VIB/BTC,1607615659531,2020-12-10T15:54:19.531Z,buy,1.02e-06,162.0,0.0001652399999999
VIB/BTC,1607615659571,2020-12-10T15:54:19.571Z,buy,1.02e-06,237.0,0.00024174
VIB/BTC,1607615664497,2020-12-10T15:54:24.497Z,buy,1.02e-06,980.0,0.0009996
VIB/BTC,1607615683205,2020-12-10T15:54:43.205Z,sell,1.02e-06,9504.0,0.0096940799999999
VIB/BTC,1607615684488,2020-12-10T15:54:44.488Z,sell,1.02e-06,2794.0,0.00284988
VIB/BTC,1607615705143,2020-12-10T15:55:05.143Z,sell,1.02e-06,9504.0,0.0096940799999999
VIB/BTC,1607615711104,2020-12-10T15:55:11.104Z,sell,1.02e-06,5005.0,0.0051051
VIB/BTC,1607615739845,2020-12-10T15:55:39.845Z,buy,1.03e-06,612.0,0.00063036
VIB/BTC,1607615764773,2020-12-10T15:56:04.773Z,buy,1.03e-06,4956.0,0.00510468
VIB/BTC,1607615789518,2020-12-10T15:56:29.518Z,sell,1.02e-06,2152.0,0.00219504
VIB/BTC,1607615799588,2020-12-10T15:56:39.588Z,sell,1.02e-06,145.0,0.0001479
VIB/BTC,1607615824725,2020-12-10T15:57:04.725Z,sell,1.02e-06,31338.0,0.03196476
VIB/BTC,1607615825226,2020-12-10T15:57:05.226Z,buy,1.02e-06,1862.0,0.00189924
VIB/BTC,1607615838047,2020-12-10T15:57:18.047Z,sell,1.01e-06,2258.0,0.00228058
VIB/BTC,1607615838047,2020-12-10T15:57:18.047Z,sell,1e-06,4031.0,0.004031
VIB/BTC,1607615838099,2020-12-10T15:57:18.099Z,buy,1.01e-06,333.0,0.00033633
VIB/BTC,1607615848224,2020-12-10T15:57:28.224Z,buy,1.01e-06,124.0,0.00012524
VIB/BTC,1607615851968,2020-12-10T15:57:31.968Z,buy,1.01e-06,36.0,3.636e-05
VIB/BTC,1607615851968,2020-12-10T15:57:31.968Z,sell,1e-06,31511.0,0.031511
VIB/BTC,1607615852839,2020-12-10T15:57:32.839Z,sell,1e-06,202.0,0.000202
VIB/BTC,1607615854265,2020-12-10T15:57:34.265Z,sell,1e-06,274.0,0.000274
VIB/BTC,1607615858147,2020-12-10T15:57:38.147Z,buy,1.01e-06,117.0,0.00011817
VIB/BTC,1607615911698,2020-12-10T15:58:31.698Z,buy,1.01e-06,13132.0,0.01326332
VIB/BTC,1607615911966,2020-12-10T15:58:31.966Z,sell,1.01e-06,6670.0,0.0067367
VIB/BTC,1607615913252,2020-12-10T15:58:33.252Z,buy,1.01e-06,1128.0,0.00113928
VIB/BTC,1607615940087,2020-12-10T15:59:00.087Z,buy,1.01e-06,5305.0,0.00535805
VIB/BTC,1607615990182,2020-12-10T15:59:50.182Z,buy,1.01e-06,24882.0,0.02513082
VIB/BTC,1607615994804,2020-12-10T15:59:54.804Z,sell,1e-06,26683.0,0.026683
VIB/BTC,1607615999392,2020-12-10T15:59:59.392Z,buy,1.01e-06,842.0,0.00085042
VIB/BTC,1607616020952,2020-12-10T16:00:20.952Z,sell,1.01e-06,2035.0,0.00205535
VIB/BTC,1607616045754,2020-12-10T16:00:45.754Z,buy,1.01e-06,90036.0,0.09093636
VIB/BTC,1607616045754,2020-12-10T16:00:45.754Z,buy,1.02e-06,67998.0,0.06935796
VIB/BTC,1607616064549,2020-12-10T16:01:04.549Z,buy,1.02e-06,37211.0,0.03795522
VIB/BTC,1607616072117,2020-12-10T16:01:12.117Z,buy,1.03e-06,10636.0,0.01095508
VIB/BTC,1607616072124,2020-12-10T16:01:12.124Z,sell,1.03e-06,14326.0,0.01475578
VIB/BTC,1607616072126,2020-12-10T16:01:12.126Z,sell,1.03e-06,14326.0,0.01475578
VIB/BTC,1607616072131,2020-12-10T16:01:12.131Z,sell,1.03e-06,2307.0,0.00237621
VIB/BTC,1607616072132,2020-12-10T16:01:12.132Z,sell,1.03e-06,1222.0,0.00125866
VIB/BTC,1607616072197,2020-12-10T16:01:12.197Z,buy,1.04e-06,4024.0,0.00418496
VIB/BTC,1607616085884,2020-12-10T16:01:25.884Z,buy,1.04e-06,2306.0,0.00239824
VIB/BTC,1607616086859,2020-12-10T16:01:26.859Z,buy,1.04e-06,9878.0,0.01027312
VIB/BTC,1607616107373,2020-12-10T16:01:47.373Z,buy,1.04e-06,2700.0,0.002808
VIB/BTC,1607616107581,2020-12-10T16:01:47.581Z,buy,1.04e-06,34.0,3.536e-05
VIB/BTC,1607616122270,2020-12-10T16:02:02.270Z,buy,1.04e-06,960.0,0.0009984
VIB/BTC,1607616148902,2020-12-10T16:02:28.902Z,sell,1.03e-06,8541.0,0.00879723
VIB/BTC,1607616154315,2020-12-10T16:02:34.315Z,buy,1.04e-06,17642.0,0.01834768
VIB/BTC,1607616154561,2020-12-10T16:02:34.561Z,sell,1.04e-06,961.0,0.00099944
VIB/BTC,1607616155914,2020-12-10T16:02:35.914Z,sell,1.04e-06,3941.0,0.00409864
VIB/BTC,1607616158252,2020-12-10T16:02:38.252Z,sell,1.04e-06,1467.0,0.00152568
VIB/BTC,1607616158417,2020-12-10T16:02:38.417Z,buy,1.04e-06,488.0,0.00050752
VIB/BTC,1607616160079,2020-12-10T16:02:40.079Z,buy,1.04e-06,23047.0,0.02396888
VIB/BTC,1607616161917,2020-12-10T16:02:41.917Z,sell,1.04e-06,961.0,0.00099944
VIB/BTC,1607616172083,2020-12-10T16:02:52.083Z,sell,1.04e-06,3922.0,0.00407888
VIB/BTC,1607616181529,2020-12-10T16:03:01.529Z,sell,1.04e-06,577.0,0.00060008
VIB/BTC,1607616205533,2020-12-10T16:03:25.533Z,sell,1.04e-06,2832.0,0.0029452799999999
VIB/BTC,1607616225477,2020-12-10T16:03:45.477Z,buy,1.04e-06,476.0,0.00049504
VIB/BTC,1607616233448,2020-12-10T16:03:53.448Z,buy,1.04e-06,857.0,0.00089128
VIB/BTC,1607616249958,2020-12-10T16:04:09.958Z,buy,1.04e-06,116.0,0.00012064
VIB/BTC,1607616253157,2020-12-10T16:04:13.157Z,buy,1.04e-06,1322.0,0.00137488
VIB/BTC,1607616271828,2020-12-10T16:04:31.828Z,sell,1.04e-06,100.0,0.000104
VIB/BTC,1607616279066,2020-12-10T16:04:39.066Z,sell,1.04e-06,7430.0,0.0077272
VIB/BTC,1607616296740,2020-12-10T16:04:56.740Z,sell,1.04e-06,7407.0,0.00770328
VIB/BTC,1607616298907,2020-12-10T16:04:58.907Z,buy,1.04e-06,35.0,3.64e-05
VIB/BTC,1607616302111,2020-12-10T16:05:02.111Z,sell,1.03e-06,41878.0,0.04313434
VIB/BTC,1607616304770,2020-12-10T16:05:04.770Z,buy,1.04e-06,6422.0,0.00667888
VIB/BTC,1607616315866,2020-12-10T16:05:15.866Z,buy,1.04e-06,2910.0,0.0030264
VIB/BTC,1607616352519,2020-12-10T16:05:52.519Z,buy,1.04e-06,220.0,0.0002288
VIB/BTC,1607616360681,2020-12-10T16:06:00.681Z,sell,1.03e-06,109.0,0.00011227
VIB/BTC,1607616380168,2020-12-10T16:06:20.168Z,sell,1.03e-06,933.0,0.00096099
VIB/BTC,1607616385464,2020-12-10T16:06:25.464Z,sell,1.03e-06,4074.0,0.00419622
VIB/BTC,1607616395699,2020-12-10T16:06:35.699Z,sell,1.02e-06,10114.0,0.01031628
VIB/BTC,1607616395709,2020-12-10T16:06:35.709Z,buy,1.02e-06,1093.0,0.00111486
VIB/BTC,1607616395710,2020-12-10T16:06:35.710Z,buy,1.02e-06,2274.0,0.00231948
VIB/BTC,1607616404014,2020-12-10T16:06:44.014Z,buy,1.02e-06,114.0,0.0001162799999999
VIB/BTC,1607616404419,2020-12-10T16:06:44.419Z,sell,1.01e-06,110.0,0.0001111
VIB/BTC,1607616406087,2020-12-10T16:06:46.087Z,sell,1.01e-06,4956.0,0.00500556
VIB/BTC,1607616412514,2020-12-10T16:06:52.514Z,buy,1.02e-06,108.0,0.00011016
VIB/BTC,1607616421358,2020-12-10T16:07:01.358Z,sell,1.01e-06,108.0,0.00010908
VIB/BTC,1607616430623,2020-12-10T16:07:10.623Z,buy,1.02e-06,1166.0,0.00118932
VIB/BTC,1607616435917,2020-12-10T16:07:15.917Z,buy,1.02e-06,107.0,0.00010914
VIB/BTC,1607616437615,2020-12-10T16:07:17.615Z,buy,1.02e-06,6134.0,0.00625668
VIB/BTC,1607616441590,2020-12-10T16:07:21.590Z,sell,1.01e-06,107.0,0.00010807
VIB/BTC,1607616450640,2020-12-10T16:07:30.640Z,buy,1.02e-06,1167.0,0.00119034
VIB/BTC,1607616455072,2020-12-10T16:07:35.072Z,buy,1.02e-06,106.0,0.00010812
VIB/BTC,1607616461921,2020-12-10T16:07:41.921Z,sell,1.01e-06,106.0,0.00010706
VIB/BTC,1607616493003,2020-12-10T16:08:13.003Z,buy,1.02e-06,255.0,0.0002601
VIB/BTC,1607616505960,2020-12-10T16:08:25.960Z,buy,1.02e-06,105.0,0.0001071
VIB/BTC,1607616510693,2020-12-10T16:08:30.693Z,sell,1.01e-06,105.0,0.00010605
VIB/BTC,1607616521276,2020-12-10T16:08:41.276Z,buy,1.02e-06,9384.0,0.0095716799999999
VIB/BTC,1607616529729,2020-12-10T16:08:49.729Z,buy,1.02e-06,104.0,0.00010608
VIB/BTC,1607616534043,2020-12-10T16:08:54.043Z,sell,1.01e-06,104.0,0.00010504
VIB/BTC,1607616546342,2020-12-10T16:09:06.342Z,sell,1.01e-06,1595.0,0.00161095
VIB/BTC,1607616560887,2020-12-10T16:09:20.887Z,sell,1.01e-06,12529.0,0.01265429
VIB/BTC,1607616569942,2020-12-10T16:09:29.942Z,buy,1.02e-06,875.0,0.0008925
VIB/BTC,1607616572548,2020-12-10T16:09:32.548Z,buy,1.02e-06,103.0,0.00010506
VIB/BTC,1607616576562,2020-12-10T16:09:36.562Z,sell,1.01e-06,103.0,0.00010403
VIB/BTC,1607616579220,2020-12-10T16:09:39.220Z,sell,1.01e-06,47042.0,0.04751242
VIB/BTC,1607616587747,2020-12-10T16:09:47.747Z,sell,1.01e-06,1819.0,0.00183719
VIB/BTC,1607616588325,2020-12-10T16:09:48.325Z,sell,1.01e-06,2331.0,0.00235431
VIB/BTC,1607616594324,2020-12-10T16:09:54.324Z,sell,1.01e-06,12092.0,0.01221292
VIB/BTC,1607616594324,2020-12-10T16:09:54.324Z,sell,1e-06,303734.0,0.303734
VIB/BTC,1607616594742,2020-12-10T16:09:54.742Z,sell,1e-06,2339.0,0.002339
VIB/BTC,1607616595166,2020-12-10T16:09:55.166Z,buy,1.01e-06,613.0,0.00061913
VIB/BTC,1607616597948,2020-12-10T16:09:57.948Z,buy,1.01e-06,692.0,0.00069892
VIB/BTC,1607616632205,2020-12-10T16:10:32.205Z,buy,1.01e-06,990.0,0.0009999
VIB/BTC,1607616634461,2020-12-10T16:10:34.461Z,buy,1.02e-06,102.0,0.00010404
VIB/BTC,1607616714279,2020-12-10T16:11:54.279Z,buy,1.02e-06,112.0,0.0001142399999999
VIB/BTC,1607616718970,2020-12-10T16:11:58.970Z,buy,1.02e-06,11807.0,0.0120431399999999
VIB/BTC,1607616744234,2020-12-10T16:12:24.234Z,sell,1.01e-06,3148.0,0.00317948
VIB/BTC,1607616748715,2020-12-10T16:12:28.715Z,buy,1.02e-06,11628.0,0.01186056
VIB/BTC,1607616754222,2020-12-10T16:12:34.222Z,sell,1.02e-06,284.0,0.00028968
VIB/BTC,1607616754225,2020-12-10T16:12:34.225Z,sell,1.02e-06,4837.0,0.00493374
VIB/BTC,1607616838950,2020-12-10T16:13:58.950Z,buy,1.02e-06,6551.0,0.0066820199999999
VIB/BTC,1607616838950,2020-12-10T16:13:58.950Z,buy,1.03e-06,245.0,0.00025235
VIB/BTC,1607616958185,2020-12-10T16:15:58.185Z,sell,1.01e-06,2731.0,0.00275831
VIB/BTC,1607616960995,2020-12-10T16:16:00.995Z,buy,1.02e-06,1284.0,0.00130968
VIB/BTC,1607616968201,2020-12-10T16:16:08.201Z,buy,1.03e-06,961.0,0.00098983
VIB/BTC,1607616968332,2020-12-10T16:16:08.332Z,buy,1.03e-06,538.0,0.00055414
VIB/BTC,1607616968511,2020-12-10T16:16:08.511Z,sell,1.02e-06,759.0,0.00077418
VIB/BTC,1607616968512,2020-12-10T16:16:08.512Z,sell,1.02e-06,273.0,0.00027846
VIB/BTC,1607616971933,2020-12-10T16:16:11.933Z,buy,1.03e-06,98.0,0.00010094
VIB/BTC,1607616983736,2020-12-10T16:16:23.736Z,sell,1.02e-06,229.0,0.00023358
VIB/BTC,1607617040227,2020-12-10T16:17:20.227Z,buy,1.02e-06,291.0,0.00029682
VIB/BTC,1607617070515,2020-12-10T16:17:50.515Z,buy,1.02e-06,582.0,0.00059364
VIB/BTC,1607617076844,2020-12-10T16:17:56.844Z,buy,1.02e-06,1754.0,0.00178908
VIB/BTC,1607617081168,2020-12-10T16:18:01.168Z,buy,1.03e-06,489.0,0.00050367
VIB/BTC,1607617097047,2020-12-10T16:18:17.047Z,sell,1.02e-06,185.0,0.0001887
VIB/BTC,1607617109801,2020-12-10T16:18:29.801Z,buy,1.03e-06,5501.0,0.00566603
VIB/BTC,1607617111632,2020-12-10T16:18:31.632Z,buy,1.04e-06,116.0,0.00012064
VIB/BTC,1607617113162,2020-12-10T16:18:33.162Z,sell,1.03e-06,195.0,0.00020085
VIB/BTC,1607617159360,2020-12-10T16:19:19.360Z,buy,1.03e-06,4011.0,0.00413133
VIB/BTC,1607617168915,2020-12-10T16:19:28.915Z,sell,1.03e-06,42682.0,0.04396246
VIB/BTC,1607617178844,2020-12-10T16:19:38.844Z,buy,1.04e-06,100.0,0.000104
VIB/BTC,1607617266435,2020-12-10T16:21:06.435Z,buy,1.04e-06,34.0,3.536e-05
VIB/BTC,1607617336651,2020-12-10T16:22:16.651Z,buy,1.04e-06,313.0,0.00032552
VIB/BTC,1607617387367,2020-12-10T16:23:07.367Z,buy,1.04e-06,38289.0,0.03982056
VIB/BTC,1607617388079,2020-12-10T16:23:08.079Z,sell,1.04e-06,99.0,0.00010296
VIB/BTC,1607617394091,2020-12-10T16:23:14.091Z,buy,1.05e-06,97.0,0.00010185
VIB/BTC,1607617427505,2020-12-10T16:23:47.505Z,buy,1.04e-06,14554.0,0.01513616
VIB/BTC,1607617429272,2020-12-10T16:23:49.272Z,buy,1.04e-06,9614.0,0.00999856
VIB/BTC,1607617450070,2020-12-10T16:24:10.070Z,buy,1.04e-06,14181.0,0.01474824
VIB/BTC,1607617454540,2020-12-10T16:24:14.540Z,buy,1.05e-06,687.0,0.0007213499999999
VIB/BTC,1607617455156,2020-12-10T16:24:15.156Z,buy,1.05e-06,96.0,0.0001007999999999
VIB/BTC,1607617505947,2020-12-10T16:25:05.947Z,buy,1.05e-06,9619.0,0.01009995
VIB/BTC,1607617535127,2020-12-10T16:25:35.127Z,sell,1.04e-06,2700.0,0.002808
VIB/BTC,1607617542125,2020-12-10T16:25:42.125Z,buy,1.05e-06,785.0,0.0008242499999999
VIB/BTC,1607617574553,2020-12-10T16:26:14.553Z,sell,1.04e-06,350.0,0.000364
VIB/BTC,1607617575423,2020-12-10T16:26:15.423Z,sell,1.04e-06,350.0,0.000364
VIB/BTC,1607617594873,2020-12-10T16:26:34.873Z,sell,1.04e-06,420.0,0.0004368
VIB/BTC,1607617600391,2020-12-10T16:26:40.391Z,buy,1.05e-06,103.0,0.0001081499999999
VIB/BTC,1607617763283,2020-12-10T16:29:23.283Z,buy,1.05e-06,65038.0,0.0682898999999999
VIB/BTC,1607617764299,2020-12-10T16:29:24.299Z,sell,1.05e-06,538.0,0.0005648999999999
VIB/BTC,1607617764684,2020-12-10T16:29:24.684Z,sell,1.05e-06,313.0,0.00032865
VIB/BTC,1607617768902,2020-12-10T16:29:28.902Z,buy,1.06e-06,100.0,0.000106
VIB/BTC,1607617790060,2020-12-10T16:29:50.060Z,buy,1.06e-06,6333.0,0.00671298
VIB/BTC,1607617792247,2020-12-10T16:29:52.247Z,buy,1.06e-06,1907.0,0.00202142
VIB/BTC,1607617805278,2020-12-10T16:30:05.278Z,sell,1.05e-06,538.0,0.0005648999999999
VIB/BTC,1607617809534,2020-12-10T16:30:09.534Z,buy,1.06e-06,254.0,0.00026924
VIB/BTC,1607617810656,2020-12-10T16:30:10.656Z,buy,1.06e-06,104.0,0.00011024
VIB/BTC,1607617822036,2020-12-10T16:30:22.036Z,sell,1.05e-06,8164.0,0.0085721999999999
VIB/BTC,1607617824412,2020-12-10T16:30:24.412Z,sell,1.05e-06,350.0,0.0003675
VIB/BTC,1607617824885,2020-12-10T16:30:24.885Z,sell,1.05e-06,350.0,0.0003675
VIB/BTC,1607617825372,2020-12-10T16:30:25.372Z,sell,1.05e-06,350.0,0.0003675
VIB/BTC,1607617825828,2020-12-10T16:30:25.828Z,sell,1.05e-06,400.0,0.0004199999999999
VIB/BTC,1607617826319,2020-12-10T16:30:26.319Z,sell,1.05e-06,400.0,0.0004199999999999
VIB/BTC,1607617826967,2020-12-10T16:30:26.967Z,sell,1.05e-06,350.0,0.0003675
VIB/BTC,1607617827437,2020-12-10T16:30:27.437Z,buy,1.06e-06,30.0,3.18e-05
VIB/BTC,1607617827437,2020-12-10T16:30:27.437Z,sell,1.05e-06,350.0,0.0003675
VIB/BTC,1607617827764,2020-12-10T16:30:27.764Z,sell,1.05e-06,119.0,0.00012495
VIB/BTC,1607617831537,2020-12-10T16:30:31.537Z,buy,1.06e-06,105.0,0.0001113
VIB/BTC,1607617837326,2020-12-10T16:30:37.326Z,sell,1.05e-06,538.0,0.0005648999999999
VIB/BTC,1607617839723,2020-12-10T16:30:39.723Z,buy,1.06e-06,189.0,0.00020034
VIB/BTC,1607617893632,2020-12-10T16:31:33.632Z,sell,1.05e-06,18436.0,0.0193577999999999
VIB/BTC,1607617912232,2020-12-10T16:31:52.232Z,buy,1.05e-06,1152.0,0.0012096
VIB/BTC,1607617924037,2020-12-10T16:32:04.037Z,buy,1.06e-06,63276.0,0.06707256
VIB/BTC,1607617924048,2020-12-10T16:32:04.048Z,sell,1.06e-06,2224.0,0.00235744
VIB/BTC,1607617924049,2020-12-10T16:32:04.049Z,sell,1.06e-06,4367.0,0.00462902
VIB/BTC,1607617925246,2020-12-10T16:32:05.246Z,sell,1.05e-06,538.0,0.0005648999999999
VIB/BTC,1607617949744,2020-12-10T16:32:29.744Z,sell,1.05e-06,400.0,0.0004199999999999
VIB/BTC,1607617950218,2020-12-10T16:32:30.218Z,sell,1.05e-06,400.0,0.0004199999999999
VIB/BTC,1607617950686,2020-12-10T16:32:30.686Z,sell,1.05e-06,400.0,0.0004199999999999
VIB/BTC,1607617958700,2020-12-10T16:32:38.700Z,sell,1.05e-06,439.0,0.0004609499999999
VIB/BTC,1607617975360,2020-12-10T16:32:55.360Z,sell,1.04e-06,6000.0,0.00624
VIB/BTC,1607617978903,2020-12-10T16:32:58.903Z,buy,1.05e-06,1232.0,0.0012935999999999
VIB/BTC,1607617978903,2020-12-10T16:32:58.903Z,buy,1.06e-06,4890.0,0.0051834
VIB/BTC,1607617980983,2020-12-10T16:33:00.983Z,sell,1.04e-06,6000.0,0.00624
VIB/BTC,1607617981669,2020-12-10T16:33:01.669Z,buy,1.05e-06,952.0,0.0009996
VIB/BTC,1607617981669,2020-12-10T16:33:01.669Z,buy,1.06e-06,243.0,0.00025758
VIB/BTC,1607618008633,2020-12-10T16:33:28.633Z,buy,1.06e-06,1047.0,0.00110982
VIB/BTC,1607618173148,2020-12-10T16:36:13.148Z,sell,1.04e-06,5000.0,0.0052
VIB/BTC,1607618178596,2020-12-10T16:36:18.596Z,buy,1.05e-06,199.0,0.0002089499999999
VIB/BTC,1607618187860,2020-12-10T16:36:27.860Z,buy,1.05e-06,33.0,3.4649999999999995e-05
VIB/BTC,1607618286902,2020-12-10T16:38:06.902Z,buy,1.05e-06,3904.0,0.0040992
VIB/BTC,1607618359567,2020-12-10T16:39:19.567Z,buy,1.05e-06,471.0,0.00049455
VIB/BTC,1607618492888,2020-12-10T16:41:32.888Z,buy,1.05e-06,499.0,0.0005239499999999
VIB/BTC,1607618492905,2020-12-10T16:41:32.905Z,buy,1.05e-06,470.0,0.0004934999999999
VIB/BTC,1607618492905,2020-12-10T16:41:32.905Z,buy,1.05e-06,470.0,0.0004934999999999
VIB/BTC,1607618505407,2020-12-10T16:41:45.407Z,sell,1.04e-06,4517.0,0.00469768
VIB/BTC,1607618513693,2020-12-10T16:41:53.693Z,buy,1.05e-06,7334.0,0.0077006999999999
VIB/BTC,1607618525499,2020-12-10T16:42:05.499Z,buy,1.05e-06,1473.0,0.0015466499999999
VIB/BTC,1607618574917,2020-12-10T16:42:54.917Z,sell,1.04e-06,15603.0,0.01622712
VIB/BTC,1607618589483,2020-12-10T16:43:09.483Z,sell,1.04e-06,420.0,0.0004368
VIB/BTC,1607618591346,2020-12-10T16:43:11.346Z,buy,1.05e-06,115.0,0.00012075
VIB/BTC,1607618777414,2020-12-10T16:46:17.414Z,buy,1.05e-06,776.0,0.0008148
VIB/BTC,1607618804570,2020-12-10T16:46:44.570Z,buy,1.05e-06,27.0,2.835e-05
VIB/BTC,1607618890022,2020-12-10T16:48:10.022Z,sell,1.04e-06,23034.0,0.02395536
VIB/BTC,1607618890022,2020-12-10T16:48:10.022Z,sell,1.03e-06,126588.0,0.13038564
VIB/BTC,1607618890022,2020-12-10T16:48:10.022Z,sell,1.03e-06,1041.0,0.00107223
VIB/BTC,1607618890379,2020-12-10T16:48:10.379Z,sell,1.03e-06,167.0,0.00017201
VIB/BTC,1607618891912,2020-12-10T16:48:11.912Z,sell,1.03e-06,117.0,0.00012051
VIB/BTC,1607618908607,2020-12-10T16:48:28.607Z,buy,1.04e-06,103.0,0.00010712
VIB/BTC,1607618913267,2020-12-10T16:48:33.267Z,sell,1.03e-06,4556.0,0.00469268
VIB/BTC,1607618922304,2020-12-10T16:48:42.304Z,buy,1.04e-06,100.0,0.000104
VIB/BTC,1607619002233,2020-12-10T16:50:02.233Z,sell,1.03e-06,102.0,0.00010506
VIB/BTC,1607619004733,2020-12-10T16:50:04.733Z,buy,1.04e-06,108.0,0.00011232
VIB/BTC,1607619100886,2020-12-10T16:51:40.886Z,buy,1.04e-06,1631.0,0.00169624
VIB/BTC,1607619105164,2020-12-10T16:51:45.164Z,buy,1.04e-06,107.0,0.00011128
VIB/BTC,1607619121826,2020-12-10T16:52:01.826Z,sell,1.03e-06,5337.0,0.00549711
VIB/BTC,1607619128338,2020-12-10T16:52:08.338Z,buy,1.03e-06,453.0,0.00046659
VIB/BTC,1607619136442,2020-12-10T16:52:16.442Z,buy,1.04e-06,109.0,0.00011336
VIB/BTC,1607619202499,2020-12-10T16:53:22.499Z,buy,1.03e-06,105.0,0.00010815
VIB/BTC,1607619206257,2020-12-10T16:53:26.257Z,buy,1.04e-06,498.0,0.00051792
VIB/BTC,1607619211081,2020-12-10T16:53:31.081Z,buy,1.03e-06,961.0,0.00098983
VIB/BTC,1607619227602,2020-12-10T16:53:47.602Z,buy,1.03e-06,75.0,7.725000000000001e-05
VIB/BTC,1607619227602,2020-12-10T16:53:47.602Z,buy,1.04e-06,501.0,0.00052104
VIB/BTC,1607619308590,2020-12-10T16:55:08.590Z,buy,1.04e-06,11845.0,0.0123188
VIB/BTC,1607619351476,2020-12-10T16:55:51.476Z,buy,1.04e-06,34.0,3.536e-05
VIB/BTC,1607619363078,2020-12-10T16:56:03.078Z,sell,1.03e-06,1504.0,0.00154912
VIB/BTC,1607619363472,2020-12-10T16:56:03.472Z,buy,1.03e-06,3083.0,0.00317549
VIB/BTC,1607619368958,2020-12-10T16:56:08.958Z,sell,1.03e-06,420.0,0.0004326
VIB/BTC,1607619373904,2020-12-10T16:56:13.904Z,buy,1.04e-06,103.0,0.00010712
VIB/BTC,1607619398249,2020-12-10T16:56:38.249Z,sell,1.03e-06,2000.0,0.00206
VIB/BTC,1607619417279,2020-12-10T16:56:57.279Z,sell,1.02e-06,1390.0,0.0014177999999999
VIB/BTC,1607619420279,2020-12-10T16:57:00.279Z,buy,1.03e-06,100.0,0.000103
VIB/BTC,1607619456967,2020-12-10T16:57:36.967Z,buy,1.03e-06,28824.0,0.02968872
VIB/BTC,1607619461058,2020-12-10T16:57:41.058Z,sell,1.02e-06,41532.0,0.04236264
VIB/BTC,1607619462837,2020-12-10T16:57:42.837Z,buy,1.03e-06,107.0,0.00011021
VIB/BTC,1607619465533,2020-12-10T16:57:45.533Z,buy,1.03e-06,107.0,0.00011021
VIB/BTC,1607619467373,2020-12-10T16:57:47.373Z,sell,1.02e-06,121.0,0.00012342
VIB/BTC,1607619469618,2020-12-10T16:57:49.618Z,buy,1.03e-06,108.0,0.00011124
VIB/BTC,1607619494704,2020-12-10T16:58:14.704Z,buy,1.03e-06,15165.0,0.01561995
VIB/BTC,1607619505586,2020-12-10T16:58:25.586Z,sell,1.02e-06,8974.0,0.00915348
VIB/BTC,1607619527303,2020-12-10T16:58:47.303Z,buy,1.03e-06,265.0,0.00027295
VIB/BTC,1607619529798,2020-12-10T16:58:49.798Z,sell,1.01e-06,242501.0,0.24492601
VIB/BTC,1607619531290,2020-12-10T16:58:51.290Z,sell,1.01e-06,333.0,0.00033633
VIB/BTC,1607619531298,2020-12-10T16:58:51.298Z,buy,1.01e-06,333.0,0.00033633
VIB/BTC,1607619533371,2020-12-10T16:58:53.371Z,buy,1.01e-06,2323.0,0.00234623
VIB/BTC,1607619538189,2020-12-10T16:58:58.189Z,buy,1.02e-06,4281.0,0.00436662
VIB/BTC,1607619568613,2020-12-10T16:59:28.613Z,buy,1.02e-06,110.0,0.0001122
VIB/BTC,1607619608009,2020-12-10T17:00:08.009Z,buy,1.02e-06,99.0,0.00010098
VIB/BTC,1607619634971,2020-12-10T17:00:34.971Z,sell,1e-06,50096.0,0.0500959999999999
VIB/BTC,1607619635185,2020-12-10T17:00:35.185Z,sell,1e-06,332.0,0.000332
VIB/BTC,1607619641383,2020-12-10T17:00:41.383Z,sell,1e-06,420.0,0.0004199999999999
VIB/BTC,1607619642899,2020-12-10T17:00:42.899Z,buy,1.01e-06,1307.0,0.00132007
VIB/BTC,1607619657176,2020-12-10T17:00:57.176Z,buy,1.01e-06,588.0,0.00059388
VIB/BTC,1607619667473,2020-12-10T17:01:07.473Z,buy,1.01e-06,402.0,0.00040602
VIB/BTC,1607619667473,2020-12-10T17:01:07.473Z,buy,1.02e-06,10.0,1.02e-05
VIB/BTC,1607619718263,2020-12-10T17:01:58.263Z,sell,1.01e-06,21970.0,0.0221897
VIB/BTC,1607619729283,2020-12-10T17:02:09.283Z,sell,1.01e-06,759.0,0.00076659
VIB/BTC,1607619731514,2020-12-10T17:02:11.514Z,buy,1.01e-06,1883.0,0.00190183
VIB/BTC,1607619764519,2020-12-10T17:02:44.519Z,buy,1.01e-06,109.0,0.00011009
VIB/BTC,1607619800906,2020-12-10T17:03:20.906Z,sell,1e-06,6663.0,0.006663
VIB/BTC,1607619804371,2020-12-10T17:03:24.371Z,sell,1e-06,420.0,0.0004199999999999
VIB/BTC,1607619807850,2020-12-10T17:03:27.850Z,buy,1.01e-06,114.0,0.00011514
VIB/BTC,1607619807867,2020-12-10T17:03:27.867Z,sell,1e-06,17041.0,0.017041
VIB/BTC,1607619810564,2020-12-10T17:03:30.564Z,buy,1.01e-06,115.0,0.00011615
VIB/BTC,1607619810630,2020-12-10T17:03:30.630Z,buy,1.01e-06,1194.0,0.00120594
VIB/BTC,1607619813207,2020-12-10T17:03:33.207Z,sell,1.01e-06,115.0,0.00011615
VIB/BTC,1607619815440,2020-12-10T17:03:35.440Z,buy,1.01e-06,875.0,0.00088375
VIB/BTC,1607619817986,2020-12-10T17:03:37.986Z,buy,1.02e-06,100.0,0.000102
VIB/BTC,1607619818257,2020-12-10T17:03:38.257Z,buy,1.02e-06,457.0,0.00046614
VIB/BTC,1607619825061,2020-12-10T17:03:45.061Z,buy,1.02e-06,31.0,3.162e-05
VIB/BTC,1607619890121,2020-12-10T17:04:50.121Z,sell,1.01e-06,167.0,0.00016867
VIB/BTC,1607619892105,2020-12-10T17:04:52.105Z,buy,1.02e-06,100.0,0.000102
VIB/BTC,1607619916741,2020-12-10T17:05:16.741Z,sell,1.01e-06,3336.0,0.00336936
VIB/BTC,1607619918981,2020-12-10T17:05:18.981Z,buy,1.02e-06,101.0,0.00010302
VIB/BTC,1607619920704,2020-12-10T17:05:20.704Z,buy,1.02e-06,457.0,0.00046614
VIB/BTC,1607620062370,2020-12-10T17:07:42.370Z,sell,1.01e-06,12563.0,0.01268863
VIB/BTC,1607620065644,2020-12-10T17:07:45.644Z,sell,1.01e-06,420.0,0.0004242
VIB/BTC,1607620069569,2020-12-10T17:07:49.569Z,buy,1.02e-06,104.0,0.00010608
VIB/BTC,1607620090513,2020-12-10T17:08:10.513Z,buy,1.02e-06,133.0,0.0001356599999999
VIB/BTC,1607620104147,2020-12-10T17:08:24.147Z,buy,1.02e-06,1124.0,0.00114648
VIB/BTC,1607620146303,2020-12-10T17:09:06.303Z,buy,1.02e-06,77764.0,0.0793192799999999
VIB/BTC,1607620154288,2020-12-10T17:09:14.288Z,buy,1.03e-06,99.0,0.00010197
VIB/BTC,1607620154445,2020-12-10T17:09:14.445Z,buy,1.03e-06,2542.0,0.00261826
VIB/BTC,1607620165149,2020-12-10T17:09:25.149Z,buy,1.03e-06,4281.0,0.00440943
VIB/BTC,1607620167761,2020-12-10T17:09:27.761Z,buy,1.04e-06,687.0,0.00071448
VIB/BTC,1607620170627,2020-12-10T17:09:30.627Z,buy,1.04e-06,34.0,3.536e-05
VIB/BTC,1607620335890,2020-12-10T17:12:15.890Z,buy,1.03e-06,673.0,0.00069319
VIB/BTC,1607620340547,2020-12-10T17:12:20.547Z,buy,1.03e-06,384.0,0.00039552
VIB/BTC,1607620372026,2020-12-10T17:12:52.026Z,buy,1.04e-06,15345.0,0.0159588
VIB/BTC,1607620375837,2020-12-10T17:12:55.837Z,buy,1.05e-06,457.0,0.0004798499999999
VIB/BTC,1607620382723,2020-12-10T17:13:02.723Z,sell,1.04e-06,1339.0,0.00139256
VIB/BTC,1607620385886,2020-12-10T17:13:05.886Z,buy,1.05e-06,354.0,0.0003717
VIB/BTC,1607620418707,2020-12-10T17:13:38.707Z,sell,1.04e-06,14009.0,0.01456936
VIB/BTC,1607620422379,2020-12-10T17:13:42.379Z,buy,1.05e-06,103.0,0.0001081499999999
VIB/BTC,1607620427286,2020-12-10T17:13:47.286Z,sell,1.03e-06,8961.0,0.00922983
VIB/BTC,1607620429885,2020-12-10T17:13:49.885Z,buy,1.04e-06,103.0,0.00010712
VIB/BTC,1607620436315,2020-12-10T17:13:56.315Z,buy,1.04e-06,571.0,0.00059384
VIB/BTC,1607620448706,2020-12-10T17:14:08.706Z,sell,1.03e-06,1376.0,0.00141728
VIB/BTC,1607620451196,2020-12-10T17:14:11.196Z,sell,1.03e-06,420.0,0.0004326
VIB/BTC,1607620451287,2020-12-10T17:14:11.287Z,buy,1.04e-06,703.0,0.00073112
VIB/BTC,1607620455441,2020-12-10T17:14:15.441Z,buy,1.04e-06,105.0,0.0001092
VIB/BTC,1607620530171,2020-12-10T17:15:30.171Z,sell,1.03e-06,961.0,0.00098983
VIB/BTC,1607620550826,2020-12-10T17:15:50.826Z,buy,1.04e-06,457.0,0.00047528
VIB/BTC,1607620746491,2020-12-10T17:19:06.491Z,sell,1.03e-06,999.0,0.00102897
VIB/BTC,1607620748557,2020-12-10T17:19:08.557Z,buy,1.04e-06,99.0,0.00010296
VIB/BTC,1607620803414,2020-12-10T17:20:03.414Z,sell,1.03e-06,97813.0,0.10074739
VIB/BTC,1607620806390,2020-12-10T17:20:06.390Z,buy,1.03e-06,121.0,0.00012463
VIB/BTC,1607620845120,2020-12-10T17:20:45.120Z,buy,1.03e-06,108.0,0.00011124
VIB/BTC,1607620893702,2020-12-10T17:21:33.702Z,sell,1.02e-06,5160.0,0.0052632
VIB/BTC,1607620902588,2020-12-10T17:21:42.588Z,sell,1.01e-06,20452.0,0.02065652
VIB/BTC,1607620902597,2020-12-10T17:21:42.597Z,buy,1.01e-06,9732.0,0.00982932
VIB/BTC,1607620902620,2020-12-10T17:21:42.620Z,buy,1.01e-06,876.0,0.00088476
VIB/BTC,1607620902835,2020-12-10T17:21:42.835Z,buy,1.01e-06,113.0,0.00011413
VIB/BTC,1607620909145,2020-12-10T17:21:49.145Z,sell,1.01e-06,959.0,0.00096859
VIB/BTC,1607620921482,2020-12-10T17:22:01.482Z,buy,1.02e-06,104.0,0.00010608
VIB/BTC,1607620926107,2020-12-10T17:22:06.107Z,sell,1e-06,33464.0,0.033464
VIB/BTC,1607620931211,2020-12-10T17:22:11.211Z,sell,1e-06,76910.0,0.0769099999999999
VIB/BTC,1607620935529,2020-12-10T17:22:15.529Z,buy,1.01e-06,2800.0,0.002828
VIB/BTC,1607620938298,2020-12-10T17:22:18.298Z,sell,1e-06,87654.0,0.087654
VIB/BTC,1607620938317,2020-12-10T17:22:18.317Z,buy,1e-06,338.0,0.000338
VIB/BTC,1607620963118,2020-12-10T17:22:43.118Z,sell,1e-06,420.0,0.0004199999999999
VIB/BTC,1607620968134,2020-12-10T17:22:48.134Z,buy,1.01e-06,100.0,0.000101
VIB/BTC,1607620971397,2020-12-10T17:22:51.397Z,buy,1.01e-06,219.0,0.00022119
VIB/BTC,1607621044122,2020-12-10T17:24:04.122Z,buy,1.01e-06,2249.0,0.00227149
VIB/BTC,1607621050350,2020-12-10T17:24:10.350Z,sell,1e-06,2304.0,0.002304
VIB/BTC,1607621055357,2020-12-10T17:24:15.357Z,buy,1.01e-06,100.0,0.000101
VIB/BTC,1607621064355,2020-12-10T17:24:24.355Z,sell,1e-06,6128.0,0.006128
VIB/BTC,1607621067549,2020-12-10T17:24:27.549Z,buy,1.01e-06,108.0,0.00010908
VIB/BTC,1607621147580,2020-12-10T17:25:47.580Z,buy,1.01e-06,13941.0,0.01408041
VIB/BTC,1607621289466,2020-12-10T17:28:09.466Z,buy,1.01e-06,27978.0,0.02825778
VIB/BTC,1607621289782,2020-12-10T17:28:09.782Z,buy,1.02e-06,11071.0,0.01129242
VIB/BTC,1607621292514,2020-12-10T17:28:12.514Z,sell,1.01e-06,300.0,0.000303
VIB/BTC,1607621307352,2020-12-10T17:28:27.352Z,buy,1.02e-06,107.0,0.00010914
VIB/BTC,1607621357395,2020-12-10T17:29:17.395Z,buy,1.02e-06,38837.0,0.03961374
VIB/BTC,1607621410517,2020-12-10T17:30:10.517Z,sell,1.01e-06,107.0,0.00010807
VIB/BTC,1607621414252,2020-12-10T17:30:14.252Z,sell,1.01e-06,420.0,0.0004242
VIB/BTC,1607621418530,2020-12-10T17:30:18.530Z,buy,1.02e-06,103.0,0.00010506
VIB/BTC,1607621419141,2020-12-10T17:30:19.141Z,buy,1.02e-06,103.0,0.00010506
VIB/BTC,1607621586579,2020-12-10T17:33:06.579Z,buy,1.02e-06,2944.0,0.00300288
VIB/BTC,1607621847787,2020-12-10T17:37:27.787Z,buy,1.02e-06,29.0,2.958e-05
VIB/BTC,1607621896064,2020-12-10T17:38:16.064Z,buy,1.02e-06,721.0,0.00073542
VIB/BTC,1607621945247,2020-12-10T17:39:05.247Z,buy,1.02e-06,15440.0,0.0157488
VIB/BTC,1607621945247,2020-12-10T17:39:05.247Z,buy,1.02e-06,15440.0,0.0157488
VIB/BTC,1607622112823,2020-12-10T17:41:52.823Z,buy,1.02e-06,6555.0,0.0066860999999999
VIB/BTC,1607622116185,2020-12-10T17:41:56.185Z,buy,1.03e-06,345.0,0.00035535
VIB/BTC,1607622157674,2020-12-10T17:42:37.674Z,sell,1.01e-06,500.0,0.000505
VIB/BTC,1607622163989,2020-12-10T17:42:43.989Z,buy,1.03e-06,104.0,0.00010712
VIB/BTC,1607622195312,2020-12-10T17:43:15.312Z,sell,1.01e-06,732.0,0.00073932
VIB/BTC,1607622198679,2020-12-10T17:43:18.679Z,sell,1.01e-06,704.0,0.00071104
VIB/BTC,1607622231370,2020-12-10T17:43:51.370Z,buy,1.02e-06,103.0,0.00010506
VIB/BTC,1607622259276,2020-12-10T17:44:19.276Z,buy,1.02e-06,2167.0,0.00221034
VIB/BTC,1607622303746,2020-12-10T17:45:03.746Z,sell,1.02e-06,410.0,0.0004182
VIB/BTC,1607622307697,2020-12-10T17:45:07.697Z,buy,1.03e-06,101.0,0.00010403
VIB/BTC,1607622312555,2020-12-10T17:45:12.555Z,sell,1.02e-06,8691.0,0.0088648199999999
VIB/BTC,1607622358621,2020-12-10T17:45:58.621Z,buy,1.02e-06,1388.0,0.00141576
VIB/BTC,1607622390965,2020-12-10T17:46:30.965Z,sell,1.01e-06,40747.0,0.04115447
VIB/BTC,1607622447844,2020-12-10T17:47:27.844Z,buy,1.02e-06,99.0,0.00010098
VIB/BTC,1607622449921,2020-12-10T17:47:29.921Z,sell,1.01e-06,2249.0,0.00227149
VIB/BTC,1607622459852,2020-12-10T17:47:39.852Z,sell,1.01e-06,409.0,0.00041309
VIB/BTC,1607622481910,2020-12-10T17:48:01.910Z,buy,1.02e-06,99.0,0.00010098
VIB/BTC,1607622541662,2020-12-10T17:49:01.662Z,buy,1.02e-06,1249.0,0.0012739799999999
VIB/BTC,1607622543841,2020-12-10T17:49:03.841Z,buy,1.03e-06,875.0,0.00090125
VIB/BTC,1607622547307,2020-12-10T17:49:07.307Z,buy,1.03e-06,98.0,0.00010094
VIB/BTC,1607622755805,2020-12-10T17:52:35.805Z,buy,1.03e-06,100.0,0.000103
VIB/BTC,1607622864487,2020-12-10T17:54:24.487Z,buy,1.03e-06,308.0,0.00031724
VIB/BTC,1607622869209,2020-12-10T17:54:29.209Z,buy,1.03e-06,103.0,0.00010609
VIB/BTC,1607623023561,2020-12-10T17:57:03.561Z,sell,1.02e-06,4587.0,0.00467874
VIB/BTC,1607623023685,2020-12-10T17:57:03.685Z,buy,1.03e-06,2067.0,0.00212901
VIB/BTC,1607623203376,2020-12-10T18:00:03.376Z,buy,1.03e-06,98.0,0.00010094
VIB/BTC,1607623296706,2020-12-10T18:01:36.706Z,sell,1.02e-06,1386.0,0.00141372
VIB/BTC,1607623300086,2020-12-10T18:01:40.086Z,buy,1.03e-06,98.0,0.00010094
VIB/BTC,1607623340184,2020-12-10T18:02:20.184Z,sell,1.02e-06,4758.0,0.00485316
VIB/BTC,1607623343249,2020-12-10T18:02:23.249Z,buy,1.03e-06,98.0,0.00010094
VIB/BTC,1607623387153,2020-12-10T18:03:07.153Z,sell,1.01e-06,220.0,0.0002222
VIB/BTC,1607623409517,2020-12-10T18:03:29.517Z,buy,1.02e-06,118.0,0.0001203599999999
VIB/BTC,1607623409870,2020-12-10T18:03:29.870Z,buy,1.02e-06,1222.0,0.00124644
VIB/BTC,1607623422237,2020-12-10T18:03:42.237Z,buy,1.02e-06,112.0,0.0001142399999999
VIB/BTC,1607623504579,2020-12-10T18:05:04.579Z,buy,1.02e-06,1407.0,0.00143514
VIB/BTC,1607623755794,2020-12-10T18:09:15.794Z,sell,1.01e-06,115012.0,0.11616212
VIB/BTC,1607623774965,2020-12-10T18:09:34.965Z,sell,1.01e-06,410.0,0.0004141
VIB/BTC,1607623778329,2020-12-10T18:09:38.329Z,buy,1.02e-06,101.0,0.00010302
VIB/BTC,1607623942609,2020-12-10T18:12:22.609Z,buy,1.02e-06,785.0,0.0008007
VIB/BTC,1607624201970,2020-12-10T18:16:41.970Z,sell,1.01e-06,83674.0,0.08451074
VIB/BTC,1607624232581,2020-12-10T18:17:12.581Z,buy,1.02e-06,99.0,0.00010098
VIB/BTC,1607624279861,2020-12-10T18:17:59.861Z,sell,1.01e-06,96255.0,0.09721755
VIB/BTC,1607624282193,2020-12-10T18:18:02.193Z,sell,1.01e-06,165.0,0.00016665
VIB/BTC,1607624288552,2020-12-10T18:18:08.552Z,sell,1.01e-06,4399.0,0.00444299
VIB/BTC,1607624318556,2020-12-10T18:18:38.556Z,sell,1.01e-06,63862.0,0.06450062
VIB/BTC,1607624333531,2020-12-10T18:18:53.531Z,buy,1.01e-06,110.0,0.0001111
VIB/BTC,1607624399970,2020-12-10T18:19:59.970Z,buy,1.01e-06,3040.0,0.0030704
VIB/BTC,1607624480204,2020-12-10T18:21:20.204Z,sell,1e-06,4037.0,0.004037
VIB/BTC,1607624480204,2020-12-10T18:21:20.204Z,sell,1e-06,2230.0,0.0022299999999999
VIB/BTC,1607624503585,2020-12-10T18:21:43.585Z,sell,1e-06,1019.0,0.001019
VIB/BTC,1607624593296,2020-12-10T18:23:13.296Z,sell,1e-06,1000.0,0.001
VIB/BTC,1607624764919,2020-12-10T18:26:04.919Z,buy,1.01e-06,103.0,0.00010403
VIB/BTC,1607624961372,2020-12-10T18:29:21.372Z,sell,1e-06,31307.0,0.031307
VIB/BTC,1607624964646,2020-12-10T18:29:24.646Z,sell,1e-06,169.0,0.000169
VIB/BTC,1607624965954,2020-12-10T18:29:25.954Z,sell,1e-06,101.0,0.000101
VIB/BTC,1607625053047,2020-12-10T18:30:53.047Z,sell,1e-06,109.0,0.0001089999999999
VIB/BTC,1607625081719,2020-12-10T18:31:21.719Z,buy,1.01e-06,8100.0,0.008181
VIB/BTC,1607625161255,2020-12-10T18:32:41.255Z,buy,1.02e-06,105.0,0.0001071
VIB/BTC,1607625238581,2020-12-10T18:33:58.581Z,buy,1.02e-06,105.0,0.0001071
VIB/BTC,1607625244777,2020-12-10T18:34:04.777Z,sell,1.01e-06,31744.0,0.03206144
VIB/BTC,1607625258731,2020-12-10T18:34:18.731Z,sell,1e-06,76095.0,0.076095
VIB/BTC,1607625271915,2020-12-10T18:34:31.915Z,sell,1e-06,420.0,0.0004199999999999
VIB/BTC,1607625276163,2020-12-10T18:34:36.163Z,buy,1.02e-06,102.0,0.00010404
VIB/BTC,1607625356757,2020-12-10T18:35:56.757Z,buy,1.01e-06,1377.0,0.00139077
VIB/BTC,1607625356757,2020-12-10T18:35:56.757Z,buy,1.01e-06,1377.0,0.00139077
VIB/BTC,1607625608471,2020-12-10T18:40:08.471Z,buy,1.01e-06,488.0,0.00049288
VIB/BTC,1607625688695,2020-12-10T18:41:28.695Z,buy,1.01e-06,19003.0,0.01919303
VIB/BTC,1607625921000,2020-12-10T18:45:21.000Z,buy,1.01e-06,804.0,0.00081204
VIB/BTC,1607625925542,2020-12-10T18:45:25.542Z,buy,1.02e-06,488.0,0.00049776
VIB/BTC,1607625929779,2020-12-10T18:45:29.779Z,buy,1.02e-06,1958.0,0.00199716
VIB/BTC,1607625961187,2020-12-10T18:46:01.187Z,buy,1.02e-06,1326.0,0.00135252
VIB/BTC,1607626042460,2020-12-10T18:47:22.460Z,sell,1.01e-06,1226.0,0.00123826
VIB/BTC,1607626047621,2020-12-10T18:47:27.621Z,buy,1.01e-06,3217.0,0.00324917
VIB/BTC,1607626052604,2020-12-10T18:47:32.604Z,buy,1.02e-06,489.0,0.00049878
VIB/BTC,1607626064155,2020-12-10T18:47:44.155Z,sell,1e-06,180053.0,0.180053
VIB/BTC,1607626075246,2020-12-10T18:47:55.246Z,sell,9.9e-07,1496.0,0.00148104
VIB/BTC,1607626115187,2020-12-10T18:48:35.187Z,sell,9.9e-07,3591.0,0.00355509
VIB/BTC,1607626141522,2020-12-10T18:49:01.522Z,buy,1e-06,213.0,0.000213
VIB/BTC,1607626203200,2020-12-10T18:50:03.200Z,sell,9.9e-07,990.0,0.0009801
VIB/BTC,1607626208228,2020-12-10T18:50:08.228Z,sell,9.9e-07,39992.0,0.03959208
VIB/BTC,1607626274939,2020-12-10T18:51:14.939Z,sell,9.9e-07,1956.0,0.00193644
VIB/BTC,1607626313267,2020-12-10T18:51:53.267Z,buy,1e-06,1851.0,0.001851
VIB/BTC,1607626599746,2020-12-10T18:56:39.746Z,buy,1e-06,794.0,0.000794
VIB/BTC,1607626657533,2020-12-10T18:57:37.533Z,sell,9.9e-07,18534.0,0.01834866
VIB/BTC,1607626672265,2020-12-10T18:57:52.265Z,sell,9.9e-07,420.0,0.0004158
VIB/BTC,1607626675729,2020-12-10T18:57:55.729Z,buy,1e-06,182.0,0.0001819999999999
VIB/BTC,1607626816291,2020-12-10T19:00:16.291Z,buy,1e-06,100.0,0.0001
VIB/BTC,1607626846873,2020-12-10T19:00:46.873Z,sell,9.9e-07,65165.0,0.06451335
VIB/BTC,1607626857217,2020-12-10T19:00:57.217Z,buy,1e-06,100.0,0.0001
VIB/BTC,1607626921723,2020-12-10T19:02:01.723Z,sell,9.9e-07,2060.0,0.0020394
VIB/BTC,1607626929550,2020-12-10T19:02:09.550Z,buy,1e-06,100.0,0.0001
VIB/BTC,1607626955165,2020-12-10T19:02:35.165Z,sell,9.9e-07,13213.0,0.01308087
VIB/BTC,1607626959826,2020-12-10T19:02:39.826Z,buy,1e-06,100.0,0.0001
VIB/BTC,1607627189471,2020-12-10T19:06:29.471Z,sell,9.9e-07,935.0,0.00092565
VIB/BTC,1607627265921,2020-12-10T19:07:45.921Z,buy,1e-06,149.0,0.000149
VIB/BTC,1607627292301,2020-12-10T19:08:12.301Z,sell,9.9e-07,1300.0,0.001287
VIB/BTC,1607627303675,2020-12-10T19:08:23.675Z,sell,9.9e-07,420.0,0.0004158
VIB/BTC,1607627308110,2020-12-10T19:08:28.110Z,buy,1e-06,105.0,0.0001049999999999
VIB/BTC,1607627310983,2020-12-10T19:08:30.983Z,buy,1e-06,2980.0,0.00298
VIB/BTC,1607627474555,2020-12-10T19:11:14.555Z,buy,1e-06,4166.0,0.0041659999999999
VIB/BTC,1607627595589,2020-12-10T19:13:15.589Z,buy,1e-06,3470.0,0.00347
VIB/BTC,1607627675231,2020-12-10T19:14:35.231Z,sell,9.9e-07,36008.0,0.03564792
VIB/BTC,1607627675285,2020-12-10T19:14:35.285Z,buy,9.9e-07,2002.0,0.00198198
VIB/BTC,1607627675614,2020-12-10T19:14:35.614Z,buy,9.9e-07,2085.0,0.00206415
VIB/BTC,1607627701255,2020-12-10T19:15:01.255Z,sell,9.8e-07,5569.0,0.00545762
VIB/BTC,1607627701653,2020-12-10T19:15:01.653Z,buy,9.9e-07,512.0,0.00050688
VIB/BTC,1607627701762,2020-12-10T19:15:01.762Z,buy,9.9e-07,814.0,0.00080586
VIB/BTC,1607627702545,2020-12-10T19:15:02.545Z,buy,1e-06,2848.0,0.002848
VIB/BTC,1607627705317,2020-12-10T19:15:05.317Z,buy,1e-06,1500.0,0.0015
VIB/BTC,1607627712230,2020-12-10T19:15:12.230Z,buy,9.9e-07,1010.0,0.0009999
VIB/BTC,1607627714197,2020-12-10T19:15:14.197Z,buy,1e-06,100.0,0.0001
VIB/BTC,1607627795059,2020-12-10T19:16:35.059Z,sell,9.9e-07,4343.0,0.00429957
VIB/BTC,1607627818137,2020-12-10T19:16:58.137Z,buy,1e-06,105.0,0.0001049999999999
VIB/BTC,1607627825033,2020-12-10T19:17:05.033Z,buy,1e-06,105.0,0.0001049999999999
VIB/BTC,1607627909694,2020-12-10T19:18:29.694Z,buy,1e-06,1067.0,0.001067
VIB/BTC,1607628024217,2020-12-10T19:20:24.217Z,sell,9.9e-07,411.0,0.00040689
VIB/BTC,1607628050501,2020-12-10T19:20:50.501Z,sell,9.9e-07,420.0,0.0004158
VIB/BTC,1607628057254,2020-12-10T19:20:57.254Z,buy,1e-06,104.0,0.000104
VIB/BTC,1607628839956,2020-12-10T19:33:59.956Z,sell,9.9e-07,4966.0,0.00491634
VIB/BTC,1607628874786,2020-12-10T19:34:34.786Z,buy,1e-06,101.0,0.000101
VIB/BTC,1607628882334,2020-12-10T19:34:42.334Z,buy,1e-06,6622.0,0.0066219999999999
VIB/BTC,1607628882499,2020-12-10T19:34:42.499Z,buy,1e-06,836.0,0.0008359999999999
VIB/BTC,1607628882682,2020-12-10T19:34:42.682Z,buy,1e-06,4635.0,0.0046349999999999
VIB/BTC,1607628882682,2020-12-10T19:34:42.682Z,buy,1e-06,4635.0,0.0046349999999999
VIB/BTC,1607629071855,2020-12-10T19:37:51.855Z,buy,1e-06,318.0,0.000318
VIB/BTC,1607629077363,2020-12-10T19:37:57.363Z,buy,1e-06,200.0,0.0001999999999999
VIB/BTC,1607629078255,2020-12-10T19:37:58.255Z,buy,1e-06,319.0,0.000319
VIB/BTC,1607629466981,2020-12-10T19:44:26.981Z,sell,9.9e-07,12916.0,0.01278684
VIB/BTC,1607629498799,2020-12-10T19:44:58.799Z,buy,1e-06,105.0,0.0001049999999999
VIB/BTC,1607629757518,2020-12-10T19:49:17.518Z,sell,9.9e-07,72019.0,0.07129881
VIB/BTC,1607629757608,2020-12-10T19:49:17.608Z,buy,9.9e-07,2908.0,0.00287892
VIB/BTC,1607629768659,2020-12-10T19:49:28.659Z,sell,9.8e-07,82948.0,0.0812890399999999
VIB/BTC,1607629770899,2020-12-10T19:49:30.899Z,sell,9.8e-07,30945.0,0.0303260999999999
VIB/BTC,1607629770899,2020-12-10T19:49:30.899Z,sell,9.7e-07,44619.0,0.04328043
VIB/BTC,1607629771528,2020-12-10T19:49:31.528Z,buy,9.8e-07,1045.0,0.0010241
VIB/BTC,1607629773809,2020-12-10T19:49:33.809Z,sell,9.7e-07,2919.0,0.00283143
VIB/BTC,1607629773925,2020-12-10T19:49:33.925Z,buy,9.8e-07,246.0,0.00024108
VIB/BTC,1607629778044,2020-12-10T19:49:38.044Z,buy,9.8e-07,764.0,0.0007487199999999
VIB/BTC,1607629778045,2020-12-10T19:49:38.045Z,buy,9.8e-07,256.0,0.00025088
VIB/BTC,1607629781416,2020-12-10T19:49:41.416Z,buy,9.8e-07,1753.0,0.0017179399999999
VIB/BTC,1607629828617,2020-12-10T19:50:28.617Z,buy,9.9e-07,106.0,0.00010494
VIB/BTC,1607629884417,2020-12-10T19:51:24.417Z,sell,9.8e-07,14556.0,0.0142648799999999
VIB/BTC,1607629910227,2020-12-10T19:51:50.227Z,sell,9.8e-07,312.0,0.0003057599999999
VIB/BTC,1607629922062,2020-12-10T19:52:02.062Z,buy,9.9e-07,105.0,0.00010395
VIB/BTC,1607630044499,2020-12-10T19:54:04.499Z,buy,9.9e-07,113.0,0.00011187
VIB/BTC,1607630108268,2020-12-10T19:55:08.268Z,sell,9.8e-07,1683.0,0.0016493399999999
VIB/BTC,1607630169952,2020-12-10T19:56:09.952Z,buy,9.9e-07,102.0,0.00010098
VIB/BTC,1607630410229,2020-12-10T20:00:10.229Z,sell,9.8e-07,133.0,0.00013034
VIB/BTC,1607630416446,2020-12-10T20:00:16.446Z,buy,9.9e-07,102.0,0.00010098
VIB/BTC,1607630473620,2020-12-10T20:01:13.620Z,sell,9.8e-07,4000.0,0.00392
VIB/BTC,1607630496512,2020-12-10T20:01:36.512Z,sell,9.8e-07,309.0,0.00030282
VIB/BTC,1607630504707,2020-12-10T20:01:44.707Z,buy,9.9e-07,102.0,0.00010098
VIB/BTC,1607630554066,2020-12-10T20:02:34.066Z,sell,9.8e-07,3036.0,0.00297528
VIB/BTC,1607630567519,2020-12-10T20:02:47.519Z,buy,9.9e-07,102.0,0.00010098
VIB/BTC,1607630662102,2020-12-10T20:04:22.102Z,sell,9.8e-07,14539.0,0.0142482199999999
VIB/BTC,1607630669185,2020-12-10T20:04:29.185Z,buy,9.9e-07,102.0,0.00010098
VIB/BTC,1607630721176,2020-12-10T20:05:21.176Z,buy,9.9e-07,425.0,0.00042075
VIB/BTC,1607630796485,2020-12-10T20:06:36.485Z,buy,9.9e-07,473.0,0.00046827
VIB/BTC,1607631175708,2020-12-10T20:12:55.708Z,buy,9.9e-07,390.0,0.0003861
VIB/BTC,1607631179664,2020-12-10T20:12:59.664Z,buy,9.9e-07,1920.0,0.0019008
VIB/BTC,1607631428352,2020-12-10T20:17:08.352Z,sell,9.8e-07,132.0,0.00012936
VIB/BTC,1607631451468,2020-12-10T20:17:31.468Z,sell,9.8e-07,305.0,0.0002989
VIB/BTC,1607631460548,2020-12-10T20:17:40.548Z,buy,9.9e-07,102.0,0.00010098
VIB/BTC,1607631586982,2020-12-10T20:19:46.982Z,sell,9.8e-07,425.0,0.0004165
VIB/BTC,1607631601301,2020-12-10T20:20:01.301Z,buy,9.9e-07,102.0,0.00010098
VIB/BTC,1607631687356,2020-12-10T20:21:27.356Z,sell,9.8e-07,381.0,0.00037338
VIB/BTC,1607631782725,2020-12-10T20:23:02.725Z,sell,9.8e-07,304.0,0.0002979199999999
VIB/BTC,1607631814319,2020-12-10T20:23:34.319Z,sell,9.8e-07,4703.0,0.00460894
VIB/BTC,1607631820351,2020-12-10T20:23:40.351Z,sell,9.8e-07,204.0,0.00019992
VIB/BTC,1607631829727,2020-12-10T20:23:49.727Z,buy,9.9e-07,102.0,0.00010098
VIB/BTC,1607632331052,2020-12-10T20:32:11.052Z,buy,9.9e-07,504.0,0.00049896
VIB/BTC,1607632331146,2020-12-10T20:32:11.146Z,buy,9.9e-07,453.0,0.00044847
VIB/BTC,1607632360173,2020-12-10T20:32:40.173Z,buy,9.9e-07,60116.0,0.05951484
VIB/BTC,1607632400894,2020-12-10T20:33:20.894Z,buy,1e-06,102.0,0.000102
VIB/BTC,1607632458070,2020-12-10T20:34:18.070Z,sell,9.9e-07,1331.0,0.00131769
VIB/BTC,1607632458070,2020-12-10T20:34:18.070Z,sell,9.9e-07,1331.0,0.00131769
VIB/BTC,1607632504777,2020-12-10T20:35:04.777Z,sell,9.9e-07,204.0,0.00020196
VIB/BTC,1607632510158,2020-12-10T20:35:10.158Z,buy,1e-06,102.0,0.000102
VIB/BTC,1607632512039,2020-12-10T20:35:12.039Z,buy,1e-06,36403.0,0.036403
VIB/BTC,1607632690435,2020-12-10T20:38:10.435Z,buy,1e-06,89000.0,0.089
VIB/BTC,1607632707269,2020-12-10T20:38:27.269Z,buy,1.01e-06,102.0,0.00010302
VIB/BTC,1607632708694,2020-12-10T20:38:28.694Z,buy,1.01e-06,86544.0,0.08740944
VIB/BTC,1607632708980,2020-12-10T20:38:28.980Z,sell,1e-06,1062.0,0.001062
VIB/BTC,1607632709125,2020-12-10T20:38:29.125Z,buy,1e-06,257.0,0.000257
VIB/BTC,1607632714087,2020-12-10T20:38:34.087Z,buy,1e-06,805.0,0.0008049999999999
VIB/BTC,1607632714880,2020-12-10T20:38:34.880Z,sell,1e-06,185.0,0.000185
VIB/BTC,1607632717899,2020-12-10T20:38:37.899Z,sell,9.9e-07,83277.0,0.08244423
VIB/BTC,1607632722144,2020-12-10T20:38:42.144Z,buy,1.01e-06,74566.0,0.07531166
VIB/BTC,1607632724041,2020-12-10T20:38:44.041Z,sell,1e-06,1313.0,0.001313
VIB/BTC,1607632724735,2020-12-10T20:38:44.735Z,buy,1.01e-06,86588.0,0.08745388
VIB/BTC,1607632728685,2020-12-10T20:38:48.685Z,sell,1e-06,3034.0,0.003034
VIB/BTC,1607632728685,2020-12-10T20:38:48.685Z,sell,9.9e-07,81199.0,0.08038701
VIB/BTC,1607632734085,2020-12-10T20:38:54.085Z,sell,9.9e-07,84233.0,0.08339067
VIB/BTC,1607632745414,2020-12-10T20:39:05.414Z,buy,1e-06,112346.0,0.112346
VIB/BTC,1607632745414,2020-12-10T20:39:05.414Z,buy,1.01e-06,66203.0,0.06686503
VIB/BTC,1607632745421,2020-12-10T20:39:05.421Z,sell,1.01e-06,53486.0,0.05402086
VIB/BTC,1607632745423,2020-12-10T20:39:05.423Z,sell,1.01e-06,1924.0,0.00194324
VIB/BTC,1607632745424,2020-12-10T20:39:05.424Z,sell,1.01e-06,2842.0,0.00287042
VIB/BTC,1607632745466,2020-12-10T20:39:05.466Z,sell,1.01e-06,53486.0,0.05402086
VIB/BTC,1607632745502,2020-12-10T20:39:05.502Z,buy,1.02e-06,9699.0,0.00989298
VIB/BTC,1607632745507,2020-12-10T20:39:05.507Z,buy,1.02e-06,1986.0,0.00202572
VIB/BTC,1607632745690,2020-12-10T20:39:05.690Z,sell,1.01e-06,2827.0,0.00285527
VIB/BTC,1607632753657,2020-12-10T20:39:13.657Z,sell,1.01e-06,204.0,0.00020604
VIB/BTC,1607632758432,2020-12-10T20:39:18.432Z,buy,1.02e-06,102.0,0.00010404
VIB/BTC,1607632759709,2020-12-10T20:39:19.709Z,sell,1.01e-06,1860.0,0.0018786
VIB/BTC,1607632767633,2020-12-10T20:39:27.633Z,buy,1.02e-06,102.0,0.00010404
VIB/BTC,1607632780068,2020-12-10T20:39:40.068Z,sell,1.01e-06,1678.0,0.00169478
VIB/BTC,1607632791082,2020-12-10T20:39:51.082Z,sell,1.01e-06,204.0,0.00020604
VIB/BTC,1607632796840,2020-12-10T20:39:56.840Z,buy,1.02e-06,102.0,0.00010404
VIB/BTC,1607632834322,2020-12-10T20:40:34.322Z,buy,1.02e-06,3161.0,0.00322422
VIB/BTC,1607632849802,2020-12-10T20:40:49.802Z,sell,1.01e-06,83277.0,0.08410977
VIB/BTC,1607632851880,2020-12-10T20:40:51.880Z,sell,1.01e-06,74566.0,0.07531166
VIB/BTC,1607632854362,2020-12-10T20:40:54.362Z,buy,1.02e-06,102.0,0.00010404
VIB/BTC,1607632855528,2020-12-10T20:40:55.528Z,buy,1.02e-06,86588.0,0.08831976
VIB/BTC,1607632857455,2020-12-10T20:40:57.455Z,buy,1.02e-06,83277.0,0.08494254
VIB/BTC,1607632860010,2020-12-10T20:41:00.010Z,buy,1.02e-06,84577.0,0.08626854
VIB/BTC,1607632862225,2020-12-10T20:41:02.225Z,buy,1.02e-06,74566.0,0.07605732
VIB/BTC,1607632868751,2020-12-10T20:41:08.751Z,sell,1.01e-06,84577.0,0.08542277
VIB/BTC,1607632871048,2020-12-10T20:41:11.048Z,sell,1.01e-06,78322.0,0.07910522
VIB/BTC,1607632872940,2020-12-10T20:41:12.940Z,sell,1.01e-06,84566.0,0.08541166
VIB/BTC,1607632873781,2020-12-10T20:41:13.781Z,sell,1.01e-06,203.0,0.00020503
VIB/BTC,1607632875776,2020-12-10T20:41:15.776Z,sell,1.01e-06,73288.0,0.07402088
VIB/BTC,1607632880174,2020-12-10T20:41:20.174Z,buy,1.02e-06,102.0,0.00010404
VIB/BTC,1607632880216,2020-12-10T20:41:20.216Z,buy,1.02e-06,84566.0,0.08625732
VIB/BTC,1607632925118,2020-12-10T20:42:05.118Z,buy,1.02e-06,83277.0,0.08494254
VIB/BTC,1607632927080,2020-12-10T20:42:07.080Z,buy,1.02e-06,84566.0,0.08625732
VIB/BTC,1607632929351,2020-12-10T20:42:09.351Z,buy,1.02e-06,38655.0,0.0394281
VIB/BTC,1607632935602,2020-12-10T20:42:15.602Z,sell,1.01e-06,83288.0,0.08412088
VIB/BTC,1607632937696,2020-12-10T20:42:17.696Z,sell,1.02e-06,35013.0,0.03571326
VIB/BTC,1607632937696,2020-12-10T20:42:17.696Z,sell,1.01e-06,39553.0,0.03994853
VIB/BTC,1607632938292,2020-12-10T20:42:18.292Z,buy,1.02e-06,102.0,0.00010404
VIB/BTC,1607632938688,2020-12-10T20:42:18.688Z,buy,1.02e-06,18503.0,0.01887306
VIB/BTC,1607632939537,2020-12-10T20:42:19.537Z,sell,1.01e-06,86533.0,0.08739833
VIB/BTC,1607632941831,2020-12-10T20:42:21.831Z,sell,1.01e-06,48655.0,0.04914155
VIB/BTC,1607632946878,2020-12-10T20:42:26.878Z,sell,1.01e-06,204.0,0.00020604
VIB/BTC,1607632949947,2020-12-10T20:42:29.947Z,buy,1.02e-06,83277.0,0.08494254
VIB/BTC,1607632953028,2020-12-10T20:42:33.028Z,buy,1.02e-06,102.0,0.00010404
VIB/BTC,1607632954075,2020-12-10T20:42:34.075Z,buy,1.02e-06,74566.0,0.07605732
VIB/BTC,1607632956423,2020-12-10T20:42:36.423Z,buy,1.02e-06,86544.0,0.08827488
VIB/BTC,1607632962034,2020-12-10T20:42:42.034Z,sell,1.01e-06,78322.0,0.07910522
VIB/BTC,1607632963802,2020-12-10T20:42:43.802Z,sell,1.01e-06,86544.0,0.08740944
VIB/BTC,1607632965889,2020-12-10T20:42:45.889Z,sell,1.01e-06,48655.0,0.04914155
VIB/BTC,1607632966164,2020-12-10T20:42:46.164Z,buy,1.02e-06,102.0,0.00010404
VIB/BTC,1607632971001,2020-12-10T20:42:51.001Z,buy,1.02e-06,83277.0,0.08494254
VIB/BTC,1607632977031,2020-12-10T20:42:57.031Z,buy,1.02e-06,78655.0,0.0802281
VIB/BTC,1607632978995,2020-12-10T20:42:58.995Z,buy,1.02e-06,83277.0,0.08494254
VIB/BTC,1607632984382,2020-12-10T20:43:04.382Z,sell,1.01e-06,86588.0,0.08745388
VIB/BTC,1607632986756,2020-12-10T20:43:06.756Z,sell,1.01e-06,74566.0,0.07531166
VIB/BTC,1607632989524,2020-12-10T20:43:09.524Z,sell,1.01e-06,204.0,0.00020604
VIB/BTC,1607632989797,2020-12-10T20:43:09.797Z,sell,1.01e-06,83277.0,0.08410977
VIB/BTC,1607632995227,2020-12-10T20:43:15.227Z,buy,1.02e-06,102.0,0.00010404
VIB/BTC,1607632996717,2020-12-10T20:43:16.717Z,buy,1.02e-06,86588.0,0.08831976
VIB/BTC,1607632998639,2020-12-10T20:43:18.639Z,buy,1.02e-06,83277.0,0.08494254
VIB/BTC,1607633001469,2020-12-10T20:43:21.469Z,buy,1.02e-06,74566.0,0.07605732
VIB/BTC,1607633008015,2020-12-10T20:43:28.015Z,sell,1.01e-06,83277.0,0.08410977
VIB/BTC,1607633010461,2020-12-10T20:43:30.461Z,sell,1.01e-06,84566.0,0.08541166
VIB/BTC,1607633015066,2020-12-10T20:43:35.066Z,sell,1.01e-06,78322.0,0.07910522
VIB/BTC,1607633018784,2020-12-10T20:43:38.784Z,buy,1.02e-06,86588.0,0.08831976
VIB/BTC,1607633020827,2020-12-10T20:43:40.827Z,buy,1.02e-06,74566.0,0.07605732
VIB/BTC,1607633023034,2020-12-10T20:43:43.034Z,buy,1.02e-06,83277.0,0.08494254
VIB/BTC,1607633026005,2020-12-10T20:43:46.005Z,buy,1.02e-06,5503.0,0.00561306
VIB/BTC,1607633029876,2020-12-10T20:43:49.876Z,sell,1.01e-06,83277.0,0.08410977
VIB/BTC,1607633031187,2020-12-10T20:43:51.187Z,buy,1.02e-06,102.0,0.00010404
VIB/BTC,1607633032175,2020-12-10T20:43:52.175Z,sell,1.01e-06,84566.0,0.08541166
VIB/BTC,1607633036439,2020-12-10T20:43:56.439Z,buy,1.02e-06,74566.0,0.07605732
VIB/BTC,1607633097573,2020-12-10T20:44:57.573Z,sell,1.01e-06,204.0,0.00020604
VIB/BTC,1607633103077,2020-12-10T20:45:03.077Z,buy,1.02e-06,102.0,0.00010404
VIB/BTC,1607633109382,2020-12-10T20:45:09.382Z,buy,1.02e-06,214.0,0.00021828
VIB/BTC,1607633110269,2020-12-10T20:45:10.269Z,buy,1.02e-06,473.0,0.00048246
VIB/BTC,1607633110399,2020-12-10T20:45:10.399Z,buy,1.02e-06,593.0,0.00060486
VIB/BTC,1607633110588,2020-12-10T20:45:10.588Z,buy,1.02e-06,1198.0,0.00122196
VIB/BTC,1607633110818,2020-12-10T20:45:10.818Z,buy,1.02e-06,371.0,0.0003784199999999
VIB/BTC,1607633111084,2020-12-10T20:45:11.084Z,buy,1.02e-06,628.0,0.00064056
VIB/BTC,1607633179706,2020-12-10T20:46:19.706Z,buy,1.02e-06,78655.0,0.0802281
VIB/BTC,1607633182635,2020-12-10T20:46:22.635Z,sell,1.01e-06,83277.0,0.08410977
VIB/BTC,1607633184424,2020-12-10T20:46:24.424Z,sell,1.01e-06,84566.0,0.08541166
VIB/BTC,1607633186812,2020-12-10T20:46:26.812Z,sell,1.01e-06,78655.0,0.07944155
VIB/BTC,1607633190617,2020-12-10T20:46:30.617Z,buy,1.02e-06,83277.0,0.08494254
VIB/BTC,1607633192314,2020-12-10T20:46:32.314Z,buy,1.02e-06,86544.0,0.08827488
VIB/BTC,1607633194415,2020-12-10T20:46:34.415Z,buy,1.02e-06,78322.0,0.0798884399999999
VIB/BTC,1607633196460,2020-12-10T20:46:36.460Z,buy,1.02e-06,48655.0,0.0496281
VIB/BTC,1607633201219,2020-12-10T20:46:41.219Z,sell,1.01e-06,83277.0,0.08410977
VIB/BTC,1607633203269,2020-12-10T20:46:43.269Z,sell,1.01e-06,84566.0,0.08541166
VIB/BTC,1607633205681,2020-12-10T20:46:45.681Z,sell,1.01e-06,78655.0,0.07944155
VIB/BTC,1607633208638,2020-12-10T20:46:48.638Z,sell,1.01e-06,64233.0,0.06487533
VIB/BTC,1607633213068,2020-12-10T20:46:53.068Z,buy,1.02e-06,83277.0,0.08494254
VIB/BTC,1607633215106,2020-12-10T20:46:55.106Z,buy,1.02e-06,84566.0,0.08625732
VIB/BTC,1607633217247,2020-12-10T20:46:57.247Z,buy,1.02e-06,78322.0,0.0798884399999999
VIB/BTC,1607633222756,2020-12-10T20:47:02.756Z,sell,1.01e-06,86544.0,0.08740944
VIB/BTC,1607633224776,2020-12-10T20:47:04.776Z,sell,1.01e-06,78322.0,0.07910522
VIB/BTC,1607633228307,2020-12-10T20:47:08.307Z,sell,1.01e-06,79655.0,0.08045155
VIB/BTC,1607633233422,2020-12-10T20:47:13.422Z,buy,1.02e-06,83277.0,0.08494254
VIB/BTC,1607633235429,2020-12-10T20:47:15.429Z,buy,1.02e-06,78655.0,0.0802281
VIB/BTC,1607633238135,2020-12-10T20:47:18.135Z,buy,1.02e-06,86544.0,0.08827488
VIB/BTC,1607633242574,2020-12-10T20:47:22.574Z,sell,1.01e-06,86544.0,0.08740944
VIB/BTC,1607633246033,2020-12-10T20:47:26.033Z,sell,1.01e-06,83277.0,0.08410977
VIB/BTC,1607633249163,2020-12-10T20:47:29.163Z,sell,1.01e-06,74566.0,0.07531166
VIB/BTC,1607633251623,2020-12-10T20:47:31.623Z,buy,1.02e-06,102.0,0.00010404
VIB/BTC,1607633253510,2020-12-10T20:47:33.510Z,buy,1.02e-06,83277.0,0.08494254
VIB/BTC,1607633255453,2020-12-10T20:47:35.453Z,buy,1.02e-06,86544.0,0.08827488
VIB/BTC,1607633258487,2020-12-10T20:47:38.487Z,buy,1.02e-06,89677.0,0.09147054
VIB/BTC,1607633264335,2020-12-10T20:47:44.335Z,sell,1.01e-06,83277.0,0.08410977
VIB/BTC,1607633269173,2020-12-10T20:47:49.173Z,sell,1.01e-06,203.0,0.00020503
VIB/BTC,1607633275505,2020-12-10T20:47:55.505Z,buy,1.02e-06,102.0,0.00010404
VIB/BTC,1607633311432,2020-12-10T20:48:31.432Z,buy,1.02e-06,109196.0,0.11137992
VIB/BTC,1607633314603,2020-12-10T20:48:34.603Z,sell,1.02e-06,511.0,0.00052122
VIB/BTC,1607633314834,2020-12-10T20:48:34.834Z,buy,1.02e-06,102.0,0.00010404
VIB/BTC,1607633318835,2020-12-10T20:48:38.835Z,buy,1.02e-06,35283.0,0.03598866
VIB/BTC,1607633318851,2020-12-10T20:48:38.851Z,buy,1.02e-06,22677.0,0.0231305399999999
VIB/BTC,1607633352715,2020-12-10T20:49:12.715Z,sell,1.01e-06,69080.0,0.0697708
VIB/BTC,1607633352724,2020-12-10T20:49:12.724Z,buy,1.01e-06,4912.0,0.00496112
VIB/BTC,1607633352731,2020-12-10T20:49:12.731Z,buy,1.01e-06,2456.0,0.00248056
VIB/BTC,1607633352985,2020-12-10T20:49:12.985Z,buy,1.01e-06,33259.0,0.03359159
VIB/BTC,1607633353624,2020-12-10T20:49:13.624Z,buy,1.01e-06,5503.0,0.00555803
VIB/BTC,1607633360377,2020-12-10T20:49:20.377Z,sell,1.01e-06,204.0,0.00020604
VIB/BTC,1607633365130,2020-12-10T20:49:25.130Z,sell,1.01e-06,35096.0,0.03544696
VIB/BTC,1607633365236,2020-12-10T20:49:25.236Z,buy,1.01e-06,102.0,0.00010302
VIB/BTC,1607633407807,2020-12-10T20:50:07.807Z,buy,1.01e-06,110.0,0.0001111
VIB/BTC,1607633464662,2020-12-10T20:51:04.662Z,buy,1.01e-06,20577.0,0.02078277
VIB/BTC,1607633470283,2020-12-10T20:51:10.283Z,buy,1.02e-06,102.0,0.00010404
VIB/BTC,1607633487281,2020-12-10T20:51:27.281Z,sell,1e-06,260.0,0.00026
VIB/BTC,1607633495701,2020-12-10T20:51:35.701Z,sell,1e-06,204.0,0.000204
VIB/BTC,1607633499201,2020-12-10T20:51:39.201Z,buy,1.01e-06,199.0,0.00020099
VIB/BTC,1607633507268,2020-12-10T20:51:47.268Z,buy,1.01e-06,6941.0,0.00701041
VIB/BTC,1607633507286,2020-12-10T20:51:47.286Z,buy,1.01e-06,32306.0,0.03262906
VIB/BTC,1607633511082,2020-12-10T20:51:51.082Z,buy,1.02e-06,102.0,0.00010404
VIB/BTC,1607633615205,2020-12-10T20:53:35.205Z,buy,1.01e-06,6294.0,0.00635694
VIB/BTC,1607634005821,2020-12-10T21:00:05.821Z,buy,1.01e-06,102.0,0.00010302
VIB/BTC,1607634375636,2020-12-10T21:06:15.636Z,buy,1.01e-06,13844.0,0.01398244
VIB/BTC,1607634375694,2020-12-10T21:06:15.694Z,buy,1.01e-06,9891.0,0.00998991
VIB/BTC,1607634378640,2020-12-10T21:06:18.640Z,buy,1.01e-06,9891.0,0.00998991
VIB/BTC,1607634396073,2020-12-10T21:06:36.073Z,buy,1.01e-06,268.0,0.00027068
VIB/BTC,1607634401420,2020-12-10T21:06:41.420Z,buy,1.01e-06,9623.0,0.00971923
VIB/BTC,1607634586019,2020-12-10T21:09:46.019Z,buy,1.01e-06,86544.0,0.08740944
VIB/BTC,1607634591277,2020-12-10T21:09:51.277Z,buy,1.01e-06,83277.0,0.08410977
VIB/BTC,1607634595520,2020-12-10T21:09:55.520Z,buy,1.01e-06,74566.0,0.07531166
VIB/BTC,1607634599255,2020-12-10T21:09:59.255Z,buy,1.01e-06,92569.0,0.09349469
VIB/BTC,1607634599953,2020-12-10T21:09:59.953Z,buy,1.01e-06,53354.0,0.05388754
VIB/BTC,1607634603523,2020-12-10T21:10:03.523Z,sell,1.01e-06,33223.0,0.03355523
VIB/BTC,1607634606151,2020-12-10T21:10:06.151Z,buy,1.01e-06,53365.0,0.05389865
VIB/BTC,1607634608006,2020-12-10T21:10:08.006Z,sell,1.01e-06,33223.0,0.03355523
VIB/BTC,1607634610358,2020-12-10T21:10:10.358Z,buy,1.01e-06,50054.0,0.05055454
VIB/BTC,1607634613283,2020-12-10T21:10:13.283Z,sell,1.01e-06,33223.0,0.03355523
VIB/BTC,1607634615377,2020-12-10T21:10:15.377Z,buy,1.01e-06,51596.0,0.05211196
VIB/BTC,1607634617399,2020-12-10T21:10:17.399Z,sell,1.01e-06,32970.0,0.0332997
VIB/BTC,1607634619784,2020-12-10T21:10:19.784Z,buy,1.01e-06,45352.0,0.04580552
VIB/BTC,1607634622868,2020-12-10T21:10:22.868Z,sell,1.01e-06,32970.0,0.0332997
VIB/BTC,1607634624062,2020-12-10T21:10:24.062Z,buy,1.01e-06,53618.0,0.05415418
VIB/BTC,1607634624461,2020-12-10T21:10:24.461Z,buy,1.02e-06,202.0,0.00020604
VIB/BTC,1607634625308,2020-12-10T21:10:25.308Z,sell,1.01e-06,35013.0,0.03536313
VIB/BTC,1607634629729,2020-12-10T21:10:29.729Z,buy,1.02e-06,86588.0,0.08831976
VIB/BTC,1607634632949,2020-12-10T21:10:32.949Z,sell,1.01e-06,83277.0,0.08410977
VIB/BTC,1607634634696,2020-12-10T21:10:34.696Z,sell,1.01e-06,74566.0,0.07531166
VIB/BTC,1607634635030,2020-12-10T21:10:35.030Z,buy,1.02e-06,102.0,0.00010404
VIB/BTC,1607634637952,2020-12-10T21:10:37.952Z,buy,1.02e-06,86588.0,0.08831976
VIB/BTC,1607634641772,2020-12-10T21:10:41.772Z,sell,1.01e-06,83277.0,0.08410977
VIB/BTC,1607634649129,2020-12-10T21:10:49.129Z,sell,1.01e-06,78655.0,0.07944155
VIB/BTC,1607634651863,2020-12-10T21:10:51.863Z,buy,1.02e-06,83277.0,0.08494254
VIB/BTC,1607634652526,2020-12-10T21:10:52.526Z,sell,1.01e-06,304.0,0.00030704
VIB/BTC,1607634654625,2020-12-10T21:10:54.625Z,buy,1.02e-06,78688.0,0.08026176
VIB/BTC,1607634657320,2020-12-10T21:10:57.320Z,sell,1.01e-06,86544.0,0.08740944
VIB/BTC,1607634659365,2020-12-10T21:10:59.365Z,sell,1.01e-06,89677.0,0.09057377
VIB/BTC,1607634662264,2020-12-10T21:11:02.264Z,buy,1.02e-06,102.0,0.00010404
VIB/BTC,1607634663739,2020-12-10T21:11:03.739Z,buy,1.02e-06,83277.0,0.08494254
VIB/BTC,1607634665371,2020-12-10T21:11:05.371Z,buy,1.02e-06,84566.0,0.08625732
VIB/BTC,1607634669192,2020-12-10T21:11:09.192Z,sell,1.01e-06,83277.0,0.08410977
VIB/BTC,1607634671444,2020-12-10T21:11:11.444Z,sell,1.01e-06,89655.0,0.09055155
VIB/BTC,1607634671451,2020-12-10T21:11:11.451Z,buy,1.02e-06,102.0,0.00010404
VIB/BTC,1607634675511,2020-12-10T21:11:15.511Z,buy,1.02e-06,74566.0,0.07605732
VIB/BTC,1607634677522,2020-12-10T21:11:17.522Z,buy,1.02e-06,86588.0,0.08831976
VIB/BTC,1607634684224,2020-12-10T21:11:24.224Z,sell,1.01e-06,83277.0,0.08410977
VIB/BTC,1607634685824,2020-12-10T21:11:25.824Z,sell,1.01e-06,86577.0,0.08744277
VIB/BTC,1607634689538,2020-12-10T21:11:29.538Z,buy,1.02e-06,74566.0,0.07605732
VIB/BTC,1607634729934,2020-12-10T21:12:09.934Z,buy,1.02e-06,133486.0,0.13615572
VIB/BTC,1607634908773,2020-12-10T21:15:08.773Z,sell,1.01e-06,43016.0,0.04344616
VIB/BTC,1607634908777,2020-12-10T21:15:08.777Z,sell,1.01e-06,2403.0,0.00242703
VIB/BTC,1607634908777,2020-12-10T21:15:08.777Z,sell,1.01e-06,414.0,0.00041814
VIB/BTC,1607634920965,2020-12-10T21:15:20.965Z,buy,1.02e-06,108.0,0.00011016
VIB/BTC,1607634922849,2020-12-10T21:15:22.849Z,sell,1.01e-06,84566.0,0.08541166
VIB/BTC,1607634924644,2020-12-10T21:15:24.644Z,sell,1.01e-06,59220.0,0.0598122
VIB/BTC,1607634924675,2020-12-10T21:15:24.675Z,buy,1.01e-06,33.0,3.333e-05
VIB/BTC,1607634926824,2020-12-10T21:15:26.824Z,buy,1.01e-06,20528.0,0.02073328
VIB/BTC,1607634928456,2020-12-10T21:15:28.456Z,buy,1.02e-06,84566.0,0.08625732
VIB/BTC,1607634930306,2020-12-10T21:15:30.306Z,buy,1.02e-06,56875.0,0.0580125
VIB/BTC,1607634930319,2020-12-10T21:15:30.319Z,sell,1.02e-06,7058.0,0.00719916
VIB/BTC,1607634930319,2020-12-10T21:15:30.319Z,sell,1.02e-06,240.0,0.0002448
VIB/BTC,1607634930945,2020-12-10T21:15:30.945Z,sell,1.02e-06,311.0,0.00031722
VIB/BTC,1607634931847,2020-12-10T21:15:31.847Z,sell,1.02e-06,18793.0,0.01916886
VIB/BTC,1607634935745,2020-12-10T21:15:35.745Z,buy,1.02e-06,74566.0,0.07605732
VIB/BTC,1607634938971,2020-12-10T21:15:38.971Z,sell,1.01e-06,83277.0,0.08410977
VIB/BTC,1607634940989,2020-12-10T21:15:40.989Z,sell,1.01e-06,86544.0,0.08740944
VIB/BTC,1607634941300,2020-12-10T21:15:41.300Z,buy,1.02e-06,101.0,0.00010302
VIB/BTC,1607634943407,2020-12-10T21:15:43.407Z,sell,1.01e-06,74566.0,0.07531166
VIB/BTC,1607634943616,2020-12-10T21:15:43.616Z,sell,1.01e-06,185.0,0.00018685
VIB/BTC,1607634947655,2020-12-10T21:15:47.655Z,buy,1.02e-06,83277.0,0.08494254
VIB/BTC,1607634949550,2020-12-10T21:15:49.550Z,buy,1.02e-06,53623.0,0.05469546
VIB/BTC,1607634951181,2020-12-10T21:15:51.181Z,sell,1.02e-06,30943.0,0.03156186
VIB/BTC,1607634951195,2020-12-10T21:15:51.195Z,buy,1.02e-06,101.0,0.00010302
VIB/BTC,1607634952322,2020-12-10T21:15:52.322Z,buy,1.02e-06,86544.0,0.08827488
VIB/BTC,1607634956414,2020-12-10T21:15:56.414Z,sell,1.01e-06,83277.0,0.08410977
VIB/BTC,1607634958215,2020-12-10T21:15:58.215Z,sell,1.01e-06,86544.0,0.08740944
VIB/BTC,1607634960092,2020-12-10T21:16:00.092Z,sell,1.01e-06,78655.0,0.07944155
VIB/BTC,1607634961310,2020-12-10T21:16:01.310Z,buy,1.02e-06,110.0,0.0001122
VIB/BTC,1607634964025,2020-12-10T21:16:04.025Z,buy,1.02e-06,83277.0,0.08494254
VIB/BTC,1607634965898,2020-12-10T21:16:05.898Z,buy,1.02e-06,74566.0,0.07605732
VIB/BTC,1607634968128,2020-12-10T21:16:08.128Z,buy,1.02e-06,86544.0,0.08827488
VIB/BTC,1607634971424,2020-12-10T21:16:11.424Z,sell,1.01e-06,83277.0,0.08410977
VIB/BTC,1607634973415,2020-12-10T21:16:13.415Z,sell,1.01e-06,84566.0,0.08541166
VIB/BTC,1607634975322,2020-12-10T21:16:15.322Z,sell,1.01e-06,74566.0,0.07531166
VIB/BTC,1607634979278,2020-12-10T21:16:19.278Z,buy,1.02e-06,83277.0,0.08494254
VIB/BTC,1607634981735,2020-12-10T21:16:21.735Z,buy,1.02e-06,83277.0,0.08494254
VIB/BTC,1607634986389,2020-12-10T21:16:26.389Z,sell,1.01e-06,23455.0,0.02368955
VIB/BTC,1607635007405,2020-12-10T21:16:47.405Z,sell,1.01e-06,312.0,0.00031512
VIB/BTC,1607635013914,2020-12-10T21:16:53.914Z,buy,1.02e-06,101.0,0.00010302
VIB/BTC,1607635145794,2020-12-10T21:19:05.794Z,sell,1.01e-06,134685.0,0.13603185
VIB/BTC,1607635145806,2020-12-10T21:19:05.806Z,buy,1.01e-06,1105.0,0.00111605
VIB/BTC,1607635176678,2020-12-10T21:19:36.678Z,buy,1.01e-06,67239.0,0.06791139
VIB/BTC,1607635189461,2020-12-10T21:19:49.461Z,buy,1.02e-06,80737.0,0.0823517399999999
VIB/BTC,1607635222284,2020-12-10T21:20:22.284Z,buy,1.03e-06,131.0,0.00013493
VIB/BTC,1607635229607,2020-12-10T21:20:29.607Z,buy,1.03e-06,104.0,0.00010712
VIB/BTC,1607635272460,2020-12-10T21:21:12.460Z,sell,1.01e-06,73260.0,0.0739926
VIB/BTC,1607635272479,2020-12-10T21:21:12.479Z,buy,1.01e-06,36.0,3.636e-05
VIB/BTC,1607635279097,2020-12-10T21:21:19.097Z,sell,1e-06,461.0,0.000461
VIB/BTC,1607635281020,2020-12-10T21:21:21.020Z,buy,1.01e-06,102.0,0.00010302
VIB/BTC,1607635331433,2020-12-10T21:22:11.433Z,buy,1.01e-06,110.0,0.0001111
VIB/BTC,1607635602908,2020-12-10T21:26:42.908Z,sell,1e-06,7360.0,0.0073599999999999
VIB/BTC,1607635654700,2020-12-10T21:27:34.700Z,sell,1e-06,307.0,0.000307
VIB/BTC,1607635662302,2020-12-10T21:27:42.302Z,buy,1.01e-06,102.0,0.00010302
VIB/BTC,1607635683021,2020-12-10T21:28:03.021Z,buy,1.01e-06,2008.0,0.00202808
VIB/BTC,1607635825540,2020-12-10T21:30:25.540Z,buy,1.01e-06,102.0,0.00010302
VIB/BTC,1607635859952,2020-12-10T21:30:59.952Z,buy,1.01e-06,4440.0,0.0044844
VIB/BTC,1607635859952,2020-12-10T21:30:59.952Z,buy,1.01e-06,4440.0,0.0044844
VIB/BTC,1607636187126,2020-12-10T21:36:27.126Z,sell,1e-06,224.0,0.000224
VIB/BTC,1607636206900,2020-12-10T21:36:46.900Z,buy,1.01e-06,258.0,0.00026058
VIB/BTC,1607636306387,2020-12-10T21:38:26.387Z,sell,1e-06,18484.0,0.018484
VIB/BTC,1607636346725,2020-12-10T21:39:06.725Z,sell,1e-06,980.0,0.00098
VIB/BTC,1607636370508,2020-12-10T21:39:30.508Z,buy,1.01e-06,101.0,0.00010201
VIB/BTC,1607636437934,2020-12-10T21:40:37.934Z,sell,1e-06,5495.0,0.005495
VIB/BTC,1607636449879,2020-12-10T21:40:49.879Z,buy,1e-06,165.0,0.000165
VIB/BTC,1607636478424,2020-12-10T21:41:18.424Z,buy,1e-06,141.0,0.0001409999999999
VIB/BTC,1607636595862,2020-12-10T21:43:15.862Z,sell,9.9e-07,3157.0,0.00312543
VIB/BTC,1607636599243,2020-12-10T21:43:19.243Z,buy,1e-06,234.0,0.000234
VIB/BTC,1607636602074,2020-12-10T21:43:22.074Z,buy,1e-06,2076.0,0.0020759999999999
VIB/BTC,1607636632382,2020-12-10T21:43:52.382Z,buy,1e-06,4355.0,0.0043549999999999
VIB/BTC,1607636652176,2020-12-10T21:44:12.176Z,buy,1.01e-06,498.0,0.00050298
VIB/BTC,1607637032035,2020-12-10T21:50:32.035Z,buy,1e-06,594.0,0.000594
VIB/BTC,1607637034313,2020-12-10T21:50:34.313Z,buy,1e-06,2389.0,0.002389
VIB/BTC,1607637036631,2020-12-10T21:50:36.631Z,buy,1.01e-06,254.0,0.00025654
VIB/BTC,1607637601725,2020-12-10T22:00:01.725Z,buy,1e-06,1602.0,0.001602
VIB/BTC,1607637602055,2020-12-10T22:00:02.055Z,buy,1.01e-06,3265.0,0.00329765
VIB/BTC,1607637626673,2020-12-10T22:00:26.673Z,buy,1e-06,6662.0,0.0066619999999999
VIB/BTC,1607637640654,2020-12-10T22:00:40.654Z,buy,1.01e-06,4398.0,0.00444198
VIB/BTC,1607637744350,2020-12-10T22:02:24.350Z,buy,1e-06,197.0,0.000197
VIB/BTC,1607637906700,2020-12-10T22:05:06.700Z,buy,1e-06,587.0,0.000587
VIB/BTC,1607637980321,2020-12-10T22:06:20.321Z,buy,1e-06,4802.0,0.004802
VIB/BTC,1607637987278,2020-12-10T22:06:27.278Z,buy,1e-06,7278.0,0.007278
VIB/BTC,1607637994301,2020-12-10T22:06:34.301Z,buy,1e-06,3640.0,0.00364
VIB/BTC,1607637995953,2020-12-10T22:06:35.953Z,buy,1e-06,1100.0,0.0010999999999999
VIB/BTC,1607638022357,2020-12-10T22:07:02.357Z,buy,1e-06,3364.0,0.003364
VIB/BTC,1607638066979,2020-12-10T22:07:46.979Z,buy,1e-06,2529.0,0.002529
VIB/BTC,1607638158362,2020-12-10T22:09:18.362Z,buy,1e-06,598.0,0.000598
VIB/BTC,1607638406087,2020-12-10T22:13:26.087Z,sell,9.9e-07,4966.0,0.00491634
VIB/BTC,1607638434232,2020-12-10T22:13:54.232Z,sell,9.9e-07,304.0,0.00030096
VIB/BTC,1607638441538,2020-12-10T22:14:01.538Z,buy,1e-06,102.0,0.000102
VIB/BTC,1607638591487,2020-12-10T22:16:31.487Z,buy,1e-06,286110.0,0.28611
VIB/BTC,1607638595576,2020-12-10T22:16:35.576Z,buy,1.01e-06,785.0,0.00079285
VIB/BTC,1607638985485,2020-12-10T22:23:05.485Z,sell,1e-06,36367.0,0.036367
VIB/BTC,1607638988316,2020-12-10T22:23:08.316Z,sell,1e-06,8216.0,0.008216
VIB/BTC,1607639003633,2020-12-10T22:23:23.633Z,buy,1.01e-06,29702.0,0.02999902
VIB/BTC,1607639012991,2020-12-10T22:23:32.991Z,sell,1e-06,7019.0,0.007019
VIB/BTC,1607639022301,2020-12-10T22:23:42.301Z,buy,1.01e-06,254.0,0.00025654
VIB/BTC,1607639450456,2020-12-10T22:30:50.456Z,buy,1.01e-06,19990.0,0.0201899
VIB/BTC,1607639450456,2020-12-10T22:30:50.456Z,buy,1.01e-06,19990.0,0.0201899
VIB/BTC,1607639470461,2020-12-10T22:31:10.461Z,buy,1.01e-06,5378.0,0.00543178
VIB/BTC,1607639588789,2020-12-10T22:33:08.789Z,buy,1.01e-06,66162.0,0.06682362
VIB/BTC,1607639632408,2020-12-10T22:33:52.408Z,buy,1.01e-06,588.0,0.00059388
VIB/BTC,1607639635996,2020-12-10T22:33:55.996Z,buy,1.01e-06,751.0,0.00075851
VIB/BTC,1607639635996,2020-12-10T22:33:55.996Z,buy,1.02e-06,49.0,4.998e-05
VIB/BTC,1607639638089,2020-12-10T22:33:58.089Z,buy,1.02e-06,103.0,0.00010506
VIB/BTC,1607639788349,2020-12-10T22:36:28.349Z,buy,1.02e-06,7679.0,0.00783258
VIB/BTC,1607640021173,2020-12-10T22:40:21.173Z,buy,1.03e-06,234.0,0.00024102
VIB/BTC,1607640115528,2020-12-10T22:41:55.528Z,sell,1.02e-06,102637.0,0.10468974
VIB/BTC,1607640120562,2020-12-10T22:42:00.562Z,buy,1.03e-06,587.0,0.00060461
VIB/BTC,1607640132588,2020-12-10T22:42:12.588Z,sell,1.02e-06,18000.0,0.0183599999999999
VIB/BTC,1607640132588,2020-12-10T22:42:12.588Z,sell,1.01e-06,131873.0,0.13319173
VIB/BTC,1607640132595,2020-12-10T22:42:12.595Z,buy,1.01e-06,852.0,0.00086052
VIB/BTC,1607640132595,2020-12-10T22:42:12.595Z,buy,1.01e-06,852.0,0.00086052
VIB/BTC,1607640132595,2020-12-10T22:42:12.595Z,buy,1.01e-06,852.0,0.00086052
VIB/BTC,1607640132595,2020-12-10T22:42:12.595Z,buy,1.01e-06,852.0,0.00086052
VIB/BTC,1607640132596,2020-12-10T22:42:12.596Z,buy,1.01e-06,852.0,0.00086052
VIB/BTC,1607640132596,2020-12-10T22:42:12.596Z,buy,1.01e-06,852.0,0.00086052
VIB/BTC,1607640132596,2020-12-10T22:42:12.596Z,buy,1.01e-06,852.0,0.00086052
VIB/BTC,1607640132597,2020-12-10T22:42:12.597Z,buy,1.01e-06,852.0,0.00086052
VIB/BTC,1607640132597,2020-12-10T22:42:12.597Z,buy,1.01e-06,852.0,0.00086052
VIB/BTC,1607640132597,2020-12-10T22:42:12.597Z,buy,1.01e-06,852.0,0.00086052
VIB/BTC,1607640132597,2020-12-10T22:42:12.597Z,buy,1.01e-06,852.0,0.00086052
VIB/BTC,1607640132597,2020-12-10T22:42:12.597Z,buy,1.01e-06,852.0,0.00086052
VIB/BTC,1607640132597,2020-12-10T22:42:12.597Z,buy,1.01e-06,852.0,0.00086052
VIB/BTC,1607640132598,2020-12-10T22:42:12.598Z,buy,1.01e-06,14434.0,0.01457834
VIB/BTC,1607640132598,2020-12-10T22:42:12.598Z,buy,1.01e-06,852.0,0.00086052
VIB/BTC,1607640132598,2020-12-10T22:42:12.598Z,buy,1.01e-06,852.0,0.00086052
VIB/BTC,1607640132598,2020-12-10T22:42:12.598Z,buy,1.01e-06,852.0,0.00086052
VIB/BTC,1607640132599,2020-12-10T22:42:12.599Z,buy,1.01e-06,852.0,0.00086052
VIB/BTC,1607640132600,2020-12-10T22:42:12.600Z,buy,1.01e-06,852.0,0.00086052
VIB/BTC,1607640132600,2020-12-10T22:42:12.600Z,buy,1.01e-06,852.0,0.00086052
VIB/BTC,1607640132600,2020-12-10T22:42:12.600Z,buy,1.01e-06,852.0,0.00086052
VIB/BTC,1607640132600,2020-12-10T22:42:12.600Z,buy,1.01e-06,852.0,0.00086052
VIB/BTC,1607640132600,2020-12-10T22:42:12.600Z,buy,1.01e-06,852.0,0.00086052
VIB/BTC,1607640132600,2020-12-10T22:42:12.600Z,buy,1.01e-06,852.0,0.00086052
VIB/BTC,1607640132600,2020-12-10T22:42:12.600Z,buy,1.01e-06,852.0,0.00086052
VIB/BTC,1607640132600,2020-12-10T22:42:12.600Z,buy,1.01e-06,852.0,0.00086052
VIB/BTC,1607640132601,2020-12-10T22:42:12.601Z,buy,1.01e-06,852.0,0.00086052
VIB/BTC,1607640132602,2020-12-10T22:42:12.602Z,buy,1.01e-06,852.0,0.00086052
VIB/BTC,1607640132602,2020-12-10T22:42:12.602Z,buy,1.01e-06,852.0,0.00086052
VIB/BTC,1607640132602,2020-12-10T22:42:12.602Z,buy,1.01e-06,852.0,0.00086052
VIB/BTC,1607640132602,2020-12-10T22:42:12.602Z,buy,1.01e-06,852.0,0.00086052
VIB/BTC,1607640132602,2020-12-10T22:42:12.602Z,buy,1.01e-06,852.0,0.00086052
VIB/BTC,1607640132602,2020-12-10T22:42:12.602Z,buy,1.01e-06,852.0,0.00086052
VIB/BTC,1607640132602,2020-12-10T22:42:12.602Z,buy,1.01e-06,852.0,0.00086052
VIB/BTC,1607640132602,2020-12-10T22:42:12.602Z,buy,1.01e-06,852.0,0.00086052
VIB/BTC,1607640132602,2020-12-10T22:42:12.602Z,buy,1.01e-06,852.0,0.00086052
VIB/BTC,1607640132602,2020-12-10T22:42:12.602Z,buy,1.01e-06,852.0,0.00086052
VIB/BTC,1607640132602,2020-12-10T22:42:12.602Z,buy,1.01e-06,852.0,0.00086052
VIB/BTC,1607640132603,2020-12-10T22:42:12.603Z,buy,1.01e-06,852.0,0.00086052
VIB/BTC,1607640132603,2020-12-10T22:42:12.603Z,buy,1.01e-06,852.0,0.00086052
VIB/BTC,1607640132604,2020-12-10T22:42:12.604Z,buy,1.01e-06,852.0,0.00086052
VIB/BTC,1607640132605,2020-12-10T22:42:12.605Z,buy,1.01e-06,852.0,0.00086052
VIB/BTC,1607640132607,2020-12-10T22:42:12.607Z,buy,1.01e-06,852.0,0.00086052
VIB/BTC,1607640132607,2020-12-10T22:42:12.607Z,buy,1.01e-06,852.0,0.00086052
VIB/BTC,1607640132607,2020-12-10T22:42:12.607Z,buy,1.01e-06,852.0,0.00086052
VIB/BTC,1607640132608,2020-12-10T22:42:12.608Z,buy,1.01e-06,852.0,0.00086052
VIB/BTC,1607640132659,2020-12-10T22:42:12.659Z,sell,1e-06,20540.0,0.02054
VIB/BTC,1607640132662,2020-12-10T22:42:12.662Z,buy,1.01e-06,37.0,3.737e-05
VIB/BTC,1607640132924,2020-12-10T22:42:12.924Z,sell,1e-06,3302.0,0.003302
VIB/BTC,1607640141685,2020-12-10T22:42:21.685Z,sell,1e-06,320.0,0.0003199999999999
VIB/BTC,1607640145501,2020-12-10T22:42:25.501Z,sell,1e-06,180224.0,0.180224
VIB/BTC,1607640145928,2020-12-10T22:42:25.928Z,sell,9.9e-07,603.0,0.00059697
VIB/BTC,1607640146467,2020-12-10T22:42:26.467Z,buy,1.01e-06,102.0,0.00010302
VIB/BTC,1607640158201,2020-12-10T22:42:38.201Z,buy,1e-06,4838.0,0.0048379999999999
VIB/BTC,1607640164981,2020-12-10T22:42:44.981Z,buy,1e-06,3169.0,0.003169
VIB/BTC,1607640176237,2020-12-10T22:42:56.237Z,sell,9.9e-07,26857.0,0.02658843
VIB/BTC,1607640176237,2020-12-10T22:42:56.237Z,sell,9.8e-07,53376.0,0.05230848
VIB/BTC,1607640176243,2020-12-10T22:42:56.243Z,buy,9.8e-07,21309.0,0.02088282
VIB/BTC,1607640176252,2020-12-10T22:42:56.252Z,buy,9.8e-07,2141.0,0.00209818
VIB/BTC,1607640176253,2020-12-10T22:42:56.253Z,buy,9.8e-07,11315.0,0.0110887
VIB/BTC,1607640176570,2020-12-10T22:42:56.570Z,sell,9.8e-07,5611.0,0.00549878
VIB/BTC,1607640176589,2020-12-10T22:42:56.589Z,sell,9.7e-07,1154.0,0.00111938
VIB/BTC,1607640176731,2020-12-10T22:42:56.731Z,buy,9.9e-07,6596.0,0.00653004
VIB/BTC,1607640176732,2020-12-10T22:42:56.732Z,buy,9.9e-07,51770.0,0.0512523
VIB/BTC,1607640177243,2020-12-10T22:42:57.243Z,buy,9.8e-07,1046.0,0.0010250799999999
VIB/BTC,1607640177243,2020-12-10T22:42:57.243Z,buy,9.9e-07,19577.0,0.01938123
VIB/BTC,1607640177280,2020-12-10T22:42:57.280Z,sell,9.7e-07,4846.0,0.00470062
VIB/BTC,1607640179177,2020-12-10T22:42:59.177Z,buy,9.8e-07,247.0,0.00024206
VIB/BTC,1607640179177,2020-12-10T22:42:59.177Z,buy,9.9e-07,10859.0,0.01075041
VIB/BTC,1607640179189,2020-12-10T22:42:59.189Z,sell,9.7e-07,155896.0,0.15121912
VIB/BTC,1607640180003,2020-12-10T22:43:00.003Z,buy,9.7e-07,248.0,0.00024056
VIB/BTC,1607640180611,2020-12-10T22:43:00.611Z,buy,9.7e-07,8586.0,0.00832842
VIB/BTC,1607640185968,2020-12-10T22:43:05.968Z,buy,9.7e-07,10324.0,0.01001428
VIB/BTC,1607640186835,2020-12-10T22:43:06.835Z,buy,9.7e-07,1000.0,0.00097
VIB/BTC,1607640192930,2020-12-10T22:43:12.930Z,buy,9.7e-07,11151.0,0.01081647
VIB/BTC,1607640199988,2020-12-10T22:43:19.988Z,buy,9.7e-07,5110.0,0.0049567
VIB/BTC,1607640200259,2020-12-10T22:43:20.259Z,buy,9.7e-07,454.0,0.00044038
VIB/BTC,1607640200293,2020-12-10T22:43:20.293Z,buy,9.7e-07,470.0,0.0004559
VIB/BTC,1607640222098,2020-12-10T22:43:42.098Z,buy,9.7e-07,36558.0,0.03546126
VIB/BTC,1607640229717,2020-12-10T22:43:49.717Z,sell,9.6e-07,5746.0,0.0055161599999999
VIB/BTC,1607640231499,2020-12-10T22:43:51.499Z,buy,9.7e-07,2084.0,0.00202148
VIB/BTC,1607640236261,2020-12-10T22:43:56.261Z,sell,9.6e-07,4757.0,0.00456672
VIB/BTC,1607640241418,2020-12-10T22:44:01.418Z,buy,9.7e-07,105.0,0.00010185
VIB/BTC,1607640257593,2020-12-10T22:44:17.593Z,buy,9.7e-07,10779.0,0.01045563
VIB/BTC,1607640266683,2020-12-10T22:44:26.683Z,buy,9.7e-07,578.0,0.00056066
VIB/BTC,1607640280566,2020-12-10T22:44:40.566Z,buy,9.7e-07,1111.0,0.00107767
VIB/BTC,1607640329085,2020-12-10T22:45:29.085Z,buy,9.7e-07,765.0,0.00074205
VIB/BTC,1607640421428,2020-12-10T22:47:01.428Z,buy,9.7e-07,542.0,0.00052574
VIB/BTC,1607640477599,2020-12-10T22:47:57.599Z,buy,9.7e-07,1978.0,0.00191866
VIB/BTC,1607640478604,2020-12-10T22:47:58.604Z,buy,9.7e-07,444.0,0.00043068
VIB/BTC,1607640511329,2020-12-10T22:48:31.329Z,buy,9.7e-07,3092.0,0.00299924
VIB/BTC,1607640830198,2020-12-10T22:53:50.198Z,buy,9.7e-07,3199.0,0.00310303
VIB/BTC,1607640837168,2020-12-10T22:53:57.168Z,buy,9.7e-07,5043.0,0.00489171
VIB/BTC,1607640844207,2020-12-10T22:54:04.207Z,buy,9.7e-07,4540.0,0.0044038
VIB/BTC,1607640899829,2020-12-10T22:54:59.829Z,buy,9.7e-07,471.0,0.00045687
VIB/BTC,1607640911875,2020-12-10T22:55:11.875Z,buy,9.7e-07,883.0,0.00085651
VIB/BTC,1607640949014,2020-12-10T22:55:49.014Z,buy,9.7e-07,48567.0,0.04710999
VIB/BTC,1607640949173,2020-12-10T22:55:49.173Z,sell,9.7e-07,2979.0,0.00288963
VIB/BTC,1607641103651,2020-12-10T22:58:23.651Z,buy,9.7e-07,5000.0,0.00485
VIB/BTC,1607641116830,2020-12-10T22:58:36.830Z,sell,9.6e-07,179726.0,0.17253696
VIB/BTC,1607641116837,2020-12-10T22:58:36.837Z,buy,9.6e-07,19785.0,0.0189936
VIB/BTC,1607641127107,2020-12-10T22:58:47.107Z,buy,9.6e-07,20833.0,0.01999968
VIB/BTC,1607641132457,2020-12-10T22:58:52.457Z,sell,9.5e-07,980.0,0.000931
VIB/BTC,1607641132457,2020-12-10T22:58:52.457Z,sell,9.5e-07,11059.0,0.01050605
VIB/BTC,1607641133852,2020-12-10T22:58:53.852Z,buy,9.6e-07,107.0,0.0001027199999999
VIB/BTC,1607641210556,2020-12-10T23:00:10.556Z,buy,9.6e-07,108.0,0.00010368
VIB/BTC,1607641235274,2020-12-10T23:00:35.274Z,buy,9.6e-07,13525.0,0.0129839999999999
VIB/BTC,1607641235274,2020-12-10T23:00:35.274Z,buy,9.6e-07,13525.0,0.0129839999999999
VIB/BTC,1607641235274,2020-12-10T23:00:35.274Z,buy,9.6e-07,1.0,9.6e-07
VIB/BTC,1607641420067,2020-12-10T23:03:40.067Z,buy,9.7e-07,320.0,0.0003104
VIB/BTC,1607641812069,2020-12-10T23:10:12.069Z,buy,9.7e-07,330.0,0.0003201
VIB/BTC,1607641813228,2020-12-10T23:10:13.228Z,buy,9.7e-07,566.0,0.00054902
VIB/BTC,1607642096011,2020-12-10T23:14:56.011Z,sell,9.6e-07,7532.0,0.0072307199999999
VIB/BTC,1607642105724,2020-12-10T23:15:05.724Z,sell,9.6e-07,420.0,0.0004032
VIB/BTC,1607642110076,2020-12-10T23:15:10.076Z,buy,9.7e-07,104.0,0.00010088
VIB/BTC,1607642110076,2020-12-10T23:15:10.076Z,buy,9.7e-07,104.0,0.00010088
VIB/BTC,1607643309624,2020-12-10T23:35:09.624Z,buy,9.7e-07,518.0,0.00050246
VIB/BTC,1607643310006,2020-12-10T23:35:10.006Z,buy,9.7e-07,499.0,0.00048403
VIB/BTC,1607644155827,2020-12-10T23:49:15.827Z,sell,9.6e-07,9267.0,0.00889632
VIB/BTC,1607644175064,2020-12-10T23:49:35.064Z,buy,9.7e-07,105.0,0.00010185
VIB/BTC,1607644297292,2020-12-10T23:51:37.292Z,buy,9.7e-07,2243.0,0.00217571
VIB/BTC,1607644631433,2020-12-10T23:57:11.433Z,sell,9.6e-07,42226.0,0.04053696
VIB/BTC,1607644634735,2020-12-10T23:57:14.735Z,buy,9.7e-07,104.0,0.00010088
VIB/BTC,1607644702455,2020-12-10T23:58:22.455Z,sell,9.6e-07,8023.0,0.0077020799999999
VIB/BTC,1607644710160,2020-12-10T23:58:30.160Z,buy,9.7e-07,104.0,0.00010088
VIB/BTC,1607644796080,2020-12-10T23:59:56.080Z,sell,9.6e-07,105.0,0.0001008
VIB/BTC,1607644803398,2020-12-11T00:00:03.398Z,sell,9.6e-07,105.0,0.0001008
VIB/BTC,1607644809811,2020-12-11T00:00:09.811Z,buy,9.7e-07,105.0,0.00010185
VIB/BTC,1607645124397,2020-12-11T00:05:24.397Z,buy,9.7e-07,273.0,0.00026481
VIB/BTC,1607645186819,2020-12-11T00:06:26.819Z,sell,9.6e-07,1761.0,0.0016905599999999
VIB/BTC,1607645261322,2020-12-11T00:07:41.322Z,sell,9.6e-07,6508.0,0.0062476799999999
VIB/BTC,1607645348968,2020-12-11T00:09:08.968Z,buy,9.7e-07,199.0,0.00019303
VIB/BTC,1607645564574,2020-12-11T00:12:44.574Z,buy,9.7e-07,10640.0,0.0103208
VIB/BTC,1607645564574,2020-12-11T00:12:44.574Z,buy,9.7e-07,10640.0,0.0103208
VIB/BTC,1607646103416,2020-12-11T00:21:43.416Z,buy,9.7e-07,272.0,0.00026384
VIB/BTC,1607646557277,2020-12-11T00:29:17.277Z,buy,9.7e-07,537.0,0.00052089
VIB/BTC,1607646596553,2020-12-11T00:29:56.553Z,buy,9.7e-07,5069.0,0.00491693
VIB/BTC,1607646610791,2020-12-11T00:30:10.791Z,buy,9.7e-07,4562.0,0.00442514
VIB/BTC,1607646930605,2020-12-11T00:35:30.605Z,sell,9.6e-07,51494.0,0.04943424
VIB/BTC,1607647139083,2020-12-11T00:38:59.083Z,sell,9.6e-07,440.0,0.0004223999999999
VIB/BTC,1607647148669,2020-12-11T00:39:08.669Z,buy,9.7e-07,105.0,0.00010185
VIB/BTC,1607647312012,2020-12-11T00:41:52.012Z,sell,9.6e-07,20008.0,0.0192076799999999
VIB/BTC,1607647541834,2020-12-11T00:45:41.834Z,buy,9.7e-07,108.0,0.00010476
VIB/BTC,1607647739541,2020-12-11T00:48:59.541Z,sell,9.6e-07,4717.0,0.00452832
VIB/BTC,1607647747892,2020-12-11T00:49:07.892Z,sell,9.6e-07,1474.0,0.0014150399999999
VIB/BTC,1607647765216,2020-12-11T00:49:25.216Z,buy,9.7e-07,105.0,0.00010185
VIB/BTC,1607647893875,2020-12-11T00:51:33.875Z,sell,9.6e-07,6155.0,0.0059088
VIB/BTC,1607647894279,2020-12-11T00:51:34.279Z,sell,9.6e-07,1923.0,0.00184608
VIB/BTC,1607647902797,2020-12-11T00:51:42.797Z,buy,9.7e-07,110.0,0.0001067
VIB/BTC,1607647917268,2020-12-11T00:51:57.268Z,sell,9.6e-07,1145.0,0.0010991999999999
VIB/BTC,1607647920268,2020-12-11T00:52:00.268Z,sell,9.6e-07,6623.0,0.0063580799999999
VIB/BTC,1607647922238,2020-12-11T00:52:02.238Z,buy,9.7e-07,111.0,0.00010767
VIB/BTC,1607647922492,2020-12-11T00:52:02.492Z,sell,9.6e-07,2087.0,0.00200352
VIB/BTC,1607647950930,2020-12-11T00:52:30.930Z,sell,9.6e-07,440.0,0.0004223999999999
VIB/BTC,1607647958341,2020-12-11T00:52:38.341Z,buy,9.7e-07,108.0,0.00010476
VIB/BTC,1607648272867,2020-12-11T00:57:52.867Z,buy,9.7e-07,366.0,0.00035502
VIB/BTC,1607648798824,2020-12-11T01:06:38.824Z,buy,9.7e-07,105.0,0.00010185
VIB/BTC,1607648956764,2020-12-11T01:09:16.764Z,buy,9.7e-07,680.0,0.0006596
VIB/BTC,1607648956765,2020-12-11T01:09:16.765Z,buy,9.7e-07,681.0,0.00066057
VIB/BTC,1607648956765,2020-12-11T01:09:16.765Z,buy,9.7e-07,681.0,0.00066057
VIB/BTC,1607649816578,2020-12-11T01:23:36.578Z,sell,9.6e-07,1134.0,0.0010886399999999
VIB/BTC,1607649825999,2020-12-11T01:23:45.999Z,buy,9.7e-07,112.0,0.00010864
VIB/BTC,1607649847813,2020-12-11T01:24:07.813Z,sell,9.6e-07,7336.0,0.00704256
VIB/BTC,1607649849184,2020-12-11T01:24:09.184Z,sell,9.6e-07,3616.0,0.0034713599999999
VIB/BTC,1607649850863,2020-12-11T01:24:10.863Z,sell,9.6e-07,1145.0,0.0010991999999999
VIB/BTC,1607649867774,2020-12-11T01:24:27.774Z,buy,9.7e-07,110.0,0.0001067
VIB/BTC,1607651102518,2020-12-11T01:45:02.518Z,sell,9.6e-07,1052.0,0.0010099199999999
VIB/BTC,1607651179609,2020-12-11T01:46:19.609Z,sell,9.6e-07,440.0,0.0004223999999999
VIB/BTC,1607651184185,2020-12-11T01:46:24.185Z,buy,9.7e-07,108.0,0.00010476
VIB/BTC,1607651293323,2020-12-11T01:48:13.323Z,buy,9.7e-07,649.0,0.00062953
VIB/BTC,1607651958654,2020-12-11T01:59:18.654Z,sell,9.6e-07,66761.0,0.0640905599999999
VIB/BTC,1607651959517,2020-12-11T01:59:19.517Z,sell,9.6e-07,5537.0,0.00531552
VIB/BTC,1607651968792,2020-12-11T01:59:28.792Z,buy,9.7e-07,110.0,0.0001067
VIB/BTC,1607652004998,2020-12-11T02:00:04.998Z,buy,9.7e-07,108.0,0.00010476
VIB/BTC,1607652004998,2020-12-11T02:00:04.998Z,buy,9.7e-07,108.0,0.00010476
VIB/BTC,1607652981006,2020-12-11T02:16:21.006Z,buy,9.7e-07,200.0,0.000194
VIB/BTC,1607653477116,2020-12-11T02:24:37.116Z,buy,9.7e-07,3280.0,0.0031816
VIB/BTC,1607653612396,2020-12-11T02:26:52.396Z,buy,9.7e-07,5103.0,0.00494991
VIB/BTC,1607653640341,2020-12-11T02:27:20.341Z,sell,9.6e-07,6172.0,0.00592512
VIB/BTC,1607653647605,2020-12-11T02:27:27.605Z,sell,9.6e-07,649.0,0.0006230399999999
VIB/BTC,1607653699951,2020-12-11T02:28:19.951Z,buy,9.7e-07,109.0,0.00010573
VIB/BTC,1607653886953,2020-12-11T02:31:26.953Z,sell,9.6e-07,31371.0,0.0301161599999999
VIB/BTC,1607653899303,2020-12-11T02:31:39.303Z,sell,9.6e-07,440.0,0.0004223999999999
VIB/BTC,1607653913160,2020-12-11T02:31:53.160Z,buy,9.7e-07,108.0,0.00010476
VIB/BTC,1607654195748,2020-12-11T02:36:35.748Z,sell,9.6e-07,116.0,0.0001113599999999
VIB/BTC,1607654224636,2020-12-11T02:37:04.636Z,buy,9.7e-07,105.0,0.00010185
VIB/BTC,1607654447062,2020-12-11T02:40:47.062Z,buy,9.7e-07,310337.0,0.30102689
VIB/BTC,1607654447100,2020-12-11T02:40:47.100Z,sell,9.7e-07,1145.0,0.00111065
VIB/BTC,1607654447664,2020-12-11T02:40:47.664Z,sell,9.7e-07,7538.0,0.00731186
VIB/BTC,1607654447672,2020-12-11T02:40:47.672Z,sell,9.7e-07,5940.0,0.0057618
VIB/BTC,1607654447886,2020-12-11T02:40:47.886Z,sell,9.7e-07,2817.0,0.00273249
VIB/BTC,1607654448867,2020-12-11T02:40:48.867Z,sell,9.7e-07,2331.0,0.00226107
VIB/BTC,1607654450464,2020-12-11T02:40:50.464Z,sell,9.7e-07,4219.0,0.00409243
VIB/BTC,1607654454847,2020-12-11T02:40:54.847Z,buy,9.8e-07,111.0,0.00010878
VIB/BTC,1607654857189,2020-12-11T02:47:37.189Z,sell,9.6e-07,3280.0,0.0031487999999999
VIB/BTC,1607654913632,2020-12-11T02:48:33.632Z,buy,9.8e-07,108.0,0.0001058399999999
VIB/BTC,1607655035504,2020-12-11T02:50:35.504Z,buy,9.7e-07,2889.0,0.00280233
VIB/BTC,1607655035879,2020-12-11T02:50:35.879Z,sell,9.7e-07,16594.0,0.01609618
VIB/BTC,1607655089600,2020-12-11T02:51:29.600Z,sell,9.7e-07,118.0,0.00011446
VIB/BTC,1607655175495,2020-12-11T02:52:55.495Z,buy,9.8e-07,64298.0,0.0630120399999999
VIB/BTC,1607655327085,2020-12-11T02:55:27.085Z,buy,9.8e-07,286007.0,0.2802868599999999
VIB/BTC,1607655327100,2020-12-11T02:55:27.100Z,sell,9.8e-07,16004.0,0.01568392
VIB/BTC,1607655327102,2020-12-11T02:55:27.102Z,sell,9.8e-07,5772.0,0.00565656
VIB/BTC,1607655327103,2020-12-11T02:55:27.103Z,sell,9.8e-07,11818.0,0.0115816399999999
VIB/BTC,1607655327172,2020-12-11T02:55:27.172Z,sell,9.8e-07,19480.0,0.0190904
VIB/BTC,1607655328170,2020-12-11T02:55:28.170Z,sell,9.8e-07,1000.0,0.00098
VIB/BTC,1607655362289,2020-12-11T02:56:02.289Z,sell,9.8e-07,271.0,0.0002655799999999
VIB/BTC,1607655372857,2020-12-11T02:56:12.857Z,buy,9.9e-07,97506.0,0.09653094
VIB/BTC,1607655372867,2020-12-11T02:56:12.867Z,sell,9.9e-07,6634.0,0.00656766
VIB/BTC,1607655372870,2020-12-11T02:56:12.870Z,sell,9.9e-07,4821.0,0.00477279
VIB/BTC,1607655372872,2020-12-11T02:56:12.872Z,sell,9.9e-07,1181.0,0.00116919
VIB/BTC,1607655372946,2020-12-11T02:56:12.946Z,sell,9.9e-07,13590.0,0.0134541
VIB/BTC,1607655407074,2020-12-11T02:56:47.074Z,buy,1e-06,4758.0,0.004758
VIB/BTC,1607655416056,2020-12-11T02:56:56.056Z,sell,9.9e-07,5244.0,0.00519156
VIB/BTC,1607655422986,2020-12-11T02:57:02.986Z,sell,9.9e-07,4712.0,0.00466488
VIB/BTC,1607655423340,2020-12-11T02:57:03.340Z,sell,9.9e-07,105.0,0.00010395
VIB/BTC,1607655474370,2020-12-11T02:57:54.370Z,buy,1e-06,1111.0,0.001111
VIB/BTC,1607655490047,2020-12-11T02:58:10.047Z,buy,1e-06,17544.0,0.017544
VIB/BTC,1607655490086,2020-12-11T02:58:10.086Z,sell,1e-06,11032.0,0.011032
VIB/BTC,1607655537128,2020-12-11T02:58:57.128Z,buy,1.01e-06,285145.0,0.28799645
VIB/BTC,1607655537128,2020-12-11T02:58:57.128Z,buy,1.02e-06,13198.0,0.01346196
VIB/BTC,1607655537921,2020-12-11T02:58:57.921Z,sell,1.01e-06,130.0,0.0001313
VIB/BTC,1607655537923,2020-12-11T02:58:57.923Z,sell,1.01e-06,932.0,0.00094132
VIB/BTC,1607655538041,2020-12-11T02:58:58.041Z,buy,1.01e-06,260.0,0.0002626
VIB/BTC,1607655538904,2020-12-11T02:58:58.904Z,sell,1e-06,350.0,0.00035
VIB/BTC,1607655538954,2020-12-11T02:58:58.954Z,buy,1.01e-06,118.0,0.00011918
VIB/BTC,1607655539379,2020-12-11T02:58:59.379Z,sell,1e-06,350.0,0.00035
VIB/BTC,1607655548896,2020-12-11T02:59:08.896Z,buy,1.01e-06,980.0,0.0009898
VIB/BTC,1607655555500,2020-12-11T02:59:15.500Z,buy,1.01e-06,3008.0,0.00303808
VIB/BTC,1607655555500,2020-12-11T02:59:15.500Z,buy,1.02e-06,14296.0,0.01458192
VIB/BTC,1607655555501,2020-12-11T02:59:15.501Z,buy,1.02e-06,16224.0,0.01654848
VIB/BTC,1607655555537,2020-12-11T02:59:15.537Z,buy,1.02e-06,5070.0,0.0051714
VIB/BTC,1607655558111,2020-12-11T02:59:18.111Z,buy,1.02e-06,118.0,0.0001203599999999
VIB/BTC,1607655565211,2020-12-11T02:59:25.211Z,buy,1.02e-06,862.0,0.00087924
VIB/BTC,1607655565211,2020-12-11T02:59:25.211Z,buy,1.03e-06,104461.0,0.10759483
VIB/BTC,1607655565211,2020-12-11T02:59:25.211Z,buy,1.04e-06,6277.0,0.00652808
VIB/BTC,1607655565211,2020-12-11T02:59:25.211Z,buy,1.05e-06,37640.0,0.0395219999999999
VIB/BTC,1607655565211,2020-12-11T02:59:25.211Z,buy,1.06e-06,67839.0,0.07190934
VIB/BTC,1607655566221,2020-12-11T02:59:26.221Z,sell,1.04e-06,1019.0,0.00105976
VIB/BTC,1607655566630,2020-12-11T02:59:26.630Z,buy,1.05e-06,1021.0,0.00107205
VIB/BTC,1607655567176,2020-12-11T02:59:27.176Z,buy,1.05e-06,215.0,0.0002257499999999
VIB/BTC,1607655567740,2020-12-11T02:59:27.740Z,sell,1.04e-06,219.0,0.00022776
VIB/BTC,1607655567740,2020-12-11T02:59:27.740Z,sell,1.03e-06,1957.0,0.00201571
VIB/BTC,1607655570883,2020-12-11T02:59:30.883Z,buy,1.04e-06,943.0,0.00098072
VIB/BTC,1607655572361,2020-12-11T02:59:32.361Z,buy,1.04e-06,952.0,0.00099008
VIB/BTC,1607655578051,2020-12-11T02:59:38.051Z,buy,1.04e-06,116.0,0.00012064
VIB/BTC,1607655580212,2020-12-11T02:59:40.212Z,buy,1.04e-06,36796.0,0.03826784
VIB/BTC,1607655580304,2020-12-11T02:59:40.304Z,sell,1.03e-06,2427.0,0.00249981
VIB/BTC,1607655580304,2020-12-11T02:59:40.304Z,sell,1.03e-06,2427.0,0.00249981
VIB/BTC,1607655607748,2020-12-11T03:00:07.748Z,sell,1.02e-06,127.0,0.00012954
VIB/BTC,1607655624253,2020-12-11T03:00:24.253Z,buy,1.04e-06,50584.0,0.05260736
VIB/BTC,1607655634439,2020-12-11T03:00:34.439Z,buy,1.04e-06,2232.0,0.00232128
VIB/BTC,1607655634439,2020-12-11T03:00:34.439Z,buy,1.05e-06,6229.0,0.00654045
VIB/BTC,1607655635084,2020-12-11T03:00:35.084Z,sell,1.04e-06,1020.0,0.0010608
VIB/BTC,1607655635685,2020-12-11T03:00:35.685Z,buy,1.04e-06,111.0,0.00011544
VIB/BTC,1607655635685,2020-12-11T03:00:35.685Z,buy,1.05e-06,4090.0,0.0042945
VIB/BTC,1607655636986,2020-12-11T03:00:36.986Z,buy,1.05e-06,2081.0,0.0021850499999999
VIB/BTC,1607655639731,2020-12-11T03:00:39.731Z,sell,1.04e-06,1057.0,0.00109928
VIB/BTC,1607655647607,2020-12-11T03:00:47.607Z,buy,1.05e-06,14722.0,0.0154580999999999
VIB/BTC,1607655649826,2020-12-11T03:00:49.826Z,buy,1.05e-06,11673.0,0.01225665
VIB/BTC,1607655656991,2020-12-11T03:00:56.991Z,buy,1.05e-06,251.0,0.00026355
VIB/BTC,1607655658947,2020-12-11T03:00:58.947Z,buy,1.05e-06,252.0,0.0002646
VIB/BTC,1607655670910,2020-12-11T03:01:10.910Z,buy,1.05e-06,6595.0,0.0069247499999999
VIB/BTC,1607655672450,2020-12-11T03:01:12.450Z,sell,1.04e-06,305.0,0.0003172
VIB/BTC,1607655672450,2020-12-11T03:01:12.450Z,sell,1.03e-06,471.0,0.00048513
VIB/BTC,1607655676228,2020-12-11T03:01:16.228Z,sell,1.04e-06,8348.0,0.00868192
VIB/BTC,1607655698229,2020-12-11T03:01:38.229Z,buy,1.05e-06,115.0,0.00012075
VIB/BTC,1607655703160,2020-12-11T03:01:43.160Z,sell,1.04e-06,8529.0,0.00887016
VIB/BTC,1607655703974,2020-12-11T03:01:43.974Z,sell,1.04e-06,878.0,0.00091312
VIB/BTC,1607655708016,2020-12-11T03:01:48.016Z,buy,1.05e-06,204.0,0.0002141999999999
VIB/BTC,1607655710127,2020-12-11T03:01:50.127Z,sell,1.04e-06,4265.0,0.0044356
VIB/BTC,1607655717048,2020-12-11T03:01:57.048Z,sell,1.04e-06,3839.0,0.00399256
VIB/BTC,1607655721623,2020-12-11T03:02:01.623Z,buy,1.05e-06,2834.0,0.0029756999999999
VIB/BTC,1607655884322,2020-12-11T03:04:44.322Z,sell,1.04e-06,1111.0,0.00115544
VIB/BTC,1607655989070,2020-12-11T03:06:29.070Z,sell,1.04e-06,760.0,0.0007904
VIB/BTC,1607656022233,2020-12-11T03:07:02.233Z,sell,1.04e-06,147455.0,0.1533532
VIB/BTC,1607656022233,2020-12-11T03:07:02.233Z,sell,1.03e-06,40234.0,0.04144102
VIB/BTC,1607656022233,2020-12-11T03:07:02.233Z,sell,1.02e-06,192071.0,0.19591242
VIB/BTC,1607656022233,2020-12-11T03:07:02.233Z,sell,1.01e-06,162021.0,0.16364121
VIB/BTC,1607656022233,2020-12-11T03:07:02.233Z,sell,1e-06,38151.0,0.038151
VIB/BTC,1607656022264,2020-12-11T03:07:02.264Z,sell,1.02e-06,5484.0,0.00559368
VIB/BTC,1607656022293,2020-12-11T03:07:02.293Z,sell,1.01e-06,23701.0,0.02393801
VIB/BTC,1607656022294,2020-12-11T03:07:02.294Z,sell,1.01e-06,31561.0,0.03187661
VIB/BTC,1607656022297,2020-12-11T03:07:02.297Z,sell,1.01e-06,1259.0,0.00127159
VIB/BTC,1607656022297,2020-12-11T03:07:02.297Z,sell,1e-06,14489.0,0.014489
VIB/BTC,1607656022329,2020-12-11T03:07:02.329Z,buy,1.02e-06,5546.0,0.00565692
VIB/BTC,1607656022357,2020-12-11T03:07:02.357Z,sell,1e-06,31216.0,0.0312159999999999
VIB/BTC,1607656022357,2020-12-11T03:07:02.357Z,sell,1e-06,900.0,0.0009
VIB/BTC,1607656022360,2020-12-11T03:07:02.360Z,sell,1e-06,5546.0,0.005546
VIB/BTC,1607656022669,2020-12-11T03:07:02.669Z,buy,1.01e-06,870.0,0.0008787
VIB/BTC,1607656022744,2020-12-11T03:07:02.744Z,buy,1.01e-06,2095.0,0.00211595
VIB/BTC,1607656022746,2020-12-11T03:07:02.746Z,buy,1.01e-06,2095.0,0.00211595
VIB/BTC,1607656024101,2020-12-11T03:07:04.101Z,sell,1e-06,46605.0,0.046605
VIB/BTC,1607656024123,2020-12-11T03:07:04.123Z,buy,1.01e-06,29.0,2.929e-05
VIB/BTC,1607656024597,2020-12-11T03:07:04.597Z,sell,1e-06,4076.0,0.004076
VIB/BTC,1607656026414,2020-12-11T03:07:06.414Z,sell,9.9e-07,33315.0,0.03298185
VIB/BTC,1607656026414,2020-12-11T03:07:06.414Z,sell,9.8e-07,26263.0,0.02573774
VIB/BTC,1607656026960,2020-12-11T03:07:06.960Z,sell,9.9e-07,1067.0,0.00105633
VIB/BTC,1607656027327,2020-12-11T03:07:07.327Z,sell,9.9e-07,265.0,0.00026235
VIB/BTC,1607656038285,2020-12-11T03:07:18.285Z,sell,9.9e-07,1010.0,0.0009999
VIB/BTC,1607656052373,2020-12-11T03:07:32.373Z,sell,9.9e-07,3092.0,0.00306108
VIB/BTC,1607656052400,2020-12-11T03:07:32.400Z,sell,9.9e-07,47009.0,0.04653891
VIB/BTC,1607656060360,2020-12-11T03:07:40.360Z,sell,9.9e-07,17820.0,0.0176418
VIB/BTC,1607656064544,2020-12-11T03:07:44.544Z,buy,9.9e-07,206.0,0.00020394
VIB/BTC,1607656065120,2020-12-11T03:07:45.120Z,buy,9.9e-07,32075.0,0.03175425
VIB/BTC,1607656077992,2020-12-11T03:07:57.992Z,sell,9.9e-07,803.0,0.00079497
VIB/BTC,1607656081879,2020-12-11T03:08:01.879Z,buy,1e-06,1137.0,0.001137
VIB/BTC,1607656115362,2020-12-11T03:08:35.362Z,sell,9.9e-07,702.0,0.00069498
VIB/BTC,1607656117351,2020-12-11T03:08:37.351Z,sell,9.9e-07,4352.0,0.00430848
VIB/BTC,1607656134768,2020-12-11T03:08:54.768Z,buy,1e-06,190.0,0.0001899999999999
VIB/BTC,1607656145653,2020-12-11T03:09:05.653Z,sell,9.9e-07,15230.0,0.0150777
VIB/BTC,1607656155634,2020-12-11T03:09:15.634Z,sell,9.9e-07,133.0,0.00013167
VIB/BTC,1607656201409,2020-12-11T03:10:01.409Z,sell,9.9e-07,6588.0,0.00652212
VIB/BTC,1607656222296,2020-12-11T03:10:22.296Z,buy,1e-06,649.0,0.000649
VIB/BTC,1607656229514,2020-12-11T03:10:29.514Z,sell,9.9e-07,1137.0,0.00112563
VIB/BTC,1607656341130,2020-12-11T03:12:21.130Z,buy,1e-06,2360.0,0.0023599999999999
VIB/BTC,1607656366295,2020-12-11T03:12:46.295Z,buy,1e-06,564.0,0.0005639999999999
VIB/BTC,1607656374926,2020-12-11T03:12:54.926Z,buy,1e-06,5597.0,0.0055969999999999
VIB/BTC,1607656445670,2020-12-11T03:14:05.670Z,sell,9.9e-07,40218.0,0.03981582
VIB/BTC,1607656596727,2020-12-11T03:16:36.727Z,buy,1e-06,179103.0,0.1791029999999999
VIB/BTC,1607656658480,2020-12-11T03:17:38.480Z,buy,1.01e-06,70355.0,0.07105855
VIB/BTC,1607656673789,2020-12-11T03:17:53.789Z,buy,1.02e-06,27.0,2.754e-05
VIB/BTC,1607656677672,2020-12-11T03:17:57.672Z,buy,1.02e-06,28100.0,0.028662
VIB/BTC,1607656730261,2020-12-11T03:18:50.261Z,sell,1.01e-06,1321.0,0.00133421
VIB/BTC,1607656779232,2020-12-11T03:19:39.232Z,buy,1.02e-06,62312.0,0.06355824
VIB/BTC,1607656779239,2020-12-11T03:19:39.239Z,sell,1.02e-06,23558.0,0.02402916
VIB/BTC,1607656779239,2020-12-11T03:19:39.239Z,sell,1.02e-06,23558.0,0.02402916
VIB/BTC,1607656779245,2020-12-11T03:19:39.245Z,sell,1.02e-06,1481.0,0.00151062
VIB/BTC,1607656779247,2020-12-11T03:19:39.247Z,sell,1.02e-06,106.0,0.00010812
VIB/BTC,1607656818472,2020-12-11T03:20:18.472Z,buy,1.03e-06,1098.0,0.00113094
VIB/BTC,1607656825658,2020-12-11T03:20:25.658Z,buy,1.03e-06,1251.0,0.00128853
VIB/BTC,1607656883557,2020-12-11T03:21:23.557Z,sell,1.03e-06,190.0,0.0001957
VIB/BTC,1607656888319,2020-12-11T03:21:28.319Z,sell,1.03e-06,1098.0,0.00113094
VIB/BTC,1607656932069,2020-12-11T03:22:12.069Z,sell,1.03e-06,350.0,0.0003605
VIB/BTC,1607656932317,2020-12-11T03:22:12.317Z,buy,1.04e-06,28.0,2.912e-05
VIB/BTC,1607656935746,2020-12-11T03:22:15.746Z,buy,1.04e-06,1798.0,0.00186992
VIB/BTC,1607656955291,2020-12-11T03:22:35.291Z,buy,1.04e-06,1508.0,0.00156832
VIB/BTC,1607656987513,2020-12-11T03:23:07.513Z,sell,1.04e-06,1288.0,0.00133952
VIB/BTC,1607656992605,2020-12-11T03:23:12.605Z,sell,1.04e-06,350.0,0.000364
VIB/BTC,1607656993334,2020-12-11T03:23:13.334Z,sell,1.04e-06,350.0,0.000364
VIB/BTC,1607656993944,2020-12-11T03:23:13.944Z,sell,1.04e-06,350.0,0.000364
VIB/BTC,1607656994446,2020-12-11T03:23:14.446Z,sell,1.04e-06,350.0,0.000364
VIB/BTC,1607656995583,2020-12-11T03:23:15.583Z,sell,1.04e-06,350.0,0.000364
VIB/BTC,1607656996612,2020-12-11T03:23:16.612Z,sell,1.04e-06,350.0,0.000364
VIB/BTC,1607656997103,2020-12-11T03:23:17.103Z,sell,1.04e-06,350.0,0.000364
VIB/BTC,1607656997639,2020-12-11T03:23:17.639Z,sell,1.04e-06,350.0,0.000364
VIB/BTC,1607656998158,2020-12-11T03:23:18.158Z,sell,1.04e-06,400.0,0.000416
VIB/BTC,1607656998675,2020-12-11T03:23:18.675Z,sell,1.04e-06,400.0,0.000416
VIB/BTC,1607656999655,2020-12-11T03:23:19.655Z,sell,1.04e-06,350.0,0.000364
VIB/BTC,1607657035826,2020-12-11T03:23:55.826Z,buy,1.05e-06,4553.0,0.0047806499999999
VIB/BTC,1607657036087,2020-12-11T03:23:56.087Z,sell,1.05e-06,458.0,0.0004809
VIB/BTC,1607657036332,2020-12-11T03:23:56.332Z,sell,1.05e-06,1140.0,0.001197
VIB/BTC,1607657039556,2020-12-11T03:23:59.556Z,sell,1.05e-06,353.0,0.00037065
VIB/BTC,1607657047941,2020-12-11T03:24:07.941Z,sell,1.05e-06,99.0,0.0001039499999999
VIB/BTC,1607657061318,2020-12-11T03:24:21.318Z,sell,1.04e-06,350.0,0.000364
VIB/BTC,1607657061318,2020-12-11T03:24:21.318Z,sell,1.04e-06,882.0,0.00091728
VIB/BTC,1607657062781,2020-12-11T03:24:22.781Z,sell,1.04e-06,350.0,0.000364
VIB/BTC,1607657063437,2020-12-11T03:24:23.437Z,buy,1.05e-06,11770.0,0.0123584999999999
VIB/BTC,1607657063437,2020-12-11T03:24:23.437Z,buy,1.06e-06,97196.0,0.10302776
VIB/BTC,1607657063527,2020-12-11T03:24:23.527Z,buy,1.07e-06,31.0,3.317e-05
VIB/BTC,1607657063739,2020-12-11T03:24:23.739Z,sell,1.06e-06,400.0,0.000424
VIB/BTC,1607657064237,2020-12-11T03:24:24.237Z,sell,1.06e-06,943.0,0.00099958
VIB/BTC,1607657066450,2020-12-11T03:24:26.450Z,sell,1.06e-06,2261.0,0.00239666
VIB/BTC,1607657066685,2020-12-11T03:24:26.685Z,sell,1.06e-06,693.0,0.00073458
VIB/BTC,1607657082364,2020-12-11T03:24:42.364Z,sell,1.06e-06,433.0,0.00045898
VIB/BTC,1607657085933,2020-12-11T03:24:45.933Z,sell,1.06e-06,1040.0,0.0011024
VIB/BTC,1607657086032,2020-12-11T03:24:46.032Z,sell,1.06e-06,13173.0,0.01396338
VIB/BTC,1607657096746,2020-12-11T03:24:56.746Z,sell,1.06e-06,70235.0,0.0744491
VIB/BTC,1607657099173,2020-12-11T03:24:59.173Z,buy,1.06e-06,35.0,3.71e-05
VIB/BTC,1607657111258,2020-12-11T03:25:11.258Z,buy,1.06e-06,3302.0,0.00350012
VIB/BTC,1607657123562,2020-12-11T03:25:23.562Z,buy,1.06e-06,111.0,0.00011766
VIB/BTC,1607657124826,2020-12-11T03:25:24.826Z,buy,1.06e-06,1040.0,0.0011024
VIB/BTC,1607657126087,2020-12-11T03:25:26.087Z,sell,1.05e-06,400.0,0.0004199999999999
VIB/BTC,1607657126562,2020-12-11T03:25:26.562Z,sell,1.05e-06,400.0,0.0004199999999999
VIB/BTC,1607657127032,2020-12-11T03:25:27.032Z,sell,1.05e-06,400.0,0.0004199999999999
VIB/BTC,1607657127904,2020-12-11T03:25:27.904Z,sell,1.05e-06,350.0,0.0003675
VIB/BTC,1607657136563,2020-12-11T03:25:36.563Z,sell,1.05e-06,350.0,0.0003675
VIB/BTC,1607657137434,2020-12-11T03:25:37.434Z,sell,1.05e-06,281.0,0.00029505
VIB/BTC,1607657210998,2020-12-11T03:26:50.998Z,buy,1.05e-06,1876.0,0.0019698
VIB/BTC,1607657252549,2020-12-11T03:27:32.549Z,sell,1.04e-06,7820.0,0.0081328
VIB/BTC,1607657256142,2020-12-11T03:27:36.142Z,buy,1.05e-06,115.0,0.00012075
VIB/BTC,1607657276495,2020-12-11T03:27:56.495Z,buy,1.05e-06,209.0,0.0002194499999999
VIB/BTC,1607657324154,2020-12-11T03:28:44.154Z,sell,1.04e-06,7821.0,0.00813384
VIB/BTC,1607657350499,2020-12-11T03:29:10.499Z,sell,1.04e-06,1874.0,0.00194896
VIB/BTC,1607657368619,2020-12-11T03:29:28.619Z,sell,1.04e-06,15000.0,0.0156
VIB/BTC,1607657368802,2020-12-11T03:29:28.802Z,sell,1.04e-06,122.0,0.00012688
VIB/BTC,1607657370553,2020-12-11T03:29:30.553Z,sell,1.04e-06,163.0,0.00016952
VIB/BTC,1607657373488,2020-12-11T03:29:33.488Z,sell,1.04e-06,1040.0,0.0010816
VIB/BTC,1607657425989,2020-12-11T03:30:25.989Z,sell,1.04e-06,9977.0,0.01037608
VIB/BTC,1607657433232,2020-12-11T03:30:33.232Z,buy,1.04e-06,1082.0,0.00112528
VIB/BTC,1607657433238,2020-12-11T03:30:33.238Z,buy,1.04e-06,775.0,0.000806
VIB/BTC,1607657433293,2020-12-11T03:30:33.293Z,buy,1.04e-06,775.0,0.000806
VIB/BTC,1607657457326,2020-12-11T03:30:57.326Z,buy,1.04e-06,110.0,0.0001144
VIB/BTC,1607657691253,2020-12-11T03:34:51.253Z,buy,1.04e-06,22928.0,0.02384512
VIB/BTC,1607657933106,2020-12-11T03:38:53.106Z,buy,1.04e-06,4802.0,0.00499408
VIB/BTC,1607658327277,2020-12-11T03:45:27.277Z,sell,1.03e-06,100.0,0.000103
VIB/BTC,1607658353766,2020-12-11T03:45:53.766Z,buy,1.04e-06,16564.0,0.01722656
VIB/BTC,1607658357503,2020-12-11T03:45:57.503Z,buy,1.05e-06,248.0,0.0002604
VIB/BTC,1607658382295,2020-12-11T03:46:22.295Z,buy,1.05e-06,27452.0,0.0288246
VIB/BTC,1607658397351,2020-12-11T03:46:37.351Z,buy,1.06e-06,30.0,3.18e-05
VIB/BTC,1607658416119,2020-12-11T03:46:56.119Z,buy,1.06e-06,5214.0,0.00552684
VIB/BTC,1607658416126,2020-12-11T03:46:56.126Z,sell,1.06e-06,6479.0,0.00686774
VIB/BTC,1607658416131,2020-12-11T03:46:56.131Z,sell,1.06e-06,845.0,0.0008957
VIB/BTC,1607658416139,2020-12-11T03:46:56.139Z,sell,1.06e-06,937.0,0.00099322
VIB/BTC,1607658417453,2020-12-11T03:46:57.453Z,sell,1.06e-06,350.0,0.000371
VIB/BTC,1607658418055,2020-12-11T03:46:58.055Z,sell,1.06e-06,350.0,0.000371
VIB/BTC,1607658418284,2020-12-11T03:46:58.284Z,sell,1.06e-06,328.0,0.00034768
VIB/BTC,1607658418577,2020-12-11T03:46:58.577Z,buy,1.07e-06,29.0,3.103e-05
VIB/BTC,1607658418577,2020-12-11T03:46:58.577Z,sell,1.06e-06,350.0,0.000371
VIB/BTC,1607658419130,2020-12-11T03:46:59.130Z,sell,1.06e-06,400.0,0.000424
VIB/BTC,1607658419605,2020-12-11T03:46:59.605Z,sell,1.06e-06,400.0,0.000424
VIB/BTC,1607658420210,2020-12-11T03:47:00.210Z,sell,1.06e-06,350.0,0.000371
VIB/BTC,1607658470597,2020-12-11T03:47:50.597Z,buy,1.06e-06,201.0,0.00021306
VIB/BTC,1607658470597,2020-12-11T03:47:50.597Z,buy,1.07e-06,27611.0,0.0295437699999999
VIB/BTC,1607658531867,2020-12-11T03:48:51.867Z,buy,1.07e-06,1851.0,0.0019805699999999
VIB/BTC,1607658604542,2020-12-11T03:50:04.542Z,buy,1.07e-06,9345.0,0.00999915
VIB/BTC,1607658604903,2020-12-11T03:50:04.903Z,buy,1.07e-06,159.0,0.00017013
VIB/BTC,1607658604949,2020-12-11T03:50:04.949Z,buy,1.07e-06,1401.0,0.00149907
VIB/BTC,1607658605200,2020-12-11T03:50:05.200Z,buy,1.07e-06,1015.0,0.0010860499999999
VIB/BTC,1607658605255,2020-12-11T03:50:05.255Z,buy,1.07e-06,1588.0,0.00169916
VIB/BTC,1607658605871,2020-12-11T03:50:05.871Z,buy,1.07e-06,26213.0,0.02804791
VIB/BTC,1607658606087,2020-12-11T03:50:06.087Z,buy,1.07e-06,125.0,0.00013375
VIB/BTC,1607658606912,2020-12-11T03:50:06.912Z,buy,1.07e-06,9345.0,0.00999915
VIB/BTC,1607658607057,2020-12-11T03:50:07.057Z,buy,1.07e-06,50944.0,0.0545100799999999
VIB/BTC,1607658607246,2020-12-11T03:50:07.246Z,buy,1.07e-06,218.0,0.0002332599999999
VIB/BTC,1607658607299,2020-12-11T03:50:07.299Z,buy,1.07e-06,1802.0,0.0019281399999999
VIB/BTC,1607658607355,2020-12-11T03:50:07.355Z,buy,1.07e-06,10766.0,0.01151962
VIB/BTC,1607658607883,2020-12-11T03:50:07.883Z,buy,1.07e-06,1588.0,0.00169916
VIB/BTC,1607658608528,2020-12-11T03:50:08.528Z,buy,1.07e-06,476.0,0.00050932
VIB/BTC,1607658608612,2020-12-11T03:50:08.612Z,buy,1.07e-06,6540.0,0.0069977999999999
VIB/BTC,1607658609823,2020-12-11T03:50:09.823Z,buy,1.07e-06,843.0,0.00090201
VIB/BTC,1607658622886,2020-12-11T03:50:22.886Z,buy,1.07e-06,8814.0,0.0094309799999999
VIB/BTC,1607658633052,2020-12-11T03:50:33.052Z,buy,1.07e-06,934.0,0.00099938
VIB/BTC,1607658635416,2020-12-11T03:50:35.416Z,buy,1.07e-06,1893.0,0.00202551
VIB/BTC,1607658639382,2020-12-11T03:50:39.382Z,buy,1.07e-06,5232.0,0.00559824
VIB/BTC,1607658644164,2020-12-11T03:50:44.164Z,buy,1.07e-06,7593.0,0.00812451
VIB/BTC,1607658654193,2020-12-11T03:50:54.193Z,buy,1.07e-06,3137.0,0.0033565899999999
VIB/BTC,1607658711664,2020-12-11T03:51:51.664Z,buy,1.07e-06,4544.0,0.0048620799999999
VIB/BTC,1607658719722,2020-12-11T03:51:59.722Z,sell,1.06e-06,2233.0,0.00236698
VIB/BTC,1607658773554,2020-12-11T03:52:53.554Z,buy,1.07e-06,27.0,2.889e-05
VIB/BTC,1607658773554,2020-12-11T03:52:53.554Z,buy,1.07e-06,5971.0,0.00638897
VIB/BTC,1607658773554,2020-12-11T03:52:53.554Z,buy,1.07e-06,6686.0,0.00715402
VIB/BTC,1607658777080,2020-12-11T03:52:57.080Z,buy,1.07e-06,93067.0,0.0995816899999999
VIB/BTC,1607658777080,2020-12-11T03:52:57.080Z,buy,1.08e-06,207698.0,0.22431384
VIB/BTC,1607658778352,2020-12-11T03:52:58.352Z,sell,1.08e-06,925.0,0.000999
VIB/BTC,1607658779866,2020-12-11T03:52:59.866Z,sell,1.08e-06,902.0,0.00097416
VIB/BTC,1607658780854,2020-12-11T03:53:00.854Z,sell,1.08e-06,1118.0,0.00120744
VIB/BTC,1607658796274,2020-12-11T03:53:16.274Z,buy,1.08e-06,716.0,0.00077328
VIB/BTC,1607658797263,2020-12-11T03:53:17.263Z,sell,1.08e-06,981.0,0.00105948
VIB/BTC,1607658805226,2020-12-11T03:53:25.226Z,sell,1.08e-06,211.0,0.00022788
VIB/BTC,1607658819551,2020-12-11T03:53:39.551Z,sell,1.08e-06,1272.0,0.00137376
VIB/BTC,1607658820300,2020-12-11T03:53:40.300Z,buy,1.09e-06,473.0,0.00051557
VIB/BTC,1607658831752,2020-12-11T03:53:51.752Z,buy,1.09e-06,103639.0,0.1129665099999999
VIB/BTC,1607658831771,2020-12-11T03:53:51.771Z,sell,1.09e-06,139.0,0.00015151
VIB/BTC,1607658831774,2020-12-11T03:53:51.774Z,buy,1.1e-06,33.0,3.63e-05
VIB/BTC,1607658833457,2020-12-11T03:53:53.457Z,buy,1.1e-06,5024.0,0.0055264
VIB/BTC,1607658834363,2020-12-11T03:53:54.363Z,buy,1.1e-06,5024.0,0.0055264
VIB/BTC,1607658834368,2020-12-11T03:53:54.368Z,sell,1.08e-06,3302.0,0.00356616
VIB/BTC,1607658839047,2020-12-11T03:53:59.047Z,sell,1.09e-06,2277.0,0.00248193
VIB/BTC,1607658839051,2020-12-11T03:53:59.051Z,sell,1.09e-06,876.0,0.00095484
VIB/BTC,1607658850790,2020-12-11T03:54:10.790Z,buy,1.1e-06,21065.0,0.0231715
VIB/BTC,1607658851206,2020-12-11T03:54:11.206Z,buy,1.1e-06,11031.0,0.0121341
VIB/BTC,1607658852254,2020-12-11T03:54:12.254Z,buy,1.1e-06,5465.0,0.0060115
VIB/BTC,1607658853422,2020-12-11T03:54:13.422Z,buy,1.1e-06,2683.0,0.0029513
VIB/BTC,1607658864644,2020-12-11T03:54:24.644Z,buy,1.1e-06,2149.0,0.0023639
VIB/BTC,1607658866271,2020-12-11T03:54:26.271Z,buy,1.1e-06,18409.0,0.0202499
VIB/BTC,1607658867556,2020-12-11T03:54:27.556Z,buy,1.1e-06,2116.0,0.0023276
VIB/BTC,1607658867556,2020-12-11T03:54:27.556Z,buy,1.11e-06,952.0,0.00105672
VIB/BTC,1607658871118,2020-12-11T03:54:31.118Z,buy,1.11e-06,1530.0,0.0016983
VIB/BTC,1607658871425,2020-12-11T03:54:31.425Z,sell,1.1e-06,143.0,0.0001573
VIB/BTC,1607658871509,2020-12-11T03:54:31.509Z,sell,1.1e-06,860.0,0.000946
VIB/BTC,1607658871973,2020-12-11T03:54:31.973Z,buy,1.1e-06,143.0,0.0001573
VIB/BTC,1607658875238,2020-12-11T03:54:35.238Z,buy,1.11e-06,758.0,0.00084138
VIB/BTC,1607658876460,2020-12-11T03:54:36.460Z,buy,1.11e-06,372.0,0.00041292
VIB/BTC,1607658879923,2020-12-11T03:54:39.923Z,buy,1.11e-06,186.0,0.00020646
VIB/BTC,1607658881195,2020-12-11T03:54:41.195Z,buy,1.11e-06,975.0,0.0010822499999999
VIB/BTC,1607658882311,2020-12-11T03:54:42.311Z,buy,1.11e-06,186.0,0.00020646
VIB/BTC,1607658898326,2020-12-11T03:54:58.326Z,buy,1.11e-06,9359.0,0.01038849
VIB/BTC,1607658904967,2020-12-11T03:55:04.967Z,buy,1.11e-06,3243.0,0.0035997299999999
VIB/BTC,1607658954344,2020-12-11T03:55:54.344Z,buy,1.11e-06,6001.0,0.00666111
VIB/BTC,1607658957110,2020-12-11T03:55:57.110Z,sell,1.1e-06,289.0,0.0003179
VIB/BTC,1607658971335,2020-12-11T03:56:11.335Z,buy,1.11e-06,21007.0,0.0233177699999999
VIB/BTC,1607658980268,2020-12-11T03:56:20.268Z,buy,1.11e-06,1891.0,0.00209901
VIB/BTC,1607658990783,2020-12-11T03:56:30.783Z,sell,1.09e-06,236.0,0.00025724
VIB/BTC,1607658990827,2020-12-11T03:56:30.827Z,sell,1.09e-06,599.0,0.0006529099999999
VIB/BTC,1607658990833,2020-12-11T03:56:30.833Z,sell,1.09e-06,107.0,0.00011663
VIB/BTC,1607658990866,2020-12-11T03:56:30.866Z,sell,1.09e-06,186.0,0.00020274
VIB/BTC,1607658991075,2020-12-11T03:56:31.075Z,sell,1.09e-06,314.0,0.00034226
VIB/BTC,1607658992668,2020-12-11T03:56:32.668Z,sell,1.09e-06,297.0,0.00032373
VIB/BTC,1607659012186,2020-12-11T03:56:52.186Z,buy,1.1e-06,1522.0,0.0016742
VIB/BTC,1607659043720,2020-12-11T03:57:23.720Z,sell,1.1e-06,2500.0,0.00275
VIB/BTC,1607659045535,2020-12-11T03:57:25.535Z,buy,1.11e-06,625.0,0.0006937499999999
VIB/BTC,1607659052009,2020-12-11T03:57:32.009Z,buy,1.11e-06,6301.0,0.0069941099999999
VIB/BTC,1607659056881,2020-12-11T03:57:36.881Z,sell,1.1e-06,2618.0,0.0028798
VIB/BTC,1607659058276,2020-12-11T03:57:38.276Z,sell,1.1e-06,30000.0,0.033
VIB/BTC,1607659069281,2020-12-11T03:57:49.281Z,buy,1.11e-06,2029.0,0.00225219
VIB/BTC,1607659137920,2020-12-11T03:58:57.920Z,buy,1.1e-06,24975.0,0.0274725
VIB/BTC,1607659165980,2020-12-11T03:59:25.980Z,buy,1.11e-06,25.0,2.775e-05
VIB/BTC,1607659165980,2020-12-11T03:59:25.980Z,buy,1.11e-06,25.0,2.775e-05
VIB/BTC,1607659224830,2020-12-11T04:00:24.830Z,sell,1.09e-06,68671.0,0.0748513899999999
VIB/BTC,1607659224830,2020-12-11T04:00:24.830Z,sell,1.08e-06,111392.0,0.12030336
VIB/BTC,1607659225485,2020-12-11T04:00:25.485Z,buy,1.09e-06,578.0,0.00063002
VIB/BTC,1607659227152,2020-12-11T04:00:27.152Z,sell,1.08e-06,3993.0,0.00431244
VIB/BTC,1607659228666,2020-12-11T04:00:28.666Z,buy,1.08e-06,2790.0,0.0030132
VIB/BTC,1607659228670,2020-12-11T04:00:28.670Z,buy,1.08e-06,2790.0,0.0030132
VIB/BTC,1607659228672,2020-12-11T04:00:28.672Z,buy,1.08e-06,1042.0,0.00112536
VIB/BTC,1607659228949,2020-12-11T04:00:28.949Z,buy,1.08e-06,374.0,0.00040392
VIB/BTC,1607659246119,2020-12-11T04:00:46.119Z,sell,1.07e-06,975.0,0.00104325
VIB/BTC,1607659261504,2020-12-11T04:01:01.504Z,buy,1.08e-06,100.0,0.000108
VIB/BTC,1607659262006,2020-12-11T04:01:02.006Z,buy,1.08e-06,488.0,0.00052704
VIB/BTC,1607659304750,2020-12-11T04:01:44.750Z,sell,1.07e-06,941.0,0.00100687
VIB/BTC,1607659304750,2020-12-11T04:01:44.750Z,sell,1.06e-06,12479.0,0.01322774
VIB/BTC,1607659306341,2020-12-11T04:01:46.341Z,buy,1.07e-06,925.0,0.00098975
VIB/BTC,1607659306793,2020-12-11T04:01:46.793Z,buy,1.07e-06,149.0,0.0001594299999999
VIB/BTC,1607659309288,2020-12-11T04:01:49.288Z,buy,1.07e-06,226.0,0.0002418199999999
VIB/BTC,1607659309663,2020-12-11T04:01:49.663Z,buy,1.07e-06,776.0,0.00083032
VIB/BTC,1607659316380,2020-12-11T04:01:56.380Z,buy,1.07e-06,104.0,0.0001112799999999
VIB/BTC,1607659316380,2020-12-11T04:01:56.380Z,buy,1.08e-06,1.0,1.08e-06
VIB/BTC,1607659372182,2020-12-11T04:02:52.182Z,buy,1.08e-06,4000.0,0.00432
VIB/BTC,1607659404830,2020-12-11T04:03:24.830Z,sell,1.07e-06,2403.0,0.00257121
VIB/BTC,1607659406671,2020-12-11T04:03:26.671Z,buy,1.07e-06,925.0,0.00098975
VIB/BTC,1607659424780,2020-12-11T04:03:44.780Z,buy,1.07e-06,49899.0,0.05339193
VIB/BTC,1607659448209,2020-12-11T04:04:08.209Z,sell,1.06e-06,55175.0,0.0584855
VIB/BTC,1607659450144,2020-12-11T04:04:10.144Z,buy,1.06e-06,314.0,0.00033284
VIB/BTC,1607659450178,2020-12-11T04:04:10.178Z,sell,1.05e-06,5460.0,0.0057329999999999
VIB/BTC,1607659450216,2020-12-11T04:04:10.216Z,sell,1.04e-06,40198.0,0.0418059199999999
VIB/BTC,1607659452165,2020-12-11T04:04:12.165Z,buy,1.05e-06,2306.0,0.0024213
VIB/BTC,1607659453119,2020-12-11T04:04:13.119Z,buy,1.05e-06,222.0,0.0002330999999999
VIB/BTC,1607659453119,2020-12-11T04:04:13.119Z,buy,1.06e-06,5039.0,0.00534134
VIB/BTC,1607659459836,2020-12-11T04:04:19.836Z,buy,1.06e-06,3193.0,0.00338458
VIB/BTC,1607659460047,2020-12-11T04:04:20.047Z,sell,1.05e-06,125.0,0.00013125
VIB/BTC,1607659460277,2020-12-11T04:04:20.277Z,sell,1.05e-06,952.0,0.0009996
VIB/BTC,1607659462527,2020-12-11T04:04:22.527Z,sell,1.05e-06,2878.0,0.0030218999999999
VIB/BTC,1607659485251,2020-12-11T04:04:45.251Z,sell,1.05e-06,500.0,0.000525
VIB/BTC,1607659492438,2020-12-11T04:04:52.438Z,sell,1.05e-06,96.0,0.0001007999999999
VIB/BTC,1607659494631,2020-12-11T04:04:54.631Z,buy,1.06e-06,212.0,0.00022472
VIB/BTC,1607659523061,2020-12-11T04:05:23.061Z,buy,1.06e-06,680.0,0.0007208
VIB/BTC,1607659530086,2020-12-11T04:05:30.086Z,sell,1.05e-06,2146.0,0.0022532999999999
VIB/BTC,1607659534807,2020-12-11T04:05:34.807Z,sell,1.05e-06,58274.0,0.0611876999999999
VIB/BTC,1607659541834,2020-12-11T04:05:41.834Z,sell,1.04e-06,20131.0,0.02093624
VIB/BTC,1607659544218,2020-12-11T04:05:44.218Z,buy,1.05e-06,1246.0,0.0013082999999999
VIB/BTC,1607659544218,2020-12-11T04:05:44.218Z,buy,1.06e-06,861.0,0.00091266
VIB/BTC,1607659559623,2020-12-11T04:05:59.623Z,sell,1.05e-06,1244.0,0.0013062
VIB/BTC,1607659562101,2020-12-11T04:06:02.101Z,buy,1.06e-06,28.0,2.968e-05
VIB/BTC,1607659564053,2020-12-11T04:06:04.053Z,buy,1.06e-06,6838.0,0.00724828
VIB/BTC,1607659565853,2020-12-11T04:06:05.853Z,sell,1.05e-06,174.0,0.0001827
VIB/BTC,1607659613521,2020-12-11T04:06:53.521Z,buy,1.06e-06,344.0,0.00036464
VIB/BTC,1607659656080,2020-12-11T04:07:36.080Z,sell,1.04e-06,83680.0,0.0870272
VIB/BTC,1607659659001,2020-12-11T04:07:39.001Z,buy,1.05e-06,8028.0,0.0084293999999999
VIB/BTC,1607659669671,2020-12-11T04:07:49.671Z,sell,1.04e-06,1889.0,0.00196456
VIB/BTC,1607659672821,2020-12-11T04:07:52.821Z,sell,1.04e-06,400.0,0.000416
VIB/BTC,1607659678157,2020-12-11T04:07:58.157Z,buy,1.05e-06,100.0,0.0001049999999999
VIB/BTC,1607659692963,2020-12-11T04:08:12.963Z,sell,1.04e-06,98.0,0.00010192
VIB/BTC,1607659692967,2020-12-11T04:08:12.967Z,buy,1.05e-06,35.0,3.675e-05
VIB/BTC,1607659723169,2020-12-11T04:08:43.169Z,sell,1.04e-06,2026.0,0.00210704
VIB/BTC,1607659732534,2020-12-11T04:08:52.534Z,buy,1.05e-06,100.0,0.0001049999999999
VIB/BTC,1607659737624,2020-12-11T04:08:57.624Z,sell,1.04e-06,12021.0,0.01250184
VIB/BTC,1607659748120,2020-12-11T04:09:08.120Z,buy,1.05e-06,100.0,0.0001049999999999
VIB/BTC,1607659766216,2020-12-11T04:09:26.216Z,buy,1.05e-06,49409.0,0.0518794499999999
VIB/BTC,1607659767220,2020-12-11T04:09:27.220Z,buy,1.06e-06,5046.0,0.00534876
VIB/BTC,1607659862500,2020-12-11T04:11:02.500Z,sell,1.05e-06,28439.0,0.0298609499999999
VIB/BTC,1607659866950,2020-12-11T04:11:06.950Z,buy,1.05e-06,234.0,0.0002456999999999
VIB/BTC,1607659885571,2020-12-11T04:11:25.571Z,sell,1.04e-06,3149.0,0.00327496
VIB/BTC,1607659901920,2020-12-11T04:11:41.920Z,buy,1.05e-06,94.0,9.87e-05
VIB/BTC,1607659902160,2020-12-11T04:11:42.160Z,sell,1.04e-06,3630.0,0.0037752
VIB/BTC,1607659902160,2020-12-11T04:11:42.160Z,sell,1.03e-06,16502.0,0.01699706
VIB/BTC,1607659904555,2020-12-11T04:11:44.555Z,buy,1.04e-06,1039.0,0.00108056
VIB/BTC,1607659907809,2020-12-11T04:11:47.809Z,buy,1.04e-06,236.0,0.00024544
VIB/BTC,1607659915325,2020-12-11T04:11:55.325Z,buy,1.04e-06,310.0,0.0003224
VIB/BTC,1607659952395,2020-12-11T04:12:32.395Z,buy,1.04e-06,651.0,0.00067704
VIB/BTC,1607660023154,2020-12-11T04:13:43.154Z,buy,1.04e-06,1526.0,0.00158704
VIB/BTC,1607660105094,2020-12-11T04:15:05.094Z,buy,1.04e-06,34.0,3.536e-05
VIB/BTC,1607660111823,2020-12-11T04:15:11.823Z,buy,1.04e-06,1479.0,0.00153816
VIB/BTC,1607660113094,2020-12-11T04:15:13.094Z,buy,1.04e-06,480.0,0.0004992
VIB/BTC,1607660131322,2020-12-11T04:15:31.322Z,buy,1.04e-06,677.0,0.00070408
VIB/BTC,1607660148807,2020-12-11T04:15:48.807Z,buy,1.04e-06,7929.0,0.00824616
VIB/BTC,1607660196018,2020-12-11T04:16:36.018Z,sell,1.03e-06,61225.0,0.06306175
VIB/BTC,1607660201090,2020-12-11T04:16:41.090Z,sell,1.03e-06,2117.0,0.00218051
VIB/BTC,1607660206525,2020-12-11T04:16:46.525Z,sell,1.03e-06,400.0,0.000412
VIB/BTC,1607660210363,2020-12-11T04:16:50.363Z,buy,1.04e-06,99.0,0.00010296
VIB/BTC,1607660213899,2020-12-11T04:16:53.899Z,sell,1.03e-06,185.0,0.00019055
VIB/BTC,1607660215913,2020-12-11T04:16:55.913Z,buy,1.04e-06,99.0,0.00010296
VIB/BTC,1607660229118,2020-12-11T04:17:09.118Z,sell,1.03e-06,22263.0,0.02293089
VIB/BTC,1607660230762,2020-12-11T04:17:10.762Z,buy,1.04e-06,100.0,0.000104
VIB/BTC,1607660407920,2020-12-11T04:20:07.920Z,buy,1.04e-06,97.0,0.00010088
VIB/BTC,1607660425743,2020-12-11T04:20:25.743Z,sell,1.03e-06,5500.0,0.005665
VIB/BTC,1607660425782,2020-12-11T04:20:25.782Z,sell,1.03e-06,2048.0,0.00210944
VIB/BTC,1607660438773,2020-12-11T04:20:38.773Z,buy,1.04e-06,100.0,0.000104
VIB/BTC,1607660485252,2020-12-11T04:21:25.252Z,sell,1.03e-06,4995.0,0.00514485
VIB/BTC,1607660498255,2020-12-11T04:21:38.255Z,sell,1.03e-06,400.0,0.000412
VIB/BTC,1607660501839,2020-12-11T04:21:41.839Z,buy,1.04e-06,98.0,0.00010192
VIB/BTC,1607660593263,2020-12-11T04:23:13.263Z,buy,1.04e-06,3429.0,0.00356616
VIB/BTC,1607660647098,2020-12-11T04:24:07.098Z,buy,1.04e-06,15530.0,0.0161512
VIB/BTC,1607660649810,2020-12-11T04:24:09.810Z,buy,1.05e-06,3455.0,0.0036277499999999
VIB/BTC,1607660707163,2020-12-11T04:25:07.163Z,sell,1.04e-06,18206.0,0.01893424
VIB/BTC,1607660723791,2020-12-11T04:25:23.791Z,buy,1.05e-06,98.0,0.0001029
VIB/BTC,1607660771444,2020-12-11T04:26:11.444Z,buy,1.05e-06,210.0,0.0002204999999999
VIB/BTC,1607660878702,2020-12-11T04:27:58.702Z,sell,1.04e-06,9687.0,0.01007448
VIB/BTC,1607660884002,2020-12-11T04:28:04.002Z,buy,1.05e-06,98.0,0.0001029
VIB/BTC,1607660897942,2020-12-11T04:28:17.942Z,buy,1.05e-06,16609.0,0.01743945
VIB/BTC,1607660921697,2020-12-11T04:28:41.697Z,buy,1.05e-06,31.0,3.255e-05
VIB/BTC,1607660993090,2020-12-11T04:29:53.090Z,buy,1.05e-06,5295.0,0.00555975
VIB/BTC,1607661026461,2020-12-11T04:30:26.461Z,buy,1.05e-06,5434.0,0.0057056999999999
VIB/BTC,1607661029491,2020-12-11T04:30:29.491Z,sell,1.05e-06,115.0,0.00012075
VIB/BTC,1607661031880,2020-12-11T04:30:31.880Z,buy,1.06e-06,98.0,0.00010388
VIB/BTC,1607661118961,2020-12-11T04:31:58.961Z,buy,1.06e-06,2290.0,0.0024274
VIB/BTC,1607661123216,2020-12-11T04:32:03.216Z,buy,1.07e-06,234.0,0.0002503799999999
VIB/BTC,1607661165206,2020-12-11T04:32:45.206Z,buy,1.06e-06,97.0,0.00010282
VIB/BTC,1607661170350,2020-12-11T04:32:50.350Z,sell,1.06e-06,400.0,0.000424
VIB/BTC,1607661173985,2020-12-11T04:32:53.985Z,buy,1.07e-06,2881.0,0.0030826699999999
VIB/BTC,1607661174731,2020-12-11T04:32:54.731Z,buy,1.07e-06,98.0,0.00010486
VIB/BTC,1607661189710,2020-12-11T04:33:09.710Z,buy,1.07e-06,12336.0,0.01319952
VIB/BTC,1607661235449,2020-12-11T04:33:55.449Z,buy,1.07e-06,2817.0,0.00301419
VIB/BTC,1607661283255,2020-12-11T04:34:43.255Z,buy,1.07e-06,2000.0,0.00214
VIB/BTC,1607661286830,2020-12-11T04:34:46.830Z,buy,1.08e-06,98.0,0.00010584
VIB/BTC,1607661309368,2020-12-11T04:35:09.368Z,buy,1.08e-06,94.0,0.00010152
VIB/BTC,1607661332640,2020-12-11T04:35:32.640Z,buy,1.08e-06,6742.0,0.00728136
VIB/BTC,1607661335853,2020-12-11T04:35:35.853Z,buy,1.09e-06,345.0,0.00037605
VIB/BTC,1607661336649,2020-12-11T04:35:36.649Z,buy,1.09e-06,98.0,0.00010682
VIB/BTC,1607661351576,2020-12-11T04:35:51.576Z,buy,1.09e-06,30468.0,0.0332101199999999
VIB/BTC,1607661352871,2020-12-11T04:35:52.871Z,buy,1.09e-06,3993.0,0.0043523699999999
VIB/BTC,1607661352880,2020-12-11T04:35:52.880Z,sell,1.09e-06,2596.0,0.00282964
VIB/BTC,1607661352881,2020-12-11T04:35:52.881Z,sell,1.09e-06,5280.0,0.0057551999999999
VIB/BTC,1607661352885,2020-12-11T04:35:52.885Z,sell,1.09e-06,909.0,0.00099081
VIB/BTC,1607661352886,2020-12-11T04:35:52.886Z,sell,1.09e-06,5280.0,0.0057551999999999
VIB/BTC,1607661352924,2020-12-11T04:35:52.924Z,buy,1.1e-06,5182.0,0.0057002
VIB/BTC,1607661353479,2020-12-11T04:35:53.479Z,sell,1.09e-06,156.0,0.00017004
VIB/BTC,1607661354096,2020-12-11T04:35:54.096Z,sell,1.09e-06,917.0,0.00099953
VIB/BTC,1607661358238,2020-12-11T04:35:58.238Z,sell,1.09e-06,924.0,0.00100716
VIB/BTC,1607661359634,2020-12-11T04:35:59.634Z,sell,1.09e-06,3810.0,0.0041529
VIB/BTC,1607661367403,2020-12-11T04:36:07.403Z,buy,1.1e-06,96.0,0.0001056
VIB/BTC,1607661367560,2020-12-11T04:36:07.560Z,buy,1.1e-06,234.0,0.0002574
VIB/BTC,1607661367599,2020-12-11T04:36:07.599Z,buy,1.1e-06,100.0,0.00011
VIB/BTC,1607661371343,2020-12-11T04:36:11.343Z,sell,1.09e-06,1882.0,0.00205138
VIB/BTC,1607661375497,2020-12-11T04:36:15.497Z,sell,1.09e-06,3774.0,0.00411366
VIB/BTC,1607661375761,2020-12-11T04:36:15.761Z,buy,1.1e-06,24257.0,0.0266827
VIB/BTC,1607661385342,2020-12-11T04:36:25.342Z,buy,1.1e-06,25.0,2.75e-05
VIB/BTC,1607661386727,2020-12-11T04:36:26.727Z,buy,1.1e-06,2289.0,0.0025179
VIB/BTC,1607661388112,2020-12-11T04:36:28.112Z,buy,1.1e-06,1144.0,0.0012584
VIB/BTC,1607661389467,2020-12-11T04:36:29.467Z,sell,1.09e-06,506.0,0.00055154
VIB/BTC,1607661395986,2020-12-11T04:36:35.986Z,sell,1.09e-06,400.0,0.0004359999999999
VIB/BTC,1607661396041,2020-12-11T04:36:36.041Z,buy,1.1e-06,565.0,0.0006215
VIB/BTC,1607661403432,2020-12-11T04:36:43.432Z,sell,1.09e-06,4891.0,0.0053311899999999
VIB/BTC,1607661406158,2020-12-11T04:36:46.158Z,buy,1.09e-06,3811.0,0.00415399
VIB/BTC,1607661408739,2020-12-11T04:36:48.739Z,buy,1.1e-06,12120.0,0.013332
VIB/BTC,1607661409301,2020-12-11T04:36:49.301Z,buy,1.1e-06,577.0,0.0006347
VIB/BTC,1607661409447,2020-12-11T04:36:49.447Z,buy,1.1e-06,99.0,0.0001089
VIB/BTC,1607661410480,2020-12-11T04:36:50.480Z,buy,1.1e-06,568.0,0.0006248
VIB/BTC,1607661412294,2020-12-11T04:36:52.294Z,buy,1.1e-06,345.0,0.0003795
VIB/BTC,1607661417799,2020-12-11T04:36:57.799Z,buy,1.1e-06,100.0,0.00011
VIB/BTC,1607661419349,2020-12-11T04:36:59.349Z,buy,1.1e-06,113.0,0.0001243
VIB/BTC,1607661422826,2020-12-11T04:37:02.826Z,buy,1.1e-06,158.0,0.0001738
VIB/BTC,1607661430421,2020-12-11T04:37:10.421Z,buy,1.1e-06,23537.0,0.0258907
VIB/BTC,1607661432969,2020-12-11T04:37:12.969Z,buy,1.1e-06,158.0,0.0001738
VIB/BTC,1607661434343,2020-12-11T04:37:14.343Z,buy,1.1e-06,163.0,0.0001793
VIB/BTC,1607661435630,2020-12-11T04:37:15.630Z,buy,1.1e-06,158.0,0.0001738
VIB/BTC,1607661437162,2020-12-11T04:37:17.162Z,buy,1.1e-06,163.0,0.0001793
VIB/BTC,1607661438449,2020-12-11T04:37:18.449Z,buy,1.1e-06,158.0,0.0001738
VIB/BTC,1607661466045,2020-12-11T04:37:46.045Z,buy,1.1e-06,1854.0,0.0020394
VIB/BTC,1607661467018,2020-12-11T04:37:47.018Z,sell,1.09e-06,1217.0,0.00132653
VIB/BTC,1607661477133,2020-12-11T04:37:57.133Z,sell,1.08e-06,1602.0,0.00173016
VIB/BTC,1607661477133,2020-12-11T04:37:57.133Z,sell,1.07e-06,77906.0,0.0833594199999999
VIB/BTC,1607661478724,2020-12-11T04:37:58.724Z,buy,1.08e-06,1228.0,0.00132624
VIB/BTC,1607661478936,2020-12-11T04:37:58.936Z,sell,1.08e-06,101.0,0.00010908
VIB/BTC,1607661479207,2020-12-11T04:37:59.207Z,buy,1.09e-06,98.0,0.00010682
VIB/BTC,1607661480021,2020-12-11T04:38:00.021Z,sell,1.08e-06,4849.0,0.00523692
VIB/BTC,1607661480021,2020-12-11T04:38:00.021Z,sell,1.07e-06,141.0,0.00015087
VIB/BTC,1607661480884,2020-12-11T04:38:00.884Z,sell,1.07e-06,13655.0,0.0146108499999999
VIB/BTC,1607661483976,2020-12-11T04:38:03.976Z,sell,1.06e-06,51776.0,0.05488256
VIB/BTC,1607661507002,2020-12-11T04:38:27.002Z,sell,1.05e-06,412078.0,0.4326818999999999
VIB/BTC,1607661509737,2020-12-11T04:38:29.737Z,buy,1.06e-06,102.0,0.00010812
VIB/BTC,1607661513408,2020-12-11T04:38:33.408Z,sell,1.05e-06,6912.0,0.0072575999999999
VIB/BTC,1607661514335,2020-12-11T04:38:34.335Z,buy,1.06e-06,19390.0,0.0205534
VIB/BTC,1607661515576,2020-12-11T04:38:35.576Z,buy,1.06e-06,105.0,0.0001113
VIB/BTC,1607661520055,2020-12-11T04:38:40.055Z,buy,1.06e-06,14872.0,0.01576432
VIB/BTC,1607661534417,2020-12-11T04:38:54.417Z,buy,1.06e-06,1405.0,0.0014893
VIB/BTC,1607661571742,2020-12-11T04:39:31.742Z,sell,1.05e-06,3810.0,0.0040005
VIB/BTC,1607661600197,2020-12-11T04:40:00.197Z,buy,1.05e-06,2484.0,0.0026081999999999
VIB/BTC,1607661600623,2020-12-11T04:40:00.623Z,sell,1.05e-06,24488.0,0.0257123999999999
VIB/BTC,1607661635648,2020-12-11T04:40:35.648Z,buy,1.05e-06,4622.0,0.0048531
VIB/BTC,1607661727388,2020-12-11T04:42:07.388Z,sell,1.04e-06,1411.0,0.00146744
VIB/BTC,1607661732841,2020-12-11T04:42:12.841Z,sell,1.04e-06,400.0,0.000416
VIB/BTC,1607661735997,2020-12-11T04:42:15.997Z,buy,1.05e-06,3425.0,0.0035962499999999
VIB/BTC,1607661739274,2020-12-11T04:42:19.274Z,buy,1.06e-06,234.0,0.00024804
VIB/BTC,1607661799842,2020-12-11T04:43:19.842Z,sell,1.05e-06,1853.0,0.0019456499999999
VIB/BTC,1607661801398,2020-12-11T04:43:21.398Z,buy,1.06e-06,98.0,0.00010388
VIB/BTC,1607661817857,2020-12-11T04:43:37.857Z,buy,1.06e-06,29967.0,0.03176502
VIB/BTC,1607661820099,2020-12-11T04:43:40.099Z,buy,1.07e-06,98.0,0.00010486
VIB/BTC,1607661832101,2020-12-11T04:43:52.101Z,buy,1.07e-06,25177.0,0.0269393899999999
VIB/BTC,1607661832111,2020-12-11T04:43:52.111Z,sell,1.07e-06,252.0,0.00026964
VIB/BTC,1607661837677,2020-12-11T04:43:57.677Z,buy,1.08e-06,35.0,3.78e-05
VIB/BTC,1607661838448,2020-12-11T04:43:58.448Z,buy,1.08e-06,96.0,0.00010368
VIB/BTC,1607661847735,2020-12-11T04:44:07.735Z,buy,1.08e-06,186.0,0.00020088
VIB/BTC,1607661856906,2020-12-11T04:44:16.906Z,buy,1.08e-06,19058.0,0.02058264
VIB/BTC,1607661858858,2020-12-11T04:44:18.858Z,buy,1.09e-06,33.0,3.597e-05
VIB/BTC,1607661865061,2020-12-11T04:44:25.061Z,sell,1.08e-06,115.0,0.0001242
VIB/BTC,1607661869021,2020-12-11T04:44:29.021Z,sell,1.08e-06,400.0,0.000432
VIB/BTC,1607661871847,2020-12-11T04:44:31.847Z,sell,1.08e-06,9988.0,0.01078704
VIB/BTC,1607661872947,2020-12-11T04:44:32.947Z,sell,1.07e-06,66549.0,0.0712074299999999
VIB/BTC,1607661872959,2020-12-11T04:44:32.959Z,buy,1.07e-06,30.0,3.2099999999999994e-05
VIB/BTC,1607661873189,2020-12-11T04:44:33.189Z,buy,1.07e-06,99.0,0.00010593
VIB/BTC,1607661881483,2020-12-11T04:44:41.483Z,buy,1.07e-06,5338.0,0.0057116599999999
VIB/BTC,1607661883570,2020-12-11T04:44:43.570Z,buy,1.07e-06,7985.0,0.00854395
VIB/BTC,1607661885456,2020-12-11T04:44:45.456Z,buy,1.08e-06,98.0,0.00010584
VIB/BTC,1607661890333,2020-12-11T04:44:50.333Z,sell,1.07e-06,235.0,0.0002514499999999
VIB/BTC,1607661891489,2020-12-11T04:44:51.489Z,buy,1.08e-06,101.0,0.00010908
VIB/BTC,1607661893973,2020-12-11T04:44:53.973Z,sell,1.07e-06,5103.0,0.0054602099999999
VIB/BTC,1607661893973,2020-12-11T04:44:53.973Z,sell,1.06e-06,32108.0,0.03403448
VIB/BTC,1607661893973,2020-12-11T04:44:53.973Z,sell,1.05e-06,112792.0,0.1184315999999999
VIB/BTC,1607661893980,2020-12-11T04:44:53.980Z,buy,1.05e-06,850.0,0.0008925
VIB/BTC,1607661893981,2020-12-11T04:44:53.981Z,buy,1.05e-06,10206.0,0.0107163
VIB/BTC,1607661893983,2020-12-11T04:44:53.983Z,buy,1.05e-06,850.0,0.0008925
VIB/BTC,1607661893983,2020-12-11T04:44:53.983Z,buy,1.05e-06,5103.0,0.00535815
VIB/BTC,1607661893985,2020-12-11T04:44:53.985Z,buy,1.05e-06,850.0,0.0008925
VIB/BTC,1607661893985,2020-12-11T04:44:53.985Z,buy,1.05e-06,5103.0,0.00535815
VIB/BTC,1607661893985,2020-12-11T04:44:53.985Z,buy,1.05e-06,850.0,0.0008925
VIB/BTC,1607661893987,2020-12-11T04:44:53.987Z,buy,1.05e-06,850.0,0.0008925
VIB/BTC,1607661893987,2020-12-11T04:44:53.987Z,buy,1.05e-06,850.0,0.0008925
VIB/BTC,1607661893988,2020-12-11T04:44:53.988Z,buy,1.05e-06,1072.0,0.0011255999999999
VIB/BTC,1607661896048,2020-12-11T04:44:56.048Z,buy,1.05e-06,102.0,0.0001070999999999
VIB/BTC,1607661897317,2020-12-11T04:44:57.317Z,sell,1.04e-06,7144.0,0.00742976
VIB/BTC,1607661902292,2020-12-11T04:45:02.292Z,sell,1.04e-06,79309.0,0.08248136
VIB/BTC,1607661902548,2020-12-11T04:45:02.548Z,sell,1.04e-06,1438.0,0.00149552
VIB/BTC,1607661907617,2020-12-11T04:45:07.617Z,sell,1.03e-06,84857.0,0.08740271
VIB/BTC,1607661908756,2020-12-11T04:45:08.756Z,buy,1.04e-06,464.0,0.00048256
VIB/BTC,1607661909031,2020-12-11T04:45:09.031Z,buy,1.04e-06,1172.0,0.00121888
VIB/BTC,1607661912596,2020-12-11T04:45:12.596Z,buy,1.04e-06,615.0,0.0006396
VIB/BTC,1607661918447,2020-12-11T04:45:18.447Z,buy,1.04e-06,32349.0,0.03364296
VIB/BTC,1607661923555,2020-12-11T04:45:23.555Z,sell,1.04e-06,400.0,0.000416
VIB/BTC,1607661923634,2020-12-11T04:45:23.634Z,sell,1.04e-06,5222.0,0.00543088
VIB/BTC,1607661928240,2020-12-11T04:45:28.240Z,buy,1.05e-06,99.0,0.0001039499999999
VIB/BTC,1607661934578,2020-12-11T04:45:34.578Z,buy,1.05e-06,2111.0,0.00221655
VIB/BTC,1607661937266,2020-12-11T04:45:37.266Z,buy,1.06e-06,98.0,0.00010388
VIB/BTC,1607662156534,2020-12-11T04:49:16.534Z,buy,1.05e-06,2939.0,0.0030859499999999
VIB/BTC,1607662158770,2020-12-11T04:49:18.770Z,sell,1.05e-06,2766.0,0.0029043
VIB/BTC,1607662165345,2020-12-11T04:49:25.345Z,buy,1.06e-06,95.0,0.0001007
VIB/BTC,1607662198397,2020-12-11T04:49:58.397Z,buy,1.05e-06,24232.0,0.0254435999999999
VIB/BTC,1607662198397,2020-12-11T04:49:58.397Z,buy,1.06e-06,28206.0,0.02989836
VIB/BTC,1607662198685,2020-12-11T04:49:58.685Z,buy,1.05e-06,1028.0,0.0010793999999999
VIB/BTC,1607662198792,2020-12-11T04:49:58.792Z,buy,1.05e-06,222.0,0.0002330999999999
VIB/BTC,1607662202210,2020-12-11T04:50:02.210Z,buy,1.05e-06,943.0,0.00099015
VIB/BTC,1607662207037,2020-12-11T04:50:07.037Z,buy,1.05e-06,229.0,0.00024045
VIB/BTC,1607662209095,2020-12-11T04:50:09.095Z,buy,1.05e-06,2624.0,0.0027551999999999
VIB/BTC,1607662217417,2020-12-11T04:50:17.417Z,buy,1.06e-06,104.0,0.00011024
VIB/BTC,1607662234504,2020-12-11T04:50:34.504Z,sell,1.05e-06,229.0,0.00024045
VIB/BTC,1607662256721,2020-12-11T04:50:56.721Z,sell,1.05e-06,5046.0,0.0052983
VIB/BTC,1607662256727,2020-12-11T04:50:56.727Z,sell,1.05e-06,816.0,0.0008567999999999
VIB/BTC,1607662261220,2020-12-11T04:51:01.220Z,sell,1.05e-06,8554.0,0.0089816999999999
VIB/BTC,1607662290780,2020-12-11T04:51:30.780Z,buy,1.05e-06,20977.0,0.02202585
VIB/BTC,1607662308713,2020-12-11T04:51:48.713Z,sell,1.05e-06,400.0,0.0004199999999999
VIB/BTC,1607662309860,2020-12-11T04:51:49.860Z,buy,1.06e-06,66176.0,0.07014656
VIB/BTC,1607662314325,2020-12-11T04:51:54.325Z,buy,1.07e-06,98.0,0.00010486
VIB/BTC,1607662347668,2020-12-11T04:52:27.668Z,buy,1.07e-06,14366.0,0.0153716199999999
VIB/BTC,1607662347956,2020-12-11T04:52:27.956Z,sell,1.06e-06,1027.0,0.00108862
VIB/BTC,1607662348063,2020-12-11T04:52:28.063Z,buy,1.06e-06,227.0,0.00024062
VIB/BTC,1607662351365,2020-12-11T04:52:31.365Z,buy,1.06e-06,76.0,8.056e-05
VIB/BTC,1607662351469,2020-12-11T04:52:31.469Z,buy,1.07e-06,98.0,0.00010486
VIB/BTC,1607662361378,2020-12-11T04:52:41.378Z,sell,1.06e-06,461.0,0.00048866
VIB/BTC,1607662363200,2020-12-11T04:52:43.200Z,buy,1.07e-06,99.0,0.00010593
VIB/BTC,1607662398793,2020-12-11T04:53:18.793Z,buy,1.07e-06,26537.0,0.0283945899999999
VIB/BTC,1607662398798,2020-12-11T04:53:18.798Z,sell,1.07e-06,2414.0,0.00258298
VIB/BTC,1607662404092,2020-12-11T04:53:24.092Z,buy,1.07e-06,31.0,3.317e-05
VIB/BTC,1607662416993,2020-12-11T04:53:36.993Z,buy,1.08e-06,96.0,0.00010368
VIB/BTC,1607662455496,2020-12-11T04:54:15.496Z,sell,1.07e-06,3327.0,0.0035598899999999
VIB/BTC,1607662520558,2020-12-11T04:55:20.558Z,buy,1.07e-06,1452.0,0.0015536399999999
VIB/BTC,1607662526798,2020-12-11T04:55:26.798Z,buy,1.07e-06,581.0,0.00062167
VIB/BTC,1607662531245,2020-12-11T04:55:31.245Z,buy,1.07e-06,2777.0,0.00297139
VIB/BTC,1607662548892,2020-12-11T04:55:48.892Z,sell,1.06e-06,4506.0,0.00477636
VIB/BTC,1607662548892,2020-12-11T04:55:48.892Z,sell,1.05e-06,86801.0,0.0911410499999999
VIB/BTC,1607662548901,2020-12-11T04:55:48.901Z,buy,1.05e-06,4792.0,0.0050316
VIB/BTC,1607662548905,2020-12-11T04:55:48.905Z,buy,1.05e-06,286.0,0.0003003
VIB/BTC,1607662556369,2020-12-11T04:55:56.369Z,buy,1.06e-06,22166.0,0.02349596
VIB/BTC,1607662557415,2020-12-11T04:55:57.415Z,sell,1.05e-06,15915.0,0.01671075
VIB/BTC,1607662557415,2020-12-11T04:55:57.415Z,sell,1.04e-06,1372.0,0.00142688
VIB/BTC,1607662562613,2020-12-11T04:56:02.613Z,sell,1.04e-06,400.0,0.000416
VIB/BTC,1607662567924,2020-12-11T04:56:07.924Z,buy,1.05e-06,98.0,0.0001029
VIB/BTC,1607662574528,2020-12-11T04:56:14.528Z,buy,1.05e-06,1162.0,0.0012200999999999
VIB/BTC,1607662577944,2020-12-11T04:56:17.944Z,buy,1.06e-06,98.0,0.00010388
VIB/BTC,1607662601287,2020-12-11T04:56:41.287Z,sell,1.04e-06,28923.0,0.03007992
VIB/BTC,1607662602702,2020-12-11T04:56:42.702Z,buy,1.06e-06,98.0,0.00010388
VIB/BTC,1607662616683,2020-12-11T04:56:56.683Z,buy,1.05e-06,952.0,0.0009996
VIB/BTC,1607662714266,2020-12-11T04:58:34.266Z,buy,1.06e-06,98.0,0.00010388
VIB/BTC,1607662747525,2020-12-11T04:59:07.525Z,buy,1.06e-06,417.0,0.00044202
VIB/BTC,1607662747525,2020-12-11T04:59:07.525Z,buy,1.06e-06,417.0,0.00044202
VIB/BTC,1607662859280,2020-12-11T05:00:59.280Z,sell,1.05e-06,606.0,0.0006362999999999
VIB/BTC,1607662871591,2020-12-11T05:01:11.591Z,sell,1.04e-06,45291.0,0.04710264
VIB/BTC,1607662878447,2020-12-11T05:01:18.447Z,sell,1.04e-06,400.0,0.000416
VIB/BTC,1607662883938,2020-12-11T05:01:23.938Z,buy,1.05e-06,98.0,0.0001029
VIB/BTC,1607662884694,2020-12-11T05:01:24.694Z,sell,1.04e-06,961.0,0.00099944
VIB/BTC,1607662885865,2020-12-11T05:01:25.865Z,buy,1.05e-06,32.0,3.36e-05
VIB/BTC,1607662886385,2020-12-11T05:01:26.385Z,sell,1.04e-06,118.0,0.00012272
VIB/BTC,1607662887175,2020-12-11T05:01:27.175Z,sell,1.04e-06,961.0,0.00099944
VIB/BTC,1607662887773,2020-12-11T05:01:27.773Z,sell,1.04e-06,2799.0,0.00291096
VIB/BTC,1607662888555,2020-12-11T05:01:28.555Z,buy,1.05e-06,98.0,0.0001029
VIB/BTC,1607662888643,2020-12-11T05:01:28.643Z,sell,1.04e-06,961.0,0.00099944
VIB/BTC,1607662896573,2020-12-11T05:01:36.573Z,sell,1.04e-06,961.0,0.00099944
VIB/BTC,1607662898011,2020-12-11T05:01:38.011Z,buy,1.05e-06,101.0,0.0001060499999999
VIB/BTC,1607662898095,2020-12-11T05:01:38.095Z,sell,1.04e-06,961.0,0.00099944
VIB/BTC,1607662900049,2020-12-11T05:01:40.049Z,sell,1.04e-06,2768.0,0.00287872
VIB/BTC,1607662904075,2020-12-11T05:01:44.075Z,buy,1.05e-06,100.0,0.0001049999999999
VIB/BTC,1607662927315,2020-12-11T05:02:07.315Z,buy,1.05e-06,13687.0,0.0143713499999999
VIB/BTC,1607662945953,2020-12-11T05:02:25.953Z,buy,1.06e-06,15398.0,0.01632188
VIB/BTC,1607662948283,2020-12-11T05:02:28.283Z,sell,1.05e-06,952.0,0.0009996
VIB/BTC,1607662963656,2020-12-11T05:02:43.656Z,sell,1.05e-06,200.0,0.0002099999999999
VIB/BTC,1607662968018,2020-12-11T05:02:48.018Z,buy,1.06e-06,99.0,0.00010494
VIB/BTC,1607662970722,2020-12-11T05:02:50.722Z,buy,1.06e-06,29.0,3.074e-05
VIB/BTC,1607662970722,2020-12-11T05:02:50.722Z,sell,1.05e-06,182.0,0.0001910999999999
VIB/BTC,1607662973834,2020-12-11T05:02:53.834Z,buy,1.06e-06,99.0,0.00010494
VIB/BTC,1607663049838,2020-12-11T05:04:09.838Z,buy,1.06e-06,129.0,0.00013674
VIB/BTC,1607663066707,2020-12-11T05:04:26.707Z,buy,1.06e-06,6033.0,0.00639498
VIB/BTC,1607663071457,2020-12-11T05:04:31.457Z,buy,1.06e-06,834.0,0.00088404
VIB/BTC,1607663148157,2020-12-11T05:05:48.157Z,sell,1.05e-06,7166.0,0.0075242999999999
VIB/BTC,1607663160870,2020-12-11T05:06:00.870Z,sell,1.04e-06,961.0,0.00099944
VIB/BTC,1607663160870,2020-12-11T05:06:00.870Z,sell,1.04e-06,6026.0,0.00626704
VIB/BTC,1607663161594,2020-12-11T05:06:01.594Z,sell,1.04e-06,1736.0,0.00180544
VIB/BTC,1607663168441,2020-12-11T05:06:08.441Z,sell,1.04e-06,400.0,0.000416
VIB/BTC,1607663172867,2020-12-11T05:06:12.867Z,buy,1.05e-06,98.0,0.0001029
VIB/BTC,1607663208635,2020-12-11T05:06:48.635Z,buy,1.05e-06,210.0,0.0002204999999999
VIB/BTC,1607663310419,2020-12-11T05:08:30.419Z,buy,1.05e-06,34.0,3.5699999999999994e-05
VIB/BTC,1607663416881,2020-12-11T05:10:16.881Z,sell,1.04e-06,1953.0,0.00203112
VIB/BTC,1607663416881,2020-12-11T05:10:16.881Z,sell,1.03e-06,379.0,0.00039037
VIB/BTC,1607663443386,2020-12-11T05:10:43.386Z,buy,1.05e-06,3276.0,0.0034398
VIB/BTC,1607663838963,2020-12-11T05:17:18.963Z,sell,1.04e-06,2248.0,0.00233792
VIB/BTC,1607663841030,2020-12-11T05:17:21.030Z,buy,1.05e-06,98.0,0.0001029
VIB/BTC,1607663869284,2020-12-11T05:17:49.284Z,buy,1.05e-06,12263.0,0.01287615
VIB/BTC,1607663870591,2020-12-11T05:17:50.591Z,sell,1.05e-06,123.0,0.00012915
VIB/BTC,1607663877474,2020-12-11T05:17:57.474Z,buy,1.06e-06,100.0,0.000106
VIB/BTC,1607663946299,2020-12-11T05:19:06.299Z,buy,1.06e-06,6451.0,0.00683806
VIB/BTC,1607664238170,2020-12-11T05:23:58.170Z,buy,1.06e-06,776.0,0.00082256
VIB/BTC,1607664287662,2020-12-11T05:24:47.662Z,buy,1.06e-06,25482.0,0.02701092
VIB/BTC,1607664369462,2020-12-11T05:26:09.462Z,sell,1.05e-06,2213.0,0.0023236499999999
VIB/BTC,1607664369680,2020-12-11T05:26:09.680Z,sell,1.05e-06,5531.0,0.00580755
VIB/BTC,1607664423750,2020-12-11T05:27:03.750Z,buy,1.06e-06,97.0,0.00010282
VIB/BTC,1607664452773,2020-12-11T05:27:32.773Z,buy,1.06e-06,2523.0,0.00267438
VIB/BTC,1607664518653,2020-12-11T05:28:38.653Z,buy,1.06e-06,2395.0,0.0025387
VIB/BTC,1607664549187,2020-12-11T05:29:09.187Z,sell,1.05e-06,1196.0,0.0012557999999999
VIB/BTC,1607664562840,2020-12-11T05:29:22.840Z,sell,1.05e-06,1196.0,0.0012557999999999
VIB/BTC,1607664586742,2020-12-11T05:29:46.742Z,sell,1.05e-06,400.0,0.0004199999999999
VIB/BTC,1607664590794,2020-12-11T05:29:50.794Z,buy,1.06e-06,99.0,0.00010494
VIB/BTC,1607664594732,2020-12-11T05:29:54.732Z,buy,1.06e-06,2403.0,0.00254718
VIB/BTC,1607664618917,2020-12-11T05:30:18.917Z,buy,1.06e-06,1000.0,0.00106
VIB/BTC,1607664628691,2020-12-11T05:30:28.691Z,sell,1.05e-06,76990.0,0.0808395
VIB/BTC,1607664629059,2020-12-11T05:30:29.059Z,buy,1.06e-06,98.0,0.00010388
VIB/BTC,1607664637459,2020-12-11T05:30:37.459Z,sell,1.05e-06,379.0,0.0003979499999999
VIB/BTC,1607664638294,2020-12-11T05:30:38.294Z,sell,1.05e-06,14997.0,0.01574685
VIB/BTC,1607664638317,2020-12-11T05:30:38.317Z,buy,1.05e-06,35.0,3.675e-05
VIB/BTC,1607664640487,2020-12-11T05:30:40.487Z,buy,1.05e-06,98.0,0.0001029
VIB/BTC,1607664714092,2020-12-11T05:31:54.092Z,buy,1.05e-06,24041.0,0.0252430499999999
VIB/BTC,1607664714092,2020-12-11T05:31:54.092Z,buy,1.06e-06,12854.0,0.01362524
VIB/BTC,1607664716312,2020-12-11T05:31:56.312Z,buy,1.06e-06,1595.0,0.0016907
VIB/BTC,1607664766146,2020-12-11T05:32:46.146Z,buy,1.06e-06,12061.0,0.01278466
VIB/BTC,1607664807550,2020-12-11T05:33:27.550Z,buy,1.06e-06,420.0,0.0004452
VIB/BTC,1607664809802,2020-12-11T05:33:29.802Z,sell,1.05e-06,7697.0,0.00808185
VIB/BTC,1607664821116,2020-12-11T05:33:41.116Z,buy,1.06e-06,34.0,3.604e-05
VIB/BTC,1607664824801,2020-12-11T05:33:44.801Z,buy,1.06e-06,471.0,0.00049926
VIB/BTC,1607664989833,2020-12-11T05:36:29.833Z,sell,1.05e-06,38118.0,0.0400238999999999
VIB/BTC,1607665011094,2020-12-11T05:36:51.094Z,buy,1.06e-06,102.0,0.00010812
VIB/BTC,1607665056955,2020-12-11T05:37:36.955Z,buy,1.06e-06,92762.0,0.09832772
VIB/BTC,1607665079451,2020-12-11T05:37:59.451Z,sell,1.06e-06,11958.0,0.01267548
VIB/BTC,1607665079493,2020-12-11T05:37:59.493Z,buy,1.07e-06,35.0,3.745e-05
VIB/BTC,1607665086344,2020-12-11T05:38:06.344Z,sell,1.06e-06,5979.0,0.00633774
VIB/BTC,1607665093146,2020-12-11T05:38:13.146Z,sell,1.06e-06,5381.0,0.00570386
VIB/BTC,1607665106239,2020-12-11T05:38:26.239Z,sell,1.06e-06,400.0,0.000424
VIB/BTC,1607665111438,2020-12-11T05:38:31.438Z,buy,1.07e-06,99.0,0.00010593
VIB/BTC,1607665149278,2020-12-11T05:39:09.278Z,sell,1.06e-06,118.0,0.00012508
VIB/BTC,1607665150554,2020-12-11T05:39:10.554Z,buy,1.07e-06,98.0,0.00010486
VIB/BTC,1607665239558,2020-12-11T05:40:39.558Z,sell,1.06e-06,2912.0,0.00308672
VIB/BTC,1607665352752,2020-12-11T05:42:32.752Z,buy,1.06e-06,898.0,0.00095188
VIB/BTC,1607665442907,2020-12-11T05:44:02.907Z,buy,1.07e-06,100.0,0.000107
VIB/BTC,1607665456087,2020-12-11T05:44:16.087Z,buy,1.07e-06,44975.0,0.04812325
VIB/BTC,1607665483210,2020-12-11T05:44:43.210Z,buy,1.07e-06,9565.0,0.0102345499999999
VIB/BTC,1607665493775,2020-12-11T05:44:53.775Z,buy,1.07e-06,7370.0,0.0078859
VIB/BTC,1607665514556,2020-12-11T05:45:14.556Z,buy,1.07e-06,38527.0,0.04122389
VIB/BTC,1607665551248,2020-12-11T05:45:51.248Z,buy,1.07e-06,21254.0,0.02274178
VIB/BTC,1607665551248,2020-12-11T05:45:51.248Z,buy,1.08e-06,313517.0,0.33859836
VIB/BTC,1607665564602,2020-12-11T05:46:04.602Z,buy,1.09e-06,98.0,0.00010682
VIB/BTC,1607665566051,2020-12-11T05:46:06.051Z,sell,1.07e-06,2971.0,0.0031789699999999
VIB/BTC,1607665568747,2020-12-11T05:46:08.747Z,buy,1.08e-06,195.0,0.0002106
VIB/BTC,1607665601148,2020-12-11T05:46:41.148Z,buy,1.08e-06,1550.0,0.001674
VIB/BTC,1607665612558,2020-12-11T05:46:52.558Z,buy,1.08e-06,30.0,3.24e-05
VIB/BTC,1607665653499,2020-12-11T05:47:33.499Z,sell,1.07e-06,119.0,0.00012733
VIB/BTC,1607665656536,2020-12-11T05:47:36.536Z,sell,1.07e-06,400.0,0.000428
VIB/BTC,1607665661024,2020-12-11T05:47:41.024Z,buy,1.08e-06,250.0,0.00027
VIB/BTC,1607665666336,2020-12-11T05:47:46.336Z,buy,1.09e-06,17690.0,0.0192821
VIB/BTC,1607665666344,2020-12-11T05:47:46.344Z,sell,1.09e-06,6285.0,0.00685065
VIB/BTC,1607665666347,2020-12-11T05:47:46.347Z,sell,1.09e-06,1061.0,0.00115649
VIB/BTC,1607665666352,2020-12-11T05:47:46.352Z,sell,1.09e-06,931.0,0.00101479
VIB/BTC,1607665666520,2020-12-11T05:47:46.520Z,sell,1.09e-06,3885.0,0.0042346499999999
VIB/BTC,1607665670398,2020-12-11T05:47:50.398Z,buy,1.1e-06,98.0,0.0001078
VIB/BTC,1607665683621,2020-12-11T05:48:03.621Z,buy,1.1e-06,2276.0,0.0025036
VIB/BTC,1607665691722,2020-12-11T05:48:11.722Z,buy,1.1e-06,97184.0,0.1069024
VIB/BTC,1607665704372,2020-12-11T05:48:24.372Z,buy,1.1e-06,8140.0,0.008954
VIB/BTC,1607665722596,2020-12-11T05:48:42.596Z,buy,1.1e-06,2000.0,0.0022
VIB/BTC,1607665727289,2020-12-11T05:48:47.289Z,sell,1.09e-06,100.0,0.0001089999999999
VIB/BTC,1607665731254,2020-12-11T05:48:51.254Z,sell,1.09e-06,100.0,0.0001089999999999
VIB/BTC,1607665732130,2020-12-11T05:48:52.130Z,sell,1.09e-06,308.0,0.0003357199999999
VIB/BTC,1607665732213,2020-12-11T05:48:52.213Z,sell,1.09e-06,232.0,0.00025288
VIB/BTC,1607665732232,2020-12-11T05:48:52.232Z,sell,1.09e-06,586.0,0.00063874
VIB/BTC,1607665734198,2020-12-11T05:48:54.198Z,sell,1.09e-06,100.0,0.0001089999999999
VIB/BTC,1607665736344,2020-12-11T05:48:56.344Z,buy,1.1e-06,98.0,0.0001078
VIB/BTC,1607665737193,2020-12-11T05:48:57.193Z,sell,1.09e-06,100.0,0.0001089999999999
VIB/BTC,1607665739894,2020-12-11T05:48:59.894Z,sell,1.09e-06,4.0,4.36e-06
VIB/BTC,1607665740024,2020-12-11T05:49:00.024Z,buy,1.09e-06,96.0,0.00010464
VIB/BTC,1607665742469,2020-12-11T05:49:02.469Z,sell,1.08e-06,100.0,0.000108
VIB/BTC,1607665744766,2020-12-11T05:49:04.766Z,sell,1.08e-06,100.0,0.000108
VIB/BTC,1607665744795,2020-12-11T05:49:04.795Z,buy,1.1e-06,97.0,0.0001067
VIB/BTC,1607665746391,2020-12-11T05:49:06.391Z,sell,1.08e-06,566.0,0.00061128
VIB/BTC,1607665746905,2020-12-11T05:49:06.905Z,sell,1.08e-06,100.0,0.000108
VIB/BTC,1607665748878,2020-12-11T05:49:08.878Z,sell,1.08e-06,100.0,0.000108
VIB/BTC,1607665752019,2020-12-11T05:49:12.019Z,sell,1.08e-06,100.0,0.000108
VIB/BTC,1607665754710,2020-12-11T05:49:14.710Z,sell,1.08e-06,100.0,0.000108
VIB/BTC,1607665757599,2020-12-11T05:49:17.599Z,sell,1.08e-06,100.0,0.000108
VIB/BTC,1607665762134,2020-12-11T05:49:22.134Z,sell,1.08e-06,100.0,0.000108
VIB/BTC,1607665770378,2020-12-11T05:49:30.378Z,sell,1.08e-06,1300.0,0.001404
VIB/BTC,1607665772544,2020-12-11T05:49:32.544Z,sell,1.08e-06,100.0,0.000108
VIB/BTC,1607665775049,2020-12-11T05:49:35.049Z,buy,1.09e-06,1220.0,0.0013298
VIB/BTC,1607665775049,2020-12-11T05:49:35.049Z,buy,1.1e-06,55.0,6.05e-05
VIB/BTC,1607665778634,2020-12-11T05:49:38.634Z,sell,1.08e-06,100.0,0.000108
VIB/BTC,1607665783114,2020-12-11T05:49:43.114Z,sell,1.08e-06,100.0,0.000108
VIB/BTC,1607665788444,2020-12-11T05:49:48.444Z,sell,1.08e-06,400.0,0.000432
VIB/BTC,1607665789021,2020-12-11T05:49:49.021Z,sell,1.08e-06,100.0,0.000108
VIB/BTC,1607665791258,2020-12-11T05:49:51.258Z,sell,1.08e-06,100.0,0.000108
VIB/BTC,1607665792869,2020-12-11T05:49:52.869Z,buy,1.09e-06,384.0,0.00041856
VIB/BTC,1607665792869,2020-12-11T05:49:52.869Z,buy,1.1e-06,20.0,2.2e-05
VIB/BTC,1607665801330,2020-12-11T05:50:01.330Z,sell,1.08e-06,100.0,0.000108
VIB/BTC,1607665813920,2020-12-11T05:50:13.920Z,sell,1.08e-06,400.0,0.000432
VIB/BTC,1607665814875,2020-12-11T05:50:14.875Z,sell,1.08e-06,100.0,0.000108
VIB/BTC,1607665818766,2020-12-11T05:50:18.766Z,buy,1.1e-06,98.0,0.0001078
VIB/BTC,1607665844205,2020-12-11T05:50:44.205Z,buy,1.1e-06,29096.0,0.0320056
VIB/BTC,1607665860971,2020-12-11T05:51:00.971Z,sell,1.08e-06,29067.0,0.03139236
VIB/BTC,1607665862341,2020-12-11T05:51:02.341Z,buy,1.1e-06,98.0,0.0001078
VIB/BTC,1607665940365,2020-12-11T05:52:20.365Z,buy,1.1e-06,1447.0,0.0015917
VIB/BTC,1607665941839,2020-12-11T05:52:21.839Z,buy,1.1e-06,7824.0,0.0086064
VIB/BTC,1607665979805,2020-12-11T05:52:59.805Z,buy,1.1e-06,4900.0,0.00539
VIB/BTC,1607665992856,2020-12-11T05:53:12.856Z,buy,1.1e-06,22438.0,0.0246818
VIB/BTC,1607666007615,2020-12-11T05:53:27.615Z,buy,1.1e-06,41091.0,0.0452001
VIB/BTC,1607666007628,2020-12-11T05:53:27.628Z,sell,1.1e-06,826.0,0.0009086
VIB/BTC,1607666007629,2020-12-11T05:53:27.629Z,sell,1.1e-06,137.0,0.0001507
VIB/BTC,1607666014053,2020-12-11T05:53:34.053Z,buy,1.11e-06,100.0,0.000111
VIB/BTC,1607666017687,2020-12-11T05:53:37.687Z,sell,1.1e-06,2654.0,0.0029194
VIB/BTC,1607666019175,2020-12-11T05:53:39.175Z,sell,1.1e-06,92.0,0.0001012
VIB/BTC,1607666026320,2020-12-11T05:53:46.320Z,buy,1.11e-06,98.0,0.00010878
VIB/BTC,1607666039017,2020-12-11T05:53:59.017Z,sell,1.1e-06,500.0,0.00055
VIB/BTC,1607666047089,2020-12-11T05:54:07.089Z,sell,1.1e-06,400.0,0.00044
VIB/BTC,1607666051152,2020-12-11T05:54:11.152Z,buy,1.11e-06,99.0,0.0001098899999999
VIB/BTC,1607666056969,2020-12-11T05:54:16.969Z,buy,1.11e-06,552.0,0.00061272
VIB/BTC,1607666060238,2020-12-11T05:54:20.238Z,buy,1.11e-06,31.0,3.441e-05
VIB/BTC,1607666070654,2020-12-11T05:54:30.654Z,sell,1.1e-06,4754.0,0.0052294
VIB/BTC,1607666073425,2020-12-11T05:54:33.425Z,buy,1.11e-06,98.0,0.00010878
VIB/BTC,1607666083334,2020-12-11T05:54:43.334Z,sell,1.1e-06,7921.0,0.0087131
VIB/BTC,1607666084887,2020-12-11T05:54:44.887Z,buy,1.11e-06,99.0,0.0001098899999999
VIB/BTC,1607666091802,2020-12-11T05:54:51.802Z,buy,1.11e-06,32.0,3.552e-05
VIB/BTC,1607666120192,2020-12-11T05:55:20.192Z,buy,1.11e-06,1006.0,0.00111666
VIB/BTC,1607666147362,2020-12-11T05:55:47.362Z,sell,1.1e-06,3163.0,0.0034793
VIB/BTC,1607666149118,2020-12-11T05:55:49.118Z,buy,1.11e-06,100.0,0.000111
VIB/BTC,1607666160754,2020-12-11T05:56:00.754Z,sell,1.1e-06,100.0,0.00011
VIB/BTC,1607666168209,2020-12-11T05:56:08.209Z,sell,1.1e-06,400.0,0.00044
VIB/BTC,1607666171845,2020-12-11T05:56:11.845Z,buy,1.11e-06,99.0,0.0001098899999999
VIB/BTC,1607666190842,2020-12-11T05:56:30.842Z,buy,1.11e-06,5040.0,0.0055943999999999
VIB/BTC,1607666214676,2020-12-11T05:56:54.676Z,buy,1.11e-06,1432.0,0.0015895199999999
VIB/BTC,1607666217062,2020-12-11T05:56:57.062Z,buy,1.11e-06,109.0,0.0001209899999999
VIB/BTC,1607666245422,2020-12-11T05:57:25.422Z,buy,1.11e-06,24357.0,0.0270362699999999
VIB/BTC,1607666273859,2020-12-11T05:57:53.859Z,sell,1.1e-06,866.0,0.0009526
VIB/BTC,1607666275970,2020-12-11T05:57:55.970Z,buy,1.11e-06,98.0,0.00010878
VIB/BTC,1607666300143,2020-12-11T05:58:20.143Z,sell,1.1e-06,872.0,0.0009592
VIB/BTC,1607666310242,2020-12-11T05:58:30.242Z,buy,1.11e-06,99.0,0.0001098899999999
VIB/BTC,1607666310242,2020-12-11T05:58:30.242Z,buy,1.11e-06,99.0,0.0001098899999999
VIB/BTC,1607666394919,2020-12-11T05:59:54.919Z,buy,1.11e-06,8588.0,0.00953268
VIB/BTC,1607666415465,2020-12-11T06:00:15.465Z,sell,1.1e-06,931.0,0.0010241
VIB/BTC,1607666421696,2020-12-11T06:00:21.696Z,buy,1.1e-06,439.0,0.0004829
VIB/BTC,1607666421804,2020-12-11T06:00:21.804Z,buy,1.1e-06,198.0,0.0002178
VIB/BTC,1607666422429,2020-12-11T06:00:22.429Z,buy,1.1e-06,549.0,0.0006039
VIB/BTC,1607666422503,2020-12-11T06:00:22.503Z,buy,1.1e-06,343.0,0.0003773
VIB/BTC,1607666422694,2020-12-11T06:00:22.694Z,buy,1.1e-06,1108.0,0.0012188
VIB/BTC,1607666425335,2020-12-11T06:00:25.335Z,buy,1.1e-06,581.0,0.0006391
VIB/BTC,1607666426467,2020-12-11T06:00:26.467Z,buy,1.1e-06,434.0,0.0004774
VIB/BTC,1607666448460,2020-12-11T06:00:48.460Z,buy,1.1e-06,1687.0,0.0018557
VIB/BTC,1607666516302,2020-12-11T06:01:56.302Z,buy,1.1e-06,100.0,0.00011
VIB/BTC,1607666615467,2020-12-11T06:03:35.467Z,sell,1.09e-06,2273.0,0.0024775699999999
VIB/BTC,1607666615467,2020-12-11T06:03:35.467Z,sell,1.09e-06,2034.0,0.00221706
VIB/BTC,1607666615467,2020-12-11T06:03:35.467Z,sell,1.08e-06,13348.0,0.01441584
VIB/BTC,1607666618888,2020-12-11T06:03:38.888Z,buy,1.09e-06,100.0,0.0001089999999999
VIB/BTC,1607666639873,2020-12-11T06:03:59.873Z,sell,1.08e-06,2879.0,0.00310932
VIB/BTC,1607666641437,2020-12-11T06:04:01.437Z,sell,1.08e-06,114828.0,0.12401424
VIB/BTC,1607666648200,2020-12-11T06:04:08.200Z,buy,1.08e-06,215.0,0.0002322
VIB/BTC,1607666662111,2020-12-11T06:04:22.111Z,sell,1.07e-06,540.0,0.0005778
VIB/BTC,1607666688016,2020-12-11T06:04:48.016Z,buy,1.08e-06,98.0,0.00010584
VIB/BTC,1607666754117,2020-12-11T06:05:54.117Z,buy,1.08e-06,4703.0,0.00507924
VIB/BTC,1607666770619,2020-12-11T06:06:10.619Z,sell,1.07e-06,80000.0,0.0856
VIB/BTC,1607666770785,2020-12-11T06:06:10.785Z,sell,1.07e-06,126.0,0.00013482
VIB/BTC,1607666780712,2020-12-11T06:06:20.712Z,buy,1.08e-06,98.0,0.00010584
VIB/BTC,1607666782557,2020-12-11T06:06:22.557Z,buy,1.08e-06,865.0,0.0009342
VIB/BTC,1607666784575,2020-12-11T06:06:24.575Z,sell,1.07e-06,120.0,0.0001283999999999
VIB/BTC,1607666789528,2020-12-11T06:06:29.528Z,buy,1.08e-06,98.0,0.00010584
VIB/BTC,1607666796730,2020-12-11T06:06:36.730Z,buy,1.08e-06,850.0,0.000918
VIB/BTC,1607666842226,2020-12-11T06:07:22.226Z,sell,1.07e-06,39331.0,0.04208417
VIB/BTC,1607666842232,2020-12-11T06:07:22.232Z,buy,1.07e-06,4921.0,0.0052654699999999
VIB/BTC,1607666842235,2020-12-11T06:07:22.235Z,buy,1.07e-06,1052.0,0.00112564
VIB/BTC,1607666842239,2020-12-11T06:07:22.239Z,buy,1.07e-06,4921.0,0.0052654699999999
VIB/BTC,1607666888616,2020-12-11T06:08:08.616Z,buy,1.07e-06,105.0,0.00011235
VIB/BTC,1607666953179,2020-12-11T06:09:13.179Z,sell,1.06e-06,5996.0,0.00635576
VIB/BTC,1607666953192,2020-12-11T06:09:13.192Z,buy,1.06e-06,314.0,0.00033284
VIB/BTC,1607666971705,2020-12-11T06:09:31.705Z,sell,1.05e-06,1004.0,0.0010542
VIB/BTC,1607666979715,2020-12-11T06:09:39.715Z,buy,1.06e-06,895.0,0.0009487
VIB/BTC,1607666996359,2020-12-11T06:09:56.359Z,buy,1.06e-06,14430.0,0.0152958
VIB/BTC,1607666999527,2020-12-11T06:09:59.527Z,buy,1.06e-06,23705.0,0.0251273
VIB/BTC,1607667005047,2020-12-11T06:10:05.047Z,buy,1.06e-06,3390.0,0.0035934
VIB/BTC,1607667022573,2020-12-11T06:10:22.573Z,buy,1.06e-06,12034.0,0.01275604
VIB/BTC,1607667023354,2020-12-11T06:10:23.354Z,sell,1.06e-06,4913.0,0.00520778
VIB/BTC,1607667135014,2020-12-11T06:12:15.014Z,buy,1.07e-06,98.0,0.00010486
VIB/BTC,1607667143776,2020-12-11T06:12:23.776Z,sell,1.06e-06,420.0,0.0004452
VIB/BTC,1607667145043,2020-12-11T06:12:25.043Z,buy,1.06e-06,9135.0,0.0096831
VIB/BTC,1607667145043,2020-12-11T06:12:25.043Z,buy,1.07e-06,2939.0,0.0031447299999999
VIB/BTC,1607667192133,2020-12-11T06:13:12.133Z,sell,1.06e-06,5034.0,0.00533604
VIB/BTC,1607667323736,2020-12-11T06:15:23.736Z,buy,1.07e-06,98.0,0.00010486
VIB/BTC,1607667324407,2020-12-11T06:15:24.407Z,buy,1.07e-06,33.0,3.531e-05
VIB/BTC,1607667362301,2020-12-11T06:16:02.301Z,buy,1.07e-06,372.0,0.0003980399999999
VIB/BTC,1607667393016,2020-12-11T06:16:33.016Z,buy,1.07e-06,18429.0,0.01971903
VIB/BTC,1607667421816,2020-12-11T06:17:01.816Z,sell,1.06e-06,70193.0,0.07440458
VIB/BTC,1607667421816,2020-12-11T06:17:01.816Z,sell,1.05e-06,110127.0,0.11563335
VIB/BTC,1607667421816,2020-12-11T06:17:01.816Z,sell,1.04e-06,162637.0,0.16914248
VIB/BTC,1607667421816,2020-12-11T06:17:01.816Z,sell,1.03e-06,299868.0,0.30886404
VIB/BTC,1607667421816,2020-12-11T06:17:01.816Z,sell,1.02e-06,339104.0,0.34588608
VIB/BTC,1607667421816,2020-12-11T06:17:01.816Z,sell,1.01e-06,335114.0,0.33846514
VIB/BTC,1607667421816,2020-12-11T06:17:01.816Z,sell,1e-06,219850.0,0.21985
VIB/BTC,1607667421826,2020-12-11T06:17:01.826Z,buy,1e-06,22203.0,0.022203
VIB/BTC,1607667421827,2020-12-11T06:17:01.827Z,buy,1e-06,1097.0,0.0010969999999999
VIB/BTC,1607667421918,2020-12-11T06:17:01.918Z,sell,1.01e-06,5223.0,0.00527523
VIB/BTC,1607667421918,2020-12-11T06:17:01.918Z,sell,9.9e-07,8098.0,0.00801702
VIB/BTC,1607667421918,2020-12-11T06:17:01.918Z,sell,9.8e-07,3012.0,0.00295176
VIB/BTC,1607667421918,2020-12-11T06:17:01.918Z,sell,9.8e-07,1532.0,0.00150136
VIB/BTC,1607667421918,2020-12-11T06:17:01.918Z,sell,9.8e-07,38501.0,0.03773098
VIB/BTC,1607667421918,2020-12-11T06:17:01.918Z,sell,9.7e-07,12443.0,0.01206971
VIB/BTC,1607667421962,2020-12-11T06:17:01.962Z,buy,1.01e-06,1097.0,0.00110797
VIB/BTC,1607667421962,2020-12-11T06:17:01.962Z,buy,1.01e-06,1097.0,0.00110797
VIB/BTC,1607667421962,2020-12-11T06:17:01.962Z,buy,1.01e-06,1097.0,0.00110797
VIB/BTC,1607667421966,2020-12-11T06:17:01.966Z,buy,1.01e-06,1097.0,0.00110797
VIB/BTC,1607667421966,2020-12-11T06:17:01.966Z,buy,1.01e-06,1097.0,0.00110797
VIB/BTC,1607667421966,2020-12-11T06:17:01.966Z,buy,1.01e-06,1097.0,0.00110797
VIB/BTC,1607667421966,2020-12-11T06:17:01.966Z,buy,1.01e-06,1097.0,0.00110797
VIB/BTC,1607667421971,2020-12-11T06:17:01.971Z,buy,1.01e-06,23670.0,0.0239067
VIB/BTC,1607667421971,2020-12-11T06:17:01.971Z,buy,1.02e-06,56471.0,0.05760042
VIB/BTC,1607667421971,2020-12-11T06:17:01.971Z,buy,1.03e-06,34952.0,0.03600056
VIB/BTC,1607667422006,2020-12-11T06:17:02.006Z,sell,1.04e-06,38580.0,0.0401232
VIB/BTC,1607667422006,2020-12-11T06:17:02.006Z,sell,9.8e-07,61557.0,0.0603258599999999
VIB/BTC,1607667422090,2020-12-11T06:17:02.090Z,buy,1.01e-06,1247.0,0.00125947
VIB/BTC,1607667422149,2020-12-11T06:17:02.149Z,buy,1.01e-06,2936.0,0.00296536
VIB/BTC,1607667422154,2020-12-11T06:17:02.154Z,buy,1.01e-06,1588.0,0.00160388
VIB/BTC,1607667422244,2020-12-11T06:17:02.244Z,buy,1.01e-06,593.0,0.00059893
VIB/BTC,1607667422285,2020-12-11T06:17:02.285Z,buy,1.01e-06,12848.0,0.01297648
VIB/BTC,1607667422524,2020-12-11T06:17:02.524Z,buy,1.01e-06,1470.0,0.0014847
VIB/BTC,1607667422774,2020-12-11T06:17:02.774Z,buy,1.01e-06,970.0,0.0009797
VIB/BTC,1607667423365,2020-12-11T06:17:03.365Z,buy,1.01e-06,455.0,0.00045955
VIB/BTC,1607667423378,2020-12-11T06:17:03.378Z,sell,1e-06,479.0,0.000479
VIB/BTC,1607667423432,2020-12-11T06:17:03.432Z,buy,1.01e-06,7341.0,0.00741441
VIB/BTC,1607667423583,2020-12-11T06:17:03.583Z,buy,1.01e-06,7341.0,0.00741441
VIB/BTC,1607667423692,2020-12-11T06:17:03.692Z,sell,1e-06,1061.0,0.0010609999999999
VIB/BTC,1607667423956,2020-12-11T06:17:03.956Z,sell,1e-06,1068.0,0.001068
VIB/BTC,1607667424222,2020-12-11T06:17:04.222Z,sell,1e-06,1048.0,0.0010479999999999
VIB/BTC,1607667424240,2020-12-11T06:17:04.240Z,buy,1.01e-06,970.0,0.0009797
VIB/BTC,1607667424889,2020-12-11T06:17:04.889Z,buy,1.01e-06,13742.0,0.01387942
VIB/BTC,1607667424907,2020-12-11T06:17:04.907Z,sell,1e-06,17702.0,0.017702
VIB/BTC,1607667424923,2020-12-11T06:17:04.923Z,buy,1e-06,333.0,0.0003329999999999
VIB/BTC,1607667424943,2020-12-11T06:17:04.943Z,buy,1e-06,333.0,0.0003329999999999
VIB/BTC,1607667425099,2020-12-11T06:17:05.099Z,buy,1e-06,350.0,0.00035
VIB/BTC,1607667425110,2020-12-11T06:17:05.110Z,buy,1e-06,3878.0,0.003878
VIB/BTC,1607667425287,2020-12-11T06:17:05.287Z,buy,1e-06,24779.0,0.024779
VIB/BTC,1607667425288,2020-12-11T06:17:05.288Z,buy,1e-06,2994.0,0.0029939999999999
VIB/BTC,1607667425433,2020-12-11T06:17:05.433Z,sell,9.9e-07,266.0,0.00026334
VIB/BTC,1607667425886,2020-12-11T06:17:05.886Z,sell,9.9e-07,249.0,0.00024651
VIB/BTC,1607667425899,2020-12-11T06:17:05.899Z,buy,1e-06,350.0,0.00035
VIB/BTC,1607667426183,2020-12-11T06:17:06.183Z,buy,1e-06,19396.0,0.019396
VIB/BTC,1607667426368,2020-12-11T06:17:06.368Z,buy,1e-06,400.0,0.0003999999999999
VIB/BTC,1607667426855,2020-12-11T06:17:06.855Z,buy,1e-06,400.0,0.0003999999999999
VIB/BTC,1607667427106,2020-12-11T06:17:07.106Z,sell,9.9e-07,5535.0,0.00547965
VIB/BTC,1607667432695,2020-12-11T06:17:12.695Z,buy,1.01e-06,9886.0,0.00998486
VIB/BTC,1607667434471,2020-12-11T06:17:14.471Z,buy,1.01e-06,41685.0,0.04210185
VIB/BTC,1607667435025,2020-12-11T06:17:15.025Z,sell,1.01e-06,1000.0,0.00101
VIB/BTC,1607667435242,2020-12-11T06:17:15.242Z,sell,1.01e-06,5544.0,0.00559944
VIB/BTC,1607667436032,2020-12-11T06:17:16.032Z,sell,1.01e-06,1010.0,0.0010201
VIB/BTC,1607667436842,2020-12-11T06:17:16.842Z,buy,1.02e-06,17409.0,0.01775718
VIB/BTC,1607667437039,2020-12-11T06:17:17.039Z,sell,1.01e-06,1020.0,0.0010302
VIB/BTC,1607667438981,2020-12-11T06:17:18.981Z,sell,1.01e-06,2816.0,0.00284416
VIB/BTC,1607667440532,2020-12-11T06:17:20.532Z,sell,1.01e-06,18410.0,0.0185941
VIB/BTC,1607667441210,2020-12-11T06:17:21.210Z,sell,1e-06,4792.0,0.0047919999999999
VIB/BTC,1607667443959,2020-12-11T06:17:23.959Z,sell,1.01e-06,19818.0,0.02001618
VIB/BTC,1607667446041,2020-12-11T06:17:26.041Z,buy,1.01e-06,81294.0,0.08210694
VIB/BTC,1607667447857,2020-12-11T06:17:27.857Z,buy,1.01e-06,3421.0,0.00345521
VIB/BTC,1607667461747,2020-12-11T06:17:41.747Z,buy,1.01e-06,8655.0,0.00874155
VIB/BTC,1607667461756,2020-12-11T06:17:41.756Z,sell,1.01e-06,2992.0,0.00302192
VIB/BTC,1607667461767,2020-12-11T06:17:41.767Z,sell,1.01e-06,197.0,0.00019897
VIB/BTC,1607667461771,2020-12-11T06:17:41.771Z,sell,1.01e-06,104.0,0.00010504
VIB/BTC,1607667462805,2020-12-11T06:17:42.805Z,buy,1.01e-06,797.0,0.00080497
VIB/BTC,1607667466891,2020-12-11T06:17:46.891Z,buy,1.01e-06,1575.0,0.00159075
VIB/BTC,1607667466951,2020-12-11T06:17:46.951Z,sell,1.01e-06,876.0,0.00088476
VIB/BTC,1607667466958,2020-12-11T06:17:46.958Z,sell,1.01e-06,895.0,0.00090395
VIB/BTC,1607667466960,2020-12-11T06:17:46.960Z,sell,1.01e-06,1793.0,0.00181093
VIB/BTC,1607667467729,2020-12-11T06:17:47.729Z,buy,1.02e-06,17699.0,0.01805298
VIB/BTC,1607667468348,2020-12-11T06:17:48.348Z,buy,1.02e-06,4121.0,0.00420342
VIB/BTC,1607667468356,2020-12-11T06:17:48.356Z,buy,1.02e-06,134.0,0.00013668
VIB/BTC,1607667474660,2020-12-11T06:17:54.660Z,sell,1.01e-06,4792.0,0.00483992
VIB/BTC,1607667481899,2020-12-11T06:18:01.899Z,sell,1.01e-06,4664.0,0.00471064
VIB/BTC,1607667494985,2020-12-11T06:18:14.985Z,sell,1.01e-06,400.0,0.000404
VIB/BTC,1607667498905,2020-12-11T06:18:18.905Z,buy,1.02e-06,99.0,0.00010098
VIB/BTC,1607667512488,2020-12-11T06:18:32.488Z,buy,1.02e-06,965.0,0.0009843
VIB/BTC,1607667515717,2020-12-11T06:18:35.717Z,sell,1.01e-06,2616.0,0.00264216
VIB/BTC,1607667518020,2020-12-11T06:18:38.020Z,sell,1.01e-06,4574.0,0.00461974
VIB/BTC,1607667523026,2020-12-11T06:18:43.026Z,buy,1.02e-06,21820.0,0.0222564
VIB/BTC,1607667523634,2020-12-11T06:18:43.634Z,sell,1.01e-06,158653.0,0.16023953
VIB/BTC,1607667523634,2020-12-11T06:18:43.634Z,sell,1e-06,101196.0,0.101196
VIB/BTC,1607667526376,2020-12-11T06:18:46.376Z,buy,1.01e-06,99.0,9.999e-05
VIB/BTC,1607667530485,2020-12-11T06:18:50.485Z,sell,1e-06,80713.0,0.080713
VIB/BTC,1607667530492,2020-12-11T06:18:50.492Z,buy,1e-06,25170.0,0.0251699999999999
VIB/BTC,1607667530499,2020-12-11T06:18:50.499Z,buy,1e-06,5627.0,0.005627
VIB/BTC,1607667530501,2020-12-11T06:18:50.501Z,buy,1e-06,4428.0,0.004428
VIB/BTC,1607667530504,2020-12-11T06:18:50.504Z,buy,1e-06,13987.0,0.013987
VIB/BTC,1607667533634,2020-12-11T06:18:53.634Z,buy,1.01e-06,14693.0,0.01483993
VIB/BTC,1607667537447,2020-12-11T06:18:57.447Z,buy,1.01e-06,29703.0,0.03000003
VIB/BTC,1607667542645,2020-12-11T06:19:02.645Z,sell,9.9e-07,10126.0,0.01002474
VIB/BTC,1607667542645,2020-12-11T06:19:02.645Z,sell,9.9e-07,176.0,0.00017424
VIB/BTC,1607667542939,2020-12-11T06:19:02.939Z,buy,1e-06,1062.0,0.001062
VIB/BTC,1607667557636,2020-12-11T06:19:17.636Z,buy,1e-06,842.0,0.000842
VIB/BTC,1607667558111,2020-12-11T06:19:18.111Z,buy,1e-06,11002.0,0.011002
VIB/BTC,1607667558192,2020-12-11T06:19:18.192Z,buy,1e-06,2829.0,0.002829
VIB/BTC,1607667559501,2020-12-11T06:19:19.501Z,buy,1.01e-06,2649.0,0.00267549
VIB/BTC,1607667560931,2020-12-11T06:19:20.931Z,buy,1.01e-06,10285.0,0.01038785
VIB/BTC,1607667574698,2020-12-11T06:19:34.698Z,buy,1.01e-06,101.0,0.00010201
VIB/BTC,1607667605856,2020-12-11T06:20:05.856Z,buy,1.01e-06,122.0,0.00012322
VIB/BTC,1607667609312,2020-12-11T06:20:09.312Z,sell,1e-06,95260.0,0.09526
VIB/BTC,1607667647649,2020-12-11T06:20:47.649Z,buy,1e-06,70235.0,0.0702349999999999
VIB/BTC,1607667649078,2020-12-11T06:20:49.078Z,sell,9.9e-07,12061.0,0.01194039
VIB/BTC,1607667652621,2020-12-11T06:20:52.621Z,buy,1e-06,3758.0,0.0037579999999999
VIB/BTC,1607667664496,2020-12-11T06:21:04.496Z,buy,1e-06,3096.0,0.003096
VIB/BTC,1607667664774,2020-12-11T06:21:04.774Z,buy,1e-06,101.0,0.000101
VIB/BTC,1607667665913,2020-12-11T06:21:05.913Z,buy,1e-06,3238.0,0.003238
VIB/BTC,1607667668386,2020-12-11T06:21:08.386Z,buy,1e-06,17140.0,0.01714
VIB/BTC,1607667668388,2020-12-11T06:21:08.388Z,buy,1e-06,1214.0,0.001214
VIB/BTC,1607667668389,2020-12-11T06:21:08.389Z,buy,1e-06,14434.0,0.0144339999999999
VIB/BTC,1607667668390,2020-12-11T06:21:08.390Z,buy,1e-06,5627.0,0.005627
VIB/BTC,1607667668397,2020-12-11T06:21:08.397Z,buy,1e-06,12930.0,0.0129299999999999
VIB/BTC,1607667670648,2020-12-11T06:21:10.648Z,buy,1e-06,924.0,0.0009239999999999
VIB/BTC,1607667676570,2020-12-11T06:21:16.570Z,buy,1e-06,819.0,0.000819
VIB/BTC,1607667676851,2020-12-11T06:21:16.851Z,buy,1e-06,99.0,9.9e-05
VIB/BTC,1607667677702,2020-12-11T06:21:17.702Z,sell,1e-06,22471.0,0.0224709999999999
VIB/BTC,1607667678125,2020-12-11T06:21:18.125Z,sell,1e-06,3015.0,0.003015
VIB/BTC,1607667678489,2020-12-11T06:21:18.489Z,buy,1.01e-06,101.0,0.00010201
VIB/BTC,1607667681114,2020-12-11T06:21:21.114Z,sell,1e-06,24055.0,0.024055
VIB/BTC,1607667687529,2020-12-11T06:21:27.529Z,buy,1e-06,2114.0,0.002114
VIB/BTC,1607667721214,2020-12-11T06:22:01.214Z,buy,1e-06,6313.0,0.006313
VIB/BTC,1607667731739,2020-12-11T06:22:11.739Z,buy,1.01e-06,101.0,0.00010201
VIB/BTC,1607667740110,2020-12-11T06:22:20.110Z,buy,1.01e-06,34.0,3.434e-05
VIB/BTC,1607667769120,2020-12-11T06:22:49.120Z,buy,1.01e-06,260.0,0.0002626
VIB/BTC,1607667860924,2020-12-11T06:24:20.924Z,buy,1.01e-06,460.0,0.0004646
VIB/BTC,1607667872276,2020-12-11T06:24:32.276Z,sell,1e-06,1685.0,0.0016849999999999
VIB/BTC,1607667874524,2020-12-11T06:24:34.524Z,buy,1.01e-06,100.0,0.000101
VIB/BTC,1607667914557,2020-12-11T06:25:14.557Z,sell,1e-06,2520.0,0.0025199999999999
VIB/BTC,1607667941484,2020-12-11T06:25:41.484Z,sell,1e-06,400.0,0.0003999999999999
VIB/BTC,1607667949763,2020-12-11T06:25:49.763Z,buy,1.01e-06,100.0,0.000101
VIB/BTC,1607668025229,2020-12-11T06:27:05.229Z,buy,1.01e-06,91398.0,0.09231198
VIB/BTC,1607668047595,2020-12-11T06:27:27.595Z,buy,1.01e-06,2864.0,0.00289264
VIB/BTC,1607668061302,2020-12-11T06:27:41.302Z,buy,1.01e-06,3959.0,0.00399859
VIB/BTC,1607668066009,2020-12-11T06:27:46.009Z,buy,1.01e-06,23847.0,0.02408547
VIB/BTC,1607668082242,2020-12-11T06:28:02.242Z,buy,1.01e-06,748.0,0.00075548
VIB/BTC,1607668132707,2020-12-11T06:28:52.707Z,buy,1.01e-06,8574.0,0.00865974
VIB/BTC,1607668173754,2020-12-11T06:29:33.754Z,buy,1.01e-06,5173.0,0.00522473
VIB/BTC,1607668404969,2020-12-11T06:33:24.969Z,buy,1.01e-06,767.0,0.00077467
VIB/BTC,1607668421800,2020-12-11T06:33:41.800Z,sell,1e-06,950.0,0.00095
VIB/BTC,1607668443346,2020-12-11T06:34:03.346Z,buy,1.01e-06,177.0,0.00017877
VIB/BTC,1607668445509,2020-12-11T06:34:05.509Z,buy,1.01e-06,27103.0,0.02737403
VIB/BTC,1607668445510,2020-12-11T06:34:05.510Z,buy,1.01e-06,100.0,0.000101
VIB/BTC,1607668469879,2020-12-11T06:34:29.879Z,buy,1.01e-06,1548.0,0.00156348
VIB/BTC,1607668471324,2020-12-11T06:34:31.324Z,buy,1.02e-06,99.0,0.00010098
VIB/BTC,1607668476147,2020-12-11T06:34:36.147Z,sell,1.01e-06,2495.0,0.00251995
VIB/BTC,1607668612193,2020-12-11T06:36:52.193Z,buy,1.01e-06,294.0,0.00029694
VIB/BTC,1607668618603,2020-12-11T06:36:58.603Z,sell,1.01e-06,400.0,0.000404
VIB/BTC,1607668622062,2020-12-11T06:37:02.062Z,buy,1.02e-06,122.0,0.00012444
VIB/BTC,1607668622333,2020-12-11T06:37:02.333Z,sell,1.01e-06,2131.0,0.00215231
VIB/BTC,1607668626159,2020-12-11T06:37:06.159Z,buy,1.02e-06,100.0,0.000102
VIB/BTC,1607668639717,2020-12-11T06:37:19.717Z,buy,1.02e-06,9803.0,0.00999906
VIB/BTC,1607668654320,2020-12-11T06:37:34.320Z,buy,1.02e-06,22249.0,0.02269398
VIB/BTC,1607668665990,2020-12-11T06:37:45.990Z,buy,1.02e-06,7669.0,0.00782238
VIB/BTC,1607668666002,2020-12-11T06:37:46.002Z,sell,1.02e-06,2134.0,0.00217668
VIB/BTC,1607668667375,2020-12-11T06:37:47.375Z,buy,1.02e-06,100.0,0.000102
VIB/BTC,1607668688993,2020-12-11T06:38:08.993Z,buy,1.02e-06,100.0,0.000102
VIB/BTC,1607668743759,2020-12-11T06:39:03.759Z,sell,1.01e-06,400.0,0.000404
VIB/BTC,1607668747870,2020-12-11T06:39:07.870Z,buy,1.02e-06,1.0,1.02e-06
VIB/BTC,1607668747870,2020-12-11T06:39:07.870Z,buy,1.03e-06,113.0,0.00011639
VIB/BTC,1607668808758,2020-12-11T06:40:08.758Z,buy,1.03e-06,1148.0,0.00118244
VIB/BTC,1607668810014,2020-12-11T06:40:10.014Z,sell,1.02e-06,1038.0,0.00105876
VIB/BTC,1607668819574,2020-12-11T06:40:19.574Z,buy,1.03e-06,102.0,0.00010506
VIB/BTC,1607668831194,2020-12-11T06:40:31.194Z,buy,1.03e-06,1345.0,0.00138535
VIB/BTC,1607668882679,2020-12-11T06:41:22.679Z,buy,1.03e-06,34.0,3.502e-05
VIB/BTC,1607668883478,2020-12-11T06:41:23.478Z,sell,1.02e-06,109.0,0.00011118
VIB/BTC,1607668890669,2020-12-11T06:41:30.669Z,buy,1.03e-06,103.0,0.00010609
VIB/BTC,1607668961605,2020-12-11T06:42:41.605Z,buy,1.03e-06,35.0,3.605e-05
VIB/BTC,1607668963815,2020-12-11T06:42:43.815Z,sell,1.02e-06,118.0,0.0001203599999999
VIB/BTC,1607668985195,2020-12-11T06:43:05.195Z,buy,1.03e-06,140.0,0.0001442
VIB/BTC,1607669033156,2020-12-11T06:43:53.156Z,buy,1.03e-06,48325.0,0.04977475
VIB/BTC,1607669182141,2020-12-11T06:46:22.141Z,buy,1.03e-06,1425.0,0.00146775
VIB/BTC,1607669258919,2020-12-11T06:47:38.919Z,sell,1.02e-06,980.0,0.0009996
VIB/BTC,1607669262342,2020-12-11T06:47:42.342Z,sell,1.02e-06,400.0,0.000408
VIB/BTC,1607669269941,2020-12-11T06:47:49.941Z,buy,1.03e-06,99.0,0.00010197
VIB/BTC,1607669429911,2020-12-11T06:50:29.911Z,sell,1.02e-06,5591.0,0.00570282
VIB/BTC,1607669431636,2020-12-11T06:50:31.636Z,buy,1.03e-06,99.0,0.00010197
VIB/BTC,1607669472188,2020-12-11T06:51:12.188Z,buy,1.03e-06,1865.0,0.00192095
VIB/BTC,1607669559779,2020-12-11T06:52:39.779Z,sell,1.02e-06,16261.0,0.01658622
VIB/BTC,1607669588358,2020-12-11T06:53:08.358Z,buy,1.02e-06,99.0,0.00010098
VIB/BTC,1607669592876,2020-12-11T06:53:12.876Z,buy,1.02e-06,126.0,0.00012852
VIB/BTC,1607669668099,2020-12-11T06:54:28.099Z,buy,1.02e-06,407.0,0.00041514
VIB/BTC,1607669770678,2020-12-11T06:56:10.678Z,buy,1.02e-06,225.0,0.0002295
VIB/BTC,1607669878038,2020-12-11T06:57:58.038Z,buy,1.02e-06,818.0,0.00083436
VIB/BTC,1607669878038,2020-12-11T06:57:58.038Z,buy,1.02e-06,818.0,0.00083436
VIB/BTC,1607670043529,2020-12-11T07:00:43.529Z,sell,1.01e-06,62509.0,0.06313409
VIB/BTC,1607670043618,2020-12-11T07:00:43.618Z,buy,1.01e-06,334.0,0.00033734
VIB/BTC,1607670043723,2020-12-11T07:00:43.723Z,buy,1.01e-06,353.0,0.00035653
VIB/BTC,1607670058043,2020-12-11T07:00:58.043Z,buy,1.01e-06,190.0,0.0001919
VIB/BTC,1607670058043,2020-12-11T07:00:58.043Z,buy,1.02e-06,10.0,1.02e-05
VIB/BTC,1607670075693,2020-12-11T07:01:15.693Z,buy,1.01e-06,118.0,0.00011918
VIB/BTC,1607670076614,2020-12-11T07:01:16.614Z,buy,1.01e-06,281.0,0.00028381
VIB/BTC,1607670196528,2020-12-11T07:03:16.528Z,sell,1e-06,6736.0,0.006736
VIB/BTC,1607670196528,2020-12-11T07:03:16.528Z,sell,1e-06,7816.0,0.007816
VIB/BTC,1607670204903,2020-12-11T07:03:24.903Z,buy,1.01e-06,34.0,3.434e-05
VIB/BTC,1607670209339,2020-12-11T07:03:29.339Z,sell,1e-06,420.0,0.0004199999999999
VIB/BTC,1607670212959,2020-12-11T07:03:32.959Z,buy,1.01e-06,104.0,0.00010504
VIB/BTC,1607670251585,2020-12-11T07:04:11.585Z,sell,1e-06,31644.0,0.031644
VIB/BTC,1607670284861,2020-12-11T07:04:44.861Z,buy,1.01e-06,100.0,0.000101
VIB/BTC,1607670302634,2020-12-11T07:05:02.634Z,buy,1.01e-06,4200.0,0.004242
VIB/BTC,1607670373197,2020-12-11T07:06:13.197Z,buy,1.01e-06,29.0,2.929e-05
VIB/BTC,1607670512989,2020-12-11T07:08:32.989Z,buy,1.01e-06,262.0,0.00026462
VIB/BTC,1607670524468,2020-12-11T07:08:44.468Z,sell,1e-06,5168.0,0.005168
VIB/BTC,1607670531512,2020-12-11T07:08:51.512Z,buy,1.01e-06,106.0,0.00010706
VIB/BTC,1607670702300,2020-12-11T07:11:42.300Z,sell,1e-06,964.0,0.0009639999999999
VIB/BTC,1607670813213,2020-12-11T07:13:33.213Z,sell,1e-06,4698.0,0.004698
VIB/BTC,1607670886125,2020-12-11T07:14:46.125Z,sell,1e-06,75234.0,0.075234
VIB/BTC,1607670988716,2020-12-11T07:16:28.716Z,buy,1e-06,218.0,0.0002179999999999
VIB/BTC,1607671100975,2020-12-11T07:18:20.975Z,sell,9.9e-07,196341.0,0.19437759
VIB/BTC,1607671100988,2020-12-11T07:18:20.988Z,buy,9.9e-07,19871.0,0.01967229
VIB/BTC,1607671102419,2020-12-11T07:18:22.419Z,buy,9.9e-07,1111.0,0.00109989
VIB/BTC,1607671104035,2020-12-11T07:18:24.035Z,buy,9.9e-07,3093.0,0.00306207
VIB/BTC,1607671104090,2020-12-11T07:18:24.090Z,buy,9.9e-07,10716.0,0.01060884
VIB/BTC,1607671105171,2020-12-11T07:18:25.171Z,buy,9.9e-07,1111.0,0.00109989
VIB/BTC,1607671117131,2020-12-11T07:18:37.131Z,buy,9.9e-07,2499.0,0.00247401
VIB/BTC,1607671134526,2020-12-11T07:18:54.526Z,buy,9.9e-07,7484.0,0.00740916
VIB/BTC,1607671138368,2020-12-11T07:18:58.368Z,buy,9.9e-07,30303.0,0.02999997
VIB/BTC,1607671161103,2020-12-11T07:19:21.103Z,buy,9.9e-07,60085.0,0.05948415
VIB/BTC,1607671183788,2020-12-11T07:19:43.788Z,buy,9.9e-07,263.0,0.00026037
VIB/BTC,1607671207878,2020-12-11T07:20:07.878Z,buy,9.9e-07,102.0,0.00010098
VIB/BTC,1607671286893,2020-12-11T07:21:26.893Z,buy,9.9e-07,118.0,0.00011682
VIB/BTC,1607671312622,2020-12-11T07:21:52.622Z,buy,9.9e-07,48863.0,0.04837437
VIB/BTC,1607671426350,2020-12-11T07:23:46.350Z,sell,9.8e-07,41110.0,0.0402878
VIB/BTC,1607671426350,2020-12-11T07:23:46.350Z,sell,9.8e-07,39338.0,0.03855124
VIB/BTC,1607671426350,2020-12-11T07:23:46.350Z,sell,9.8e-07,27075.0,0.0265334999999999
VIB/BTC,1607671426814,2020-12-11T07:23:46.814Z,sell,9.8e-07,6502.0,0.0063719599999999
VIB/BTC,1607671448047,2020-12-11T07:24:08.047Z,sell,9.8e-07,48909.0,0.04793082
VIB/BTC,1607671452518,2020-12-11T07:24:12.518Z,sell,9.8e-07,50799.0,0.04978302
VIB/BTC,1607671452913,2020-12-11T07:24:12.913Z,buy,9.8e-07,555.0,0.0005438999999999
VIB/BTC,1607671453145,2020-12-11T07:24:13.145Z,buy,9.8e-07,6424.0,0.00629552
VIB/BTC,1607671453209,2020-12-11T07:24:13.209Z,buy,9.8e-07,2280.0,0.0022343999999999
VIB/BTC,1607671453747,2020-12-11T07:24:13.747Z,buy,9.9e-07,1203.0,0.00119097
VIB/BTC,1607671456303,2020-12-11T07:24:16.303Z,buy,9.9e-07,907.0,0.00089793
VIB/BTC,1607671462476,2020-12-11T07:24:22.476Z,sell,9.8e-07,797.0,0.00078106
VIB/BTC,1607671472124,2020-12-11T07:24:32.124Z,sell,9.8e-07,3226.0,0.00316148
VIB/BTC,1607671528307,2020-12-11T07:25:28.307Z,buy,9.8e-07,496.0,0.0004860799999999
VIB/BTC,1607671532479,2020-12-11T07:25:32.479Z,sell,9.7e-07,1849.0,0.00179353
VIB/BTC,1607671541756,2020-12-11T07:25:41.756Z,buy,9.8e-07,111.0,0.00010878
VIB/BTC,1607671555307,2020-12-11T07:25:55.307Z,sell,9.7e-07,2582.0,0.00250454
VIB/BTC,1607671565963,2020-12-11T07:26:05.963Z,sell,9.7e-07,420.0,0.0004074
VIB/BTC,1607671571922,2020-12-11T07:26:11.922Z,buy,9.8e-07,103.0,0.0001009399999999
VIB/BTC,1607671586715,2020-12-11T07:26:26.715Z,buy,9.8e-07,465.0,0.0004556999999999
VIB/BTC,1607671625796,2020-12-11T07:27:05.796Z,buy,9.8e-07,873.0,0.0008555399999999
VIB/BTC,1607671632457,2020-12-11T07:27:12.457Z,buy,9.8e-07,384.0,0.00037632
VIB/BTC,1607671649969,2020-12-11T07:27:29.969Z,buy,9.8e-07,586.0,0.0005742799999999
VIB/BTC,1607671717295,2020-12-11T07:28:37.295Z,buy,9.8e-07,2102.0,0.00205996
VIB/BTC,1607671717820,2020-12-11T07:28:37.820Z,buy,9.8e-07,897.0,0.00087906
VIB/BTC,1607671727215,2020-12-11T07:28:47.215Z,buy,9.8e-07,117.0,0.0001146599999999
VIB/BTC,1607671742811,2020-12-11T07:29:02.811Z,sell,9.7e-07,1463.0,0.00141911
VIB/BTC,1607671780416,2020-12-11T07:29:40.416Z,buy,9.8e-07,104.0,0.00010192
VIB/BTC,1607671814543,2020-12-11T07:30:14.543Z,buy,9.8e-07,36.0,3.528e-05
VIB/BTC,1607671837132,2020-12-11T07:30:37.132Z,buy,9.8e-07,30896.0,0.03027808
VIB/BTC,1607671865292,2020-12-11T07:31:05.292Z,buy,9.9e-07,5606.0,0.00554994
VIB/BTC,1607671882202,2020-12-11T07:31:22.202Z,buy,9.9e-07,4602.0,0.00455598
VIB/BTC,1607671887572,2020-12-11T07:31:27.572Z,buy,9.9e-07,5084.0,0.00503316
VIB/BTC,1607671890667,2020-12-11T07:31:30.667Z,buy,9.9e-07,5084.0,0.00503316
VIB/BTC,1607671893674,2020-12-11T07:31:33.674Z,buy,9.9e-07,5084.0,0.00503316
VIB/BTC,1607671894036,2020-12-11T07:31:34.036Z,buy,9.9e-07,5718.0,0.00566082
VIB/BTC,1607671919701,2020-12-11T07:31:59.701Z,sell,9.9e-07,4082.0,0.00404118
VIB/BTC,1607671943057,2020-12-11T07:32:23.057Z,sell,9.9e-07,17156.0,0.01698444
VIB/BTC,1607671957316,2020-12-11T07:32:37.316Z,sell,9.9e-07,3092.0,0.00306108
VIB/BTC,1607672023021,2020-12-11T07:33:43.021Z,buy,1e-06,103.0,0.000103
VIB/BTC,1607672035485,2020-12-11T07:33:55.485Z,buy,1e-06,11640.0,0.01164
VIB/BTC,1607672067585,2020-12-11T07:34:27.585Z,buy,1e-06,195.0,0.000195
VIB/BTC,1607672163159,2020-12-11T07:36:03.159Z,buy,1e-06,613.0,0.0006129999999999
VIB/BTC,1607672293056,2020-12-11T07:38:13.056Z,sell,9.9e-07,117.0,0.00011583
VIB/BTC,1607672300981,2020-12-11T07:38:20.981Z,buy,1e-06,101.0,0.000101
VIB/BTC,1607672464834,2020-12-11T07:41:04.834Z,buy,1e-06,4843.0,0.004843
VIB/BTC,1607672577742,2020-12-11T07:42:57.742Z,buy,1e-06,1500.0,0.0015
VIB/BTC,1607672664871,2020-12-11T07:44:24.871Z,buy,1e-06,27862.0,0.0278619999999999
VIB/BTC,1607672693801,2020-12-11T07:44:53.801Z,buy,1e-06,3058.0,0.003058
VIB/BTC,1607672717122,2020-12-11T07:45:17.122Z,buy,1e-06,9795.0,0.009795
VIB/BTC,1607672760608,2020-12-11T07:46:00.608Z,sell,9.9e-07,4838.0,0.00478962
VIB/BTC,1607672774333,2020-12-11T07:46:14.333Z,buy,1e-06,419.0,0.000419
VIB/BTC,1607672779665,2020-12-11T07:46:19.665Z,sell,9.9e-07,13936.0,0.01379664
VIB/BTC,1607672783716,2020-12-11T07:46:23.716Z,sell,9.9e-07,400.0,0.000396
VIB/BTC,1607672796128,2020-12-11T07:46:36.128Z,buy,1e-06,100.0,0.0001
VIB/BTC,1607672839485,2020-12-11T07:47:19.485Z,buy,1e-06,2549.0,0.002549
VIB/BTC,1607673231914,2020-12-11T07:53:51.914Z,buy,1e-06,5614.0,0.005614
VIB/BTC,1607673231914,2020-12-11T07:53:51.914Z,buy,1e-06,5614.0,0.005614
VIB/BTC,1607673596502,2020-12-11T07:59:56.502Z,buy,1e-06,5702.0,0.005702
VIB/BTC,1607673609593,2020-12-11T08:00:09.593Z,sell,9.9e-07,129.0,0.00012771
VIB/BTC,1607673645567,2020-12-11T08:00:45.567Z,buy,1e-06,100.0,0.0001
VIB/BTC,1607673745336,2020-12-11T08:02:25.336Z,buy,1e-06,718.0,0.000718
VIB/BTC,1607673770110,2020-12-11T08:02:50.110Z,buy,1e-06,3528.0,0.003528
VIB/BTC,1607673919068,2020-12-11T08:05:19.068Z,sell,9.9e-07,69895.0,0.06919605
VIB/BTC,1607673927226,2020-12-11T08:05:27.226Z,sell,9.9e-07,613.0,0.00060687
VIB/BTC,1607673931995,2020-12-11T08:05:31.995Z,buy,1e-06,100.0,0.0001
VIB/BTC,1607673958608,2020-12-11T08:05:58.608Z,sell,9.9e-07,225.0,0.00022275
VIB/BTC,1607673972860,2020-12-11T08:06:12.860Z,sell,9.9e-07,400.0,0.000396
VIB/BTC,1607673980186,2020-12-11T08:06:20.186Z,buy,1e-06,101.0,0.000101
VIB/BTC,1607674170052,2020-12-11T08:09:30.052Z,sell,9.9e-07,387.0,0.00038313
VIB/BTC,1607674259586,2020-12-11T08:10:59.586Z,buy,1e-06,101.0,0.000101
VIB/BTC,1607674293741,2020-12-11T08:11:33.741Z,sell,9.9e-07,1467.0,0.00145233
VIB/BTC,1607674331926,2020-12-11T08:12:11.926Z,buy,1e-06,102.0,0.000102
VIB/BTC,1607674476649,2020-12-11T08:14:36.649Z,buy,1e-06,1169.0,0.001169
VIB/BTC,1607674676722,2020-12-11T08:17:56.722Z,sell,9.9e-07,2064.0,0.00204336
VIB/BTC,1607674693875,2020-12-11T08:18:13.875Z,buy,1e-06,102.0,0.000102
VIB/BTC,1607675184259,2020-12-11T08:26:24.259Z,buy,1e-06,3289.0,0.003289
VIB/BTC,1607675213555,2020-12-11T08:26:53.555Z,buy,1e-06,92000.0,0.092
VIB/BTC,1607675223687,2020-12-11T08:27:03.687Z,buy,1e-06,104123.0,0.104123
VIB/BTC,1607675223693,2020-12-11T08:27:03.693Z,sell,1e-06,16456.0,0.016456
VIB/BTC,1607675223695,2020-12-11T08:27:03.695Z,sell,1e-06,14434.0,0.0144339999999999
VIB/BTC,1607675225850,2020-12-11T08:27:05.850Z,sell,1e-06,187.0,0.000187
VIB/BTC,1607675233256,2020-12-11T08:27:13.256Z,sell,1e-06,400.0,0.0003999999999999
VIB/BTC,1607675237718,2020-12-11T08:27:17.718Z,buy,1.01e-06,102.0,0.00010302
VIB/BTC,1607675241783,2020-12-11T08:27:21.783Z,buy,1.01e-06,34.0,3.434e-05
VIB/BTC,1607675245291,2020-12-11T08:27:25.291Z,buy,1.01e-06,152190.0,0.1537119
VIB/BTC,1607675249267,2020-12-11T08:27:29.267Z,buy,1.01e-06,7913.0,0.00799213
VIB/BTC,1607675277613,2020-12-11T08:27:57.613Z,buy,1.01e-06,4880.0,0.0049288
VIB/BTC,1607675280130,2020-12-11T08:28:00.130Z,buy,1.01e-06,2189.0,0.00221089
VIB/BTC,1607675406532,2020-12-11T08:30:06.532Z,buy,1.01e-06,3096.0,0.00312696
VIB/BTC,1607675408294,2020-12-11T08:30:08.294Z,buy,1.02e-06,102.0,0.00010404
VIB/BTC,1607675510509,2020-12-11T08:31:50.509Z,sell,1.01e-06,90560.0,0.0914656
VIB/BTC,1607675510668,2020-12-11T08:31:50.668Z,sell,1.01e-06,106.0,0.00010706
VIB/BTC,1607675511751,2020-12-11T08:31:51.751Z,sell,1.01e-06,102.0,0.00010302
VIB/BTC,1607675512758,2020-12-11T08:31:52.758Z,buy,1.02e-06,103.0,0.00010506
VIB/BTC,1607675561751,2020-12-11T08:32:41.751Z,buy,1.02e-06,14970.0,0.0152693999999999
VIB/BTC,1607675574355,2020-12-11T08:32:54.355Z,buy,1.02e-06,50000.0,0.051
VIB/BTC,1607675902463,2020-12-11T08:38:22.463Z,buy,1.02e-06,7656.0,0.00780912
VIB/BTC,1607676013663,2020-12-11T08:40:13.663Z,buy,1.02e-06,433702.0,0.4423760399999999
VIB/BTC,1607676016908,2020-12-11T08:40:16.908Z,buy,1.02e-06,172977.0,0.17643654
VIB/BTC,1607676024309,2020-12-11T08:40:24.309Z,buy,1.02e-06,225622.0,0.23013444
VIB/BTC,1607676026078,2020-12-11T08:40:26.078Z,buy,1.02e-06,312110.0,0.3183522
VIB/BTC,1607676029212,2020-12-11T08:40:29.212Z,buy,1.02e-06,100359.0,0.10236618
VIB/BTC,1607676038749,2020-12-11T08:40:38.749Z,buy,1.02e-06,249038.0,0.25401876
VIB/BTC,1607676040869,2020-12-11T08:40:40.869Z,buy,1.02e-06,148680.0,0.1516536
VIB/BTC,1607676042121,2020-12-11T08:40:42.121Z,buy,1.02e-06,282349.0,0.28799598
VIB/BTC,1607676043029,2020-12-11T08:40:43.029Z,buy,1.02e-06,115227.0,0.11753154
VIB/BTC,1607676043858,2020-12-11T08:40:43.858Z,buy,1.02e-06,80840.0,0.0824568
VIB/BTC,1607676043958,2020-12-11T08:40:43.958Z,sell,1.02e-06,12183.0,0.0124266599999999
VIB/BTC,1607676049098,2020-12-11T08:40:49.098Z,buy,1.03e-06,102.0,0.00010506
VIB/BTC,1607676098890,2020-12-11T08:41:38.890Z,buy,1.03e-06,5181.0,0.00533643
VIB/BTC,1607676107105,2020-12-11T08:41:47.105Z,buy,1.03e-06,486.0,0.00050058
VIB/BTC,1607676107134,2020-12-11T08:41:47.134Z,buy,1.03e-06,20941.0,0.02156923
VIB/BTC,1607676107135,2020-12-11T08:41:47.135Z,buy,1.03e-06,1263.0,0.00130089
VIB/BTC,1607676107197,2020-12-11T08:41:47.197Z,buy,1.03e-06,971.0,0.00100013
VIB/BTC,1607676107237,2020-12-11T08:41:47.237Z,buy,1.03e-06,971.0,0.00100013
VIB/BTC,1607676107335,2020-12-11T08:41:47.335Z,buy,1.03e-06,38835.0,0.04000005
VIB/BTC,1607676107556,2020-12-11T08:41:47.556Z,buy,1.03e-06,971.0,0.00100013
VIB/BTC,1607676217576,2020-12-11T08:43:37.576Z,sell,1.02e-06,13834.0,0.01411068
VIB/BTC,1607676220903,2020-12-11T08:43:40.903Z,sell,1.02e-06,400.0,0.000408
VIB/BTC,1607676224944,2020-12-11T08:43:44.944Z,buy,1.03e-06,115.0,0.00011845
VIB/BTC,1607676241806,2020-12-11T08:44:01.806Z,sell,1.02e-06,7035.0,0.0071757
VIB/BTC,1607676260447,2020-12-11T08:44:20.447Z,sell,1.02e-06,101060.0,0.1030812
VIB/BTC,1607676265456,2020-12-11T08:44:25.456Z,sell,1.02e-06,1259.0,0.00128418
VIB/BTC,1607676266929,2020-12-11T08:44:26.929Z,sell,1.02e-06,3775.0,0.0038504999999999
VIB/BTC,1607676267245,2020-12-11T08:44:27.245Z,buy,1.03e-06,102.0,0.00010506
VIB/BTC,1607676339435,2020-12-11T08:45:39.435Z,sell,1.02e-06,7550.0,0.0077009999999999
VIB/BTC,1607676362158,2020-12-11T08:46:02.158Z,buy,1.03e-06,102.0,0.00010506
VIB/BTC,1607676434593,2020-12-11T08:47:14.593Z,buy,1.03e-06,2500.0,0.002575
VIB/BTC,1607676453416,2020-12-11T08:47:33.416Z,buy,1.03e-06,13300.0,0.013699
VIB/BTC,1607676546628,2020-12-11T08:49:06.628Z,buy,1.03e-06,192.0,0.00019776
VIB/BTC,1607676546628,2020-12-11T08:49:06.628Z,buy,1.03e-06,192.0,0.00019776
VIB/BTC,1607676858460,2020-12-11T08:54:18.460Z,buy,1.03e-06,1473.0,0.00151719
VIB/BTC,1607676898824,2020-12-11T08:54:58.824Z,sell,1.02e-06,54673.0,0.05576646
VIB/BTC,1607676908397,2020-12-11T08:55:08.397Z,buy,1.02e-06,32.0,3.264e-05
VIB/BTC,1607676909680,2020-12-11T08:55:09.680Z,buy,1.02e-06,491.0,0.00050082
VIB/BTC,1607676986115,2020-12-11T08:56:26.115Z,buy,1.02e-06,116.0,0.0001183199999999
VIB/BTC,1607677103427,2020-12-11T08:58:23.427Z,buy,1.02e-06,2989.0,0.00304878
VIB/BTC,1607677117428,2020-12-11T08:58:37.428Z,buy,1.02e-06,19468.0,0.01985736
VIB/BTC,1607677121193,2020-12-11T08:58:41.193Z,sell,1.02e-06,25532.0,0.02604264
VIB/BTC,1607677125418,2020-12-11T08:58:45.418Z,buy,1.02e-06,2965.0,0.0030242999999999
VIB/BTC,1607677163585,2020-12-11T08:59:23.585Z,sell,1.01e-06,45324.0,0.04577724
VIB/BTC,1607677163585,2020-12-11T08:59:23.585Z,sell,1.01e-06,7551.0,0.00762651
VIB/BTC,1607677165656,2020-12-11T08:59:25.656Z,buy,1.02e-06,102.0,0.00010404
VIB/BTC,1607677166165,2020-12-11T08:59:26.165Z,sell,1.01e-06,176.0,0.00017776
VIB/BTC,1607677174874,2020-12-11T08:59:34.874Z,sell,1.01e-06,400.0,0.000404
VIB/BTC,1607677179771,2020-12-11T08:59:39.771Z,buy,1.02e-06,102.0,0.00010404
VIB/BTC,1607677213305,2020-12-11T09:00:13.305Z,buy,1.02e-06,102.0,0.00010404
VIB/BTC,1607677288700,2020-12-11T09:01:28.700Z,buy,1.02e-06,173933.0,0.17741166
VIB/BTC,1607677288812,2020-12-11T09:01:28.812Z,sell,1.02e-06,566706.0,0.5780401199999999
VIB/BTC,1607677302092,2020-12-11T09:01:42.092Z,buy,1.02e-06,11334.0,0.01156068
VIB/BTC,1607677307039,2020-12-11T09:01:47.039Z,buy,1.02e-06,17001.0,0.01734102
VIB/BTC,1607677335118,2020-12-11T09:02:15.118Z,buy,1.02e-06,2045.0,0.0020859
VIB/BTC,1607677340248,2020-12-11T09:02:20.248Z,buy,1.02e-06,1087.0,0.00110874
VIB/BTC,1607677345015,2020-12-11T09:02:25.015Z,buy,1.02e-06,2000.0,0.00204
VIB/BTC,1607677386442,2020-12-11T09:03:06.442Z,buy,1.02e-06,21939.0,0.02237778
VIB/BTC,1607677751295,2020-12-11T09:09:11.295Z,buy,1.02e-06,981.0,0.00100062
VIB/BTC,1607677996575,2020-12-11T09:13:16.575Z,sell,1.01e-06,10651.0,0.01075751
VIB/BTC,1607677996591,2020-12-11T09:13:16.591Z,buy,1.01e-06,1000.0,0.00101
VIB/BTC,1607678000696,2020-12-11T09:13:20.696Z,sell,1e-06,45605.0,0.045605
VIB/BTC,1607678002191,2020-12-11T09:13:22.191Z,buy,1.01e-06,102.0,0.00010302
VIB/BTC,1607678054090,2020-12-11T09:14:14.090Z,buy,1.01e-06,778.0,0.00078578
VIB/BTC,1607678064333,2020-12-11T09:14:24.333Z,sell,1e-06,98745.0,0.098745
VIB/BTC,1607678064343,2020-12-11T09:14:24.343Z,buy,1e-06,3658.0,0.003658
VIB/BTC,1607678064344,2020-12-11T09:14:24.344Z,buy,1e-06,17366.0,0.017366
VIB/BTC,1607678064345,2020-12-11T09:14:24.345Z,buy,1e-06,3642.0,0.003642
VIB/BTC,1607678064347,2020-12-11T09:14:24.347Z,buy,1e-06,13174.0,0.013174
VIB/BTC,1607678076048,2020-12-11T09:14:36.048Z,sell,1e-06,786.0,0.0007859999999999
VIB/BTC,1607678081630,2020-12-11T09:14:41.630Z,buy,1e-06,115.0,0.0001149999999999
VIB/BTC,1607678107987,2020-12-11T09:15:07.987Z,buy,1e-06,101.0,0.000101
VIB/BTC,1607678190201,2020-12-11T09:16:30.201Z,buy,1e-06,218.0,0.0002179999999999
VIB/BTC,1607678216323,2020-12-11T09:16:56.323Z,buy,1e-06,578040.0,0.57804
VIB/BTC,1607678238710,2020-12-11T09:17:18.710Z,buy,1e-06,43829.0,0.043829
VIB/BTC,1607678238862,2020-12-11T09:17:18.862Z,sell,1e-06,372359.0,0.372359
VIB/BTC,1607678260695,2020-12-11T09:17:40.695Z,buy,1e-06,29994.0,0.029994
VIB/BTC,1607678672293,2020-12-11T09:24:32.293Z,sell,9.9e-07,1020.0,0.0010098
VIB/BTC,1607678717131,2020-12-11T09:25:17.131Z,sell,9.9e-07,400.0,0.000396
VIB/BTC,1607678725098,2020-12-11T09:25:25.098Z,buy,1e-06,102.0,0.000102
VIB/BTC,1607679154539,2020-12-11T09:32:34.539Z,buy,1e-06,1416.0,0.001416
VIB/BTC,1607679168212,2020-12-11T09:32:48.212Z,buy,1.01e-06,102.0,0.00010302
VIB/BTC,1607679191192,2020-12-11T09:33:11.192Z,buy,1e-06,2016.0,0.002016
VIB/BTC,1607679203912,2020-12-11T09:33:23.912Z,buy,1.01e-06,102.0,0.00010302
VIB/BTC,1607679449629,2020-12-11T09:37:29.629Z,buy,1e-06,7332.0,0.007332
VIB/BTC,1607679812295,2020-12-11T09:43:32.295Z,sell,9.9e-07,8560.0,0.0084744
VIB/BTC,1607679918106,2020-12-11T09:45:18.106Z,sell,9.9e-07,2498.0,0.00247302
VIB/BTC,1607679939280,2020-12-11T09:45:39.280Z,buy,1e-06,37.0,3.7e-05
VIB/BTC,1607679944674,2020-12-11T09:45:44.674Z,buy,1e-06,29.0,2.9e-05
VIB/BTC,1607679944674,2020-12-11T09:45:44.674Z,buy,1e-06,29.0,2.9e-05
VIB/BTC,1607680966530,2020-12-11T10:02:46.530Z,sell,9.9e-07,13779.0,0.01364121
VIB/BTC,1607680966538,2020-12-11T10:02:46.538Z,sell,9.9e-07,8873.0,0.00878427
VIB/BTC,1607680980804,2020-12-11T10:03:00.804Z,sell,9.9e-07,14760.0,0.0146124
VIB/BTC,1607681008564,2020-12-11T10:03:28.564Z,buy,1e-06,102.0,0.000102
VIB/BTC,1607681041089,2020-12-11T10:04:01.089Z,buy,1e-06,1127.0,0.001127
VIB/BTC,1607681075882,2020-12-11T10:04:35.882Z,buy,1e-06,282.0,0.0002819999999999
VIB/BTC,1607681119017,2020-12-11T10:05:19.017Z,buy,1e-06,211.0,0.0002109999999999
VIB/BTC,1607681129555,2020-12-11T10:05:29.555Z,buy,1e-06,317.0,0.000317
VIB/BTC,1607681288121,2020-12-11T10:08:08.121Z,sell,9.9e-07,7906.0,0.00782694
VIB/BTC,1607681306396,2020-12-11T10:08:26.396Z,buy,1e-06,102.0,0.000102
VIB/BTC,1607682159314,2020-12-11T10:22:39.314Z,sell,9.9e-07,4000.0,0.00396
VIB/BTC,1607682203612,2020-12-11T10:23:23.612Z,sell,9.9e-07,400.0,0.000396
VIB/BTC,1607682207588,2020-12-11T10:23:27.588Z,buy,1e-06,103.0,0.000103
VIB/BTC,1607682262672,2020-12-11T10:24:22.672Z,sell,9.9e-07,22226.0,0.02200374
VIB/BTC,1607682272962,2020-12-11T10:24:32.962Z,buy,1e-06,102.0,0.000102
VIB/BTC,1607682563889,2020-12-11T10:29:23.889Z,sell,9.9e-07,159.0,0.00015741
VIB/BTC,1607682564100,2020-12-11T10:29:24.100Z,sell,9.9e-07,227.0,0.00022473
VIB/BTC,1607682564282,2020-12-11T10:29:24.282Z,buy,1e-06,49631.0,0.0496309999999999
VIB/BTC,1607682568879,2020-12-11T10:29:28.879Z,buy,1e-06,1950.0,0.00195
VIB/BTC,1607682678509,2020-12-11T10:31:18.509Z,sell,9.9e-07,4040.0,0.0039996
VIB/BTC,1607682801385,2020-12-11T10:33:21.385Z,sell,9.9e-07,4040.0,0.0039996
VIB/BTC,1607682923480,2020-12-11T10:35:23.480Z,sell,9.9e-07,4040.0,0.0039996
VIB/BTC,1607682978023,2020-12-11T10:36:18.023Z,sell,9.9e-07,177.0,0.00017523
VIB/BTC,1607682995456,2020-12-11T10:36:35.456Z,buy,1e-06,1085.0,0.001085
VIB/BTC,1607683038098,2020-12-11T10:37:18.098Z,sell,9.9e-07,2020.0,0.0019998
VIB/BTC,1607683063880,2020-12-11T10:37:43.880Z,buy,1e-06,104.0,0.000104
VIB/BTC,1607683083789,2020-12-11T10:38:03.789Z,buy,1e-06,23628.0,0.023628
VIB/BTC,1607683085197,2020-12-11T10:38:05.197Z,sell,1e-06,1305.0,0.001305
VIB/BTC,1607683150963,2020-12-11T10:39:10.963Z,buy,1.01e-06,104.0,0.00010504
VIB/BTC,1607683157606,2020-12-11T10:39:17.606Z,sell,1e-06,4040.0,0.00404
VIB/BTC,1607683173275,2020-12-11T10:39:33.275Z,sell,1e-06,400.0,0.0003999999999999
VIB/BTC,1607683189372,2020-12-11T10:39:49.372Z,buy,1.01e-06,100.0,0.000101
VIB/BTC,1607683189372,2020-12-11T10:39:49.372Z,buy,1.01e-06,100.0,0.000101
VIB/BTC,1607683688371,2020-12-11T10:48:08.371Z,buy,1.01e-06,35.0,3.5350000000000005e-05
VIB/BTC,1607684053292,2020-12-11T10:54:13.292Z,sell,1e-06,7484.0,0.0074839999999999
VIB/BTC,1607684286701,2020-12-11T10:58:06.701Z,buy,1.01e-06,102.0,0.00010302
VIB/BTC,1607684393243,2020-12-11T10:59:53.243Z,buy,1.01e-06,57076.0,0.05764676
VIB/BTC,1607685364302,2020-12-11T11:16:04.302Z,buy,1.01e-06,198.0,0.00019998
VIB/BTC,1607685786219,2020-12-11T11:23:06.219Z,sell,1e-06,198.0,0.000198
VIB/BTC,1607685854477,2020-12-11T11:24:14.477Z,sell,1e-06,57018.0,0.057018
VIB/BTC,1607685897893,2020-12-11T11:24:57.893Z,sell,1e-06,5606.0,0.005606
VIB/BTC,1607685919260,2020-12-11T11:25:19.260Z,sell,1e-06,1005.0,0.001005
VIB/BTC,1607685924341,2020-12-11T11:25:24.341Z,sell,1e-06,1000.0,0.001
VIB/BTC,1607685932449,2020-12-11T11:25:32.449Z,sell,1e-06,1000.0,0.001
VIB/BTC,1607685938537,2020-12-11T11:25:38.537Z,sell,1e-06,1000.0,0.001
VIB/BTC,1607685939704,2020-12-11T11:25:39.704Z,sell,1e-06,1000.0,0.001
VIB/BTC,1607685942654,2020-12-11T11:25:42.654Z,sell,1e-06,1000.0,0.001
VIB/BTC,1607685949066,2020-12-11T11:25:49.066Z,sell,1e-06,1000.0,0.001
VIB/BTC,1607685957904,2020-12-11T11:25:57.904Z,sell,1e-06,1000.0,0.001
VIB/BTC,1607685959120,2020-12-11T11:25:59.120Z,sell,1e-06,1000.0,0.001
VIB/BTC,1607685972312,2020-12-11T11:26:12.312Z,sell,1e-06,1000.0,0.001
VIB/BTC,1607685972631,2020-12-11T11:26:12.631Z,sell,1e-06,1000.0,0.001
VIB/BTC,1607685977047,2020-12-11T11:26:17.047Z,sell,1e-06,2000.0,0.002
VIB/BTC,1607686032468,2020-12-11T11:27:12.468Z,sell,1e-06,758.0,0.000758
VIB/BTC,1607686064571,2020-12-11T11:27:44.571Z,buy,1e-06,218.0,0.0002179999999999
VIB/BTC,1607686199828,2020-12-11T11:29:59.828Z,buy,1e-06,10000.0,0.01
VIB/BTC,1607686545583,2020-12-11T11:35:45.583Z,buy,1e-06,102.0,0.000102
VIB/BTC,1607686545583,2020-12-11T11:35:45.583Z,buy,1e-06,102.0,0.000102
VIB/BTC,1607686843595,2020-12-11T11:40:43.595Z,buy,1e-06,3840.0,0.0038399999999999
VIB/BTC,1607686878206,2020-12-11T11:41:18.206Z,buy,1e-06,2469.0,0.002469
VIB/BTC,1607686951217,2020-12-11T11:42:31.217Z,sell,9.9e-07,2145.0,0.00212355
VIB/BTC,1607686955457,2020-12-11T11:42:35.457Z,sell,9.9e-07,204.0,0.00020196
VIB/BTC,1607686960650,2020-12-11T11:42:40.650Z,buy,1e-06,102.0,0.000102
VIB/BTC,1607687298849,2020-12-11T11:48:18.849Z,sell,9.9e-07,13901.0,0.01376199
VIB/BTC,1607687353728,2020-12-11T11:49:13.728Z,buy,1e-06,102.0,0.000102
VIB/BTC,1607687574334,2020-12-11T11:52:54.334Z,buy,1e-06,5678.0,0.005678
VIB/BTC,1607687574364,2020-12-11T11:52:54.364Z,buy,1e-06,5679.0,0.005679
VIB/BTC,1607687574399,2020-12-11T11:52:54.399Z,buy,1e-06,5679.0,0.005679
VIB/BTC,1607687574406,2020-12-11T11:52:54.406Z,buy,1e-06,19139.0,0.019139
VIB/BTC,1607687574423,2020-12-11T11:52:54.423Z,buy,1e-06,5679.0,0.005679
VIB/BTC,1607687574451,2020-12-11T11:52:54.451Z,buy,1e-06,5679.0,0.005679
VIB/BTC,1607687691285,2020-12-11T11:54:51.285Z,sell,9.9e-07,14957.0,0.01480743
VIB/BTC,1607687707285,2020-12-11T11:55:07.285Z,sell,9.9e-07,204.0,0.00020196
VIB/BTC,1607687715151,2020-12-11T11:55:15.151Z,buy,1e-06,102.0,0.000102
VIB/BTC,1607687767869,2020-12-11T11:56:07.869Z,sell,9.9e-07,2020.0,0.0019998
VIB/BTC,1607687775013,2020-12-11T11:56:15.013Z,sell,9.9e-07,1010.0,0.0009999
VIB/BTC,1607687784091,2020-12-11T11:56:24.091Z,buy,1e-06,102.0,0.000102
VIB/BTC,1607687791879,2020-12-11T11:56:31.879Z,sell,9.9e-07,1010.0,0.0009999
VIB/BTC,1607687805720,2020-12-11T11:56:45.720Z,sell,9.9e-07,1010.0,0.0009999
VIB/BTC,1607687859118,2020-12-11T11:57:39.118Z,sell,9.9e-07,203.0,0.00020097
VIB/BTC,1607687865476,2020-12-11T11:57:45.476Z,buy,1e-06,102.0,0.000102
VIB/BTC,1607688064707,2020-12-11T12:01:04.707Z,sell,9.9e-07,5731.0,0.00567369
VIB/BTC,1607688131234,2020-12-11T12:02:11.234Z,buy,1e-06,102.0,0.000102
VIB/BTC,1607689013835,2020-12-11T12:16:53.835Z,buy,1e-06,2682.0,0.002682
VIB/BTC,1607689758939,2020-12-11T12:29:18.939Z,sell,9.9e-07,5748.0,0.00569052
VIB/BTC,1607689758969,2020-12-11T12:29:18.969Z,sell,9.9e-07,5748.0,0.00569052
VIB/BTC,1607689758991,2020-12-11T12:29:18.991Z,sell,9.9e-07,1701.0,0.00168399
VIB/BTC,1607689781707,2020-12-11T12:29:41.707Z,sell,9.9e-07,204.0,0.00020196
VIB/BTC,1607689788687,2020-12-11T12:29:48.687Z,buy,1e-06,102.0,0.000102
VIB/BTC,1607689832391,2020-12-11T12:30:32.391Z,sell,9.9e-07,513.0,0.00050787
VIB/BTC,1607689834610,2020-12-11T12:30:34.610Z,buy,1e-06,29.0,2.9e-05
VIB/BTC,1607689834731,2020-12-11T12:30:34.731Z,sell,9.9e-07,115.0,0.00011385
VIB/BTC,1607689907373,2020-12-11T12:31:47.373Z,buy,1e-06,102.0,0.000102
VIB/BTC,1607689907373,2020-12-11T12:31:47.373Z,buy,1e-06,102.0,0.000102
VIB/BTC,1607690374590,2020-12-11T12:39:34.590Z,buy,1e-06,20238.0,0.020238
VIB/BTC,1607690460972,2020-12-11T12:41:00.972Z,buy,1e-06,38.0,3.8e-05
VIB/BTC,1607690733712,2020-12-11T12:45:33.712Z,buy,1e-06,5750.0,0.00575
VIB/BTC,1607690955340,2020-12-11T12:49:15.340Z,buy,1e-06,5751.0,0.005751
VIB/BTC,1607691023846,2020-12-11T12:50:23.846Z,buy,1e-06,35.0,3.5e-05
VIB/BTC,1607691225260,2020-12-11T12:53:45.260Z,sell,9.9e-07,1076.0,0.00106524
VIB/BTC,1607691261091,2020-12-11T12:54:21.091Z,sell,9.9e-07,204.0,0.00020196
VIB/BTC,1607691270588,2020-12-11T12:54:30.588Z,buy,1e-06,102.0,0.000102
VIB/BTC,1607691736077,2020-12-11T13:02:16.077Z,buy,1e-06,102.0,0.000102
VIB/BTC,1607692002776,2020-12-11T13:06:42.776Z,buy,1e-06,782.0,0.0007819999999999
VIB/BTC,1607692297258,2020-12-11T13:11:37.258Z,buy,1e-06,2264.0,0.002264
VIB/BTC,1607692513409,2020-12-11T13:15:13.409Z,sell,9.9e-07,3428.0,0.00339372
VIB/BTC,1607692521512,2020-12-11T13:15:21.512Z,sell,9.9e-07,204.0,0.00020196
VIB/BTC,1607692528409,2020-12-11T13:15:28.409Z,buy,1e-06,102.0,0.000102
VIB/BTC,1607693251407,2020-12-11T13:27:31.407Z,buy,1e-06,9435.0,0.0094349999999999
VIB/BTC,1607693251407,2020-12-11T13:27:31.407Z,buy,1e-06,9435.0,0.0094349999999999
VIB/BTC,1607693565539,2020-12-11T13:32:45.539Z,sell,9.9e-07,102.0,0.00010098
VIB/BTC,1607693937015,2020-12-11T13:38:57.015Z,sell,9.9e-07,103.0,0.00010197
VIB/BTC,1607694662505,2020-12-11T13:51:02.505Z,sell,9.9e-07,2313.0,0.00228987
VIB/BTC,1607694702808,2020-12-11T13:51:42.808Z,buy,1e-06,2472.0,0.002472
VIB/BTC,1607694791686,2020-12-11T13:53:11.686Z,sell,9.9e-07,2145.0,0.00212355
VIB/BTC,1607694829513,2020-12-11T13:53:49.513Z,sell,9.9e-07,3020.0,0.0029898
VIB/BTC,1607694903848,2020-12-11T13:55:03.848Z,sell,9.9e-07,102.0,0.00010098
VIB/BTC,1607694910133,2020-12-11T13:55:10.133Z,buy,1e-06,102.0,0.000102
VIB/BTC,1607695087181,2020-12-11T13:58:07.181Z,sell,9.9e-07,3021.0,0.00299079
VIB/BTC,1607695092636,2020-12-11T13:58:12.636Z,buy,1e-06,102.0,0.000102
VIB/BTC,1607695668682,2020-12-11T14:07:48.682Z,buy,1e-06,990.0,0.00099
VIB/BTC,1607695945405,2020-12-11T14:12:25.405Z,sell,9.9e-07,3285.0,0.00325215
VIB/BTC,1607695990479,2020-12-11T14:13:10.479Z,buy,1e-06,102.0,0.000102
VIB/BTC,1607695990749,2020-12-11T14:13:10.749Z,buy,1e-06,1122.0,0.001122
VIB/BTC,1607696080398,2020-12-11T14:14:40.398Z,sell,9.9e-07,102.0,0.00010098
VIB/BTC,1607696104492,2020-12-11T14:15:04.492Z,sell,9.9e-07,102.0,0.00010098
VIB/BTC,1607696110229,2020-12-11T14:15:10.229Z,buy,1e-06,102.0,0.000102
VIB/BTC,1607696544958,2020-12-11T14:22:24.958Z,buy,1e-06,56056.0,0.0560559999999999
VIB/BTC,1607696544958,2020-12-11T14:22:24.958Z,buy,1.01e-06,14874.0,0.01502274
VIB/BTC,1607696546214,2020-12-11T14:22:26.214Z,sell,1e-06,1000.0,0.001
VIB/BTC,1607696546868,2020-12-11T14:22:26.868Z,sell,1e-06,763.0,0.000763
VIB/BTC,1607696566287,2020-12-11T14:22:46.287Z,buy,1.01e-06,102.0,0.00010302
VIB/BTC,1607696711034,2020-12-11T14:25:11.034Z,buy,1.01e-06,22482.0,0.02270682
VIB/BTC,1607696781898,2020-12-11T14:26:21.898Z,buy,1.01e-06,8034.0,0.00811434
VIB/BTC,1607696781898,2020-12-11T14:26:21.898Z,buy,1.02e-06,76136.0,0.07765872
VIB/BTC,1607696782193,2020-12-11T14:26:22.193Z,sell,1.01e-06,1070.0,0.0010807
VIB/BTC,1607696782306,2020-12-11T14:26:22.306Z,buy,1.01e-06,268.0,0.00027068
VIB/BTC,1607696788697,2020-12-11T14:26:28.697Z,buy,1.01e-06,980.0,0.0009898
VIB/BTC,1607696789908,2020-12-11T14:26:29.908Z,buy,1.01e-06,116.0,0.00011716
VIB/BTC,1607696789908,2020-12-11T14:26:29.908Z,buy,1.01e-06,116.0,0.00011716
VIB/BTC,1607696857055,2020-12-11T14:27:37.055Z,buy,1.01e-06,4347.0,0.00439047
VIB/BTC,1607696857061,2020-12-11T14:27:37.061Z,sell,1.01e-06,21625.0,0.02184125
VIB/BTC,1607696857067,2020-12-11T14:27:37.067Z,sell,1.01e-06,1726.0,0.00174326
VIB/BTC,1607696857074,2020-12-11T14:27:37.074Z,sell,1.01e-06,5190.0,0.0052419
VIB/BTC,1607696861892,2020-12-11T14:27:41.892Z,buy,1.02e-06,102.0,0.00010404
VIB/BTC,1607696869721,2020-12-11T14:27:49.721Z,buy,1.02e-06,34516.0,0.03520632
VIB/BTC,1607697045398,2020-12-11T14:30:45.398Z,buy,1.02e-06,33.0,3.366e-05
VIB/BTC,1607697367976,2020-12-11T14:36:07.976Z,sell,1.01e-06,1371.0,0.00138471
VIB/BTC,1607697371145,2020-12-11T14:36:11.145Z,buy,1.02e-06,28.0,2.856e-05
VIB/BTC,1607697715059,2020-12-11T14:41:55.059Z,sell,1.01e-06,1619.0,0.00163519
VIB/BTC,1607697774108,2020-12-11T14:42:54.108Z,sell,1.01e-06,420.0,0.0004242
VIB/BTC,1607697780829,2020-12-11T14:43:00.829Z,buy,1.02e-06,102.0,0.00010404
VIB/BTC,1607697839062,2020-12-11T14:43:59.062Z,buy,1.02e-06,33.0,3.366e-05
VIB/BTC,1607697909901,2020-12-11T14:45:09.901Z,buy,1.02e-06,102.0,0.00010404
VIB/BTC,1607697912150,2020-12-11T14:45:12.150Z,sell,1.01e-06,100.0,0.000101
VIB/BTC,1607698017504,2020-12-11T14:46:57.504Z,sell,1e-06,84086.0,0.084086
VIB/BTC,1607698046840,2020-12-11T14:47:26.840Z,buy,1.01e-06,102.0,0.00010302
VIB/BTC,1607698389615,2020-12-11T14:53:09.615Z,sell,1e-06,207.0,0.000207
VIB/BTC,1607698428368,2020-12-11T14:53:48.368Z,buy,1.01e-06,102.0,0.00010302
VIB/BTC,1607698612143,2020-12-11T14:56:52.143Z,sell,1e-06,1000.0,0.001
VIB/BTC,1607698627336,2020-12-11T14:57:07.336Z,sell,1e-06,22460.0,0.0224599999999999
VIB/BTC,1607698637208,2020-12-11T14:57:17.208Z,sell,1e-06,5000.0,0.005
VIB/BTC,1607698646955,2020-12-11T14:57:26.955Z,sell,1e-06,400.0,0.0003999999999999
VIB/BTC,1607698652163,2020-12-11T14:57:32.163Z,buy,1.01e-06,102.0,0.00010302
VIB/BTC,1607698687390,2020-12-11T14:58:07.390Z,buy,1.01e-06,5800.0,0.005858
VIB/BTC,1607698697933,2020-12-11T14:58:17.933Z,buy,1.01e-06,108.0,0.00010908
VIB/BTC,1607698706766,2020-12-11T14:58:26.766Z,buy,1.01e-06,2451.0,0.00247551
VIB/BTC,1607698795984,2020-12-11T14:59:55.984Z,buy,1.01e-06,55452.0,0.05600652
VIB/BTC,1607698865464,2020-12-11T15:01:05.464Z,buy,1.01e-06,57442.0,0.05801642
VIB/BTC,1607698896643,2020-12-11T15:01:36.643Z,buy,1.02e-06,102.0,0.00010404
VIB/BTC,1607698947895,2020-12-11T15:02:27.895Z,sell,1.01e-06,4144.0,0.00418544
VIB/BTC,1607699026532,2020-12-11T15:03:46.532Z,buy,1.02e-06,102.0,0.00010404
VIB/BTC,1607699077694,2020-12-11T15:04:37.694Z,buy,1.02e-06,14354.0,0.0146410799999999
VIB/BTC,1607699352281,2020-12-11T15:09:12.281Z,sell,1.01e-06,8280.0,0.0083628
VIB/BTC,1607699352281,2020-12-11T15:09:12.281Z,sell,1e-06,6462.0,0.006462
VIB/BTC,1607699361534,2020-12-11T15:09:21.534Z,buy,1.02e-06,102.0,0.00010404
VIB/BTC,1607699361534,2020-12-11T15:09:21.534Z,buy,1.02e-06,2311.0,0.00235722
VIB/BTC,1607699378527,2020-12-11T15:09:38.527Z,buy,1.02e-06,131.0,0.0001336199999999
VIB/BTC,1607699396964,2020-12-11T15:09:56.964Z,sell,1e-06,3002.0,0.003002
VIB/BTC,1607699404907,2020-12-11T15:10:04.907Z,sell,1.01e-06,420.0,0.0004242
VIB/BTC,1607699410255,2020-12-11T15:10:10.255Z,buy,1.02e-06,102.0,0.00010404
VIB/BTC,1607699448989,2020-12-11T15:10:48.989Z,sell,1.01e-06,6041.0,0.00610141
VIB/BTC,1607699448989,2020-12-11T15:10:48.989Z,sell,1e-06,38176.0,0.038176
VIB/BTC,1607699451368,2020-12-11T15:10:51.368Z,buy,1.01e-06,928.0,0.00093728
VIB/BTC,1607699462783,2020-12-11T15:11:02.783Z,buy,1.01e-06,144.0,0.00014544
VIB/BTC,1607699462783,2020-12-11T15:11:02.783Z,buy,1.02e-06,1.0,1.02e-06
VIB/BTC,1607699527072,2020-12-11T15:12:07.072Z,buy,1.02e-06,610.0,0.0006221999999999
VIB/BTC,1607699560627,2020-12-11T15:12:40.627Z,buy,1.02e-06,786.0,0.00080172
VIB/BTC,1607699763984,2020-12-11T15:16:03.984Z,buy,1.02e-06,542.0,0.00055284
VIB/BTC,1607699822799,2020-12-11T15:17:02.799Z,sell,1.01e-06,3681.0,0.00371781
VIB/BTC,1607699829463,2020-12-11T15:17:09.463Z,buy,1.01e-06,5093.0,0.00514393
VIB/BTC,1607699887311,2020-12-11T15:18:07.311Z,buy,1.01e-06,116.0,0.00011716
VIB/BTC,1607699927462,2020-12-11T15:18:47.462Z,buy,1.02e-06,103.0,0.00010506
VIB/BTC,1607699935524,2020-12-11T15:18:55.524Z,buy,1.02e-06,102.0,0.00010404
VIB/BTC,1607699935524,2020-12-11T15:18:55.524Z,buy,1.02e-06,102.0,0.00010404
VIB/BTC,1607700673913,2020-12-11T15:31:13.913Z,sell,1.01e-06,149.0,0.00015049
VIB/BTC,1607700673913,2020-12-11T15:31:13.913Z,sell,1e-06,4938.0,0.004938
VIB/BTC,1607700710635,2020-12-11T15:31:50.635Z,sell,1e-06,840.0,0.0008399999999999
VIB/BTC,1607700712931,2020-12-11T15:31:52.931Z,buy,1.02e-06,35.0,3.57e-05
VIB/BTC,1607701709982,2020-12-11T15:48:29.982Z,sell,1.01e-06,1750.0,0.0017675
VIB/BTC,1607701796713,2020-12-11T15:49:56.713Z,sell,1.01e-06,1728.0,0.00174528
VIB/BTC,1607701973700,2020-12-11T15:52:53.700Z,buy,1.02e-06,102.0,0.00010404
VIB/BTC,1607702404369,2020-12-11T16:00:04.369Z,sell,1.01e-06,102.0,0.00010302
VIB/BTC,1607702411656,2020-12-11T16:00:11.656Z,buy,1.02e-06,105.0,0.0001071
VIB/BTC,1607702709458,2020-12-11T16:05:09.458Z,sell,1.01e-06,106.0,0.00010706
VIB/BTC,1607702787325,2020-12-11T16:06:27.325Z,buy,1.02e-06,102.0,0.00010404
VIB/BTC,1607702813214,2020-12-11T16:06:53.214Z,buy,1.02e-06,33.0,3.366e-05
VIB/BTC,1607703088978,2020-12-11T16:11:28.978Z,buy,1.02e-06,117.0,0.0001193399999999
VIB/BTC,1607703202162,2020-12-11T16:13:22.162Z,buy,1.02e-06,621.0,0.00063342
VIB/BTC,1607703211171,2020-12-11T16:13:31.171Z,buy,1.02e-06,117.0,0.0001193399999999
VIB/BTC,1607703296083,2020-12-11T16:14:56.083Z,sell,1.01e-06,102.0,0.00010302
VIB/BTC,1607703303026,2020-12-11T16:15:03.026Z,sell,1.01e-06,102.0,0.00010302
VIB/BTC,1607703307486,2020-12-11T16:15:07.486Z,buy,1.02e-06,102.0,0.00010404
VIB/BTC,1607703369986,2020-12-11T16:16:09.986Z,buy,1.02e-06,197.0,0.0002009399999999
VIB/BTC,1607703369986,2020-12-11T16:16:09.986Z,buy,1.02e-06,197.0,0.0002009399999999
VIB/BTC,1607703649155,2020-12-11T16:20:49.155Z,sell,1.01e-06,8565.0,0.00865065
VIB/BTC,1607703721111,2020-12-11T16:22:01.111Z,sell,1.01e-06,6454.0,0.00651854
VIB/BTC,1607703743076,2020-12-11T16:22:23.076Z,buy,1.02e-06,1442.0,0.00147084
VIB/BTC,1607703760380,2020-12-11T16:22:40.380Z,sell,1.01e-06,9455.0,0.00954955
VIB/BTC,1607703760380,2020-12-11T16:22:40.380Z,sell,1e-06,4118.0,0.004118
VIB/BTC,1607703806038,2020-12-11T16:23:26.038Z,buy,1.02e-06,117.0,0.0001193399999999
VIB/BTC,1607703821024,2020-12-11T16:23:41.024Z,sell,1.01e-06,1564.0,0.00157964
VIB/BTC,1607703828224,2020-12-11T16:23:48.224Z,buy,1.02e-06,102.0,0.00010404
VIB/BTC,1607703912153,2020-12-11T16:25:12.153Z,buy,1.02e-06,3432.0,0.0035006399999999
VIB/BTC,1607703914753,2020-12-11T16:25:14.753Z,sell,1.01e-06,990.0,0.0009999
VIB/BTC,1607703960504,2020-12-11T16:26:00.504Z,buy,1.02e-06,102.0,0.00010404
VIB/BTC,1607703971534,2020-12-11T16:26:11.534Z,buy,1.02e-06,29.0,2.958e-05
VIB/BTC,1607704244129,2020-12-11T16:30:44.129Z,buy,1.02e-06,30.0,3.06e-05
VIB/BTC,1607704421561,2020-12-11T16:33:41.561Z,sell,1.01e-06,14268.0,0.01441068
VIB/BTC,1607704459815,2020-12-11T16:34:19.815Z,buy,1.01e-06,117.0,0.00011817
VIB/BTC,1607704561035,2020-12-11T16:36:01.035Z,buy,1.01e-06,9789.0,0.00988689
VIB/BTC,1607704561291,2020-12-11T16:36:01.291Z,buy,1.01e-06,22842.0,0.02307042
VIB/BTC,1607704594274,2020-12-11T16:36:34.274Z,sell,1e-06,751.0,0.0007509999999999
VIB/BTC,1607704709220,2020-12-11T16:38:29.220Z,buy,1.01e-06,102.0,0.00010302
VIB/BTC,1607704970706,2020-12-11T16:42:50.706Z,sell,1e-06,834.0,0.000834
VIB/BTC,1607704997253,2020-12-11T16:43:17.253Z,sell,1e-06,49581.0,0.049581
VIB/BTC,1607704997437,2020-12-11T16:43:17.437Z,sell,1e-06,196.0,0.000196
VIB/BTC,1607705040909,2020-12-11T16:44:00.909Z,sell,1e-06,22842.0,0.0228419999999999
VIB/BTC,1607705095982,2020-12-11T16:44:55.982Z,buy,1.01e-06,102.0,0.00010302
VIB/BTC,1607705133513,2020-12-11T16:45:33.513Z,sell,1e-06,102.0,0.000102
VIB/BTC,1607705139794,2020-12-11T16:45:39.794Z,buy,1.01e-06,102.0,0.00010302
VIB/BTC,1607705355252,2020-12-11T16:49:15.252Z,sell,1e-06,1442.0,0.001442
VIB/BTC,1607705471644,2020-12-11T16:51:11.644Z,buy,1.01e-06,32.0,3.232e-05
VIB/BTC,1607705641054,2020-12-11T16:54:01.054Z,sell,1e-06,456.0,0.0004559999999999
VIB/BTC,1607705762020,2020-12-11T16:56:02.020Z,sell,1e-06,9789.0,0.0097889999999999
VIB/BTC,1607706126427,2020-12-11T17:02:06.427Z,sell,1e-06,2401.0,0.002401
VIB/BTC,1607706211920,2020-12-11T17:03:31.920Z,buy,1.01e-06,108.0,0.00010908
VIB/BTC,1607706418203,2020-12-11T17:06:58.203Z,buy,1.01e-06,108.0,0.00010908
VIB/BTC,1607706628282,2020-12-11T17:10:28.282Z,buy,1.01e-06,611.0,0.00061711
VIB/BTC,1607706628282,2020-12-11T17:10:28.282Z,buy,1.01e-06,611.0,0.00061711
VIB/BTC,1607707132847,2020-12-11T17:18:52.847Z,buy,1.01e-06,34.0,3.434e-05
VIB/BTC,1607707139556,2020-12-11T17:18:59.556Z,buy,1.01e-06,100.0,0.000101
VIB/BTC,1607707302434,2020-12-11T17:21:42.434Z,buy,1.01e-06,36.0,3.636e-05
VIB/BTC,1607707657538,2020-12-11T17:27:37.538Z,buy,1.01e-06,93219.0,0.09415119
VIB/BTC,1607708383591,2020-12-11T17:39:43.591Z,sell,1e-06,14522.0,0.014522
VIB/BTC,1607708573481,2020-12-11T17:42:53.481Z,buy,1.01e-06,30.0,3.03e-05
VIB/BTC,1607708646449,2020-12-11T17:44:06.449Z,sell,1e-06,1000.0,0.001
VIB/BTC,1607709034592,2020-12-11T17:50:34.592Z,sell,1e-06,12194.0,0.012194
VIB/BTC,1607709102771,2020-12-11T17:51:42.771Z,sell,1e-06,1907.0,0.0019069999999999
VIB/BTC,1607709303499,2020-12-11T17:55:03.499Z,sell,1e-06,5175.0,0.005175
VIB/BTC,1607709530732,2020-12-11T17:58:50.732Z,sell,1e-06,1452.0,0.001452
VIB/BTC,1607709792223,2020-12-11T18:03:12.223Z,sell,1e-06,52614.0,0.052614
VIB/BTC,1607709793978,2020-12-11T18:03:13.978Z,sell,1e-06,121.0,0.000121
VIB/BTC,1607709869453,2020-12-11T18:04:29.453Z,sell,1e-06,5000.0,0.005
VIB/BTC,1607709869453,2020-12-11T18:04:29.453Z,sell,1e-06,5000.0,0.005
VIB/BTC,1607710285563,2020-12-11T18:11:25.563Z,buy,1.01e-06,28.0,2.828e-05
VIB/BTC,1607710353410,2020-12-11T18:12:33.410Z,buy,1.01e-06,27145.0,0.02741645
VIB/BTC,1607710408415,2020-12-11T18:13:28.415Z,buy,1.01e-06,695.0,0.00070195
VIB/BTC,1607710691920,2020-12-11T18:18:11.920Z,buy,1.01e-06,31.0,3.1310000000000003e-05
VIB/BTC,1607710724101,2020-12-11T18:18:44.101Z,sell,1e-06,22878.0,0.022878
VIB/BTC,1607711179055,2020-12-11T18:26:19.055Z,buy,1.01e-06,24600.0,0.024846
VIB/BTC,1607711187958,2020-12-11T18:26:27.958Z,buy,1.01e-06,108.0,0.00010908
VIB/BTC,1607711388512,2020-12-11T18:29:48.512Z,buy,1.01e-06,67977.0,0.06865677
VIB/BTC,1607711570064,2020-12-11T18:32:50.064Z,sell,1e-06,21044.0,0.021044
VIB/BTC,1607711977632,2020-12-11T18:39:37.632Z,sell,1e-06,1980.0,0.00198
VIB/BTC,1607712032278,2020-12-11T18:40:32.278Z,sell,1e-06,1079.0,0.0010789999999999
VIB/BTC,1607712045673,2020-12-11T18:40:45.673Z,buy,1.01e-06,29.0,2.929e-05
VIB/BTC,1607712047069,2020-12-11T18:40:47.069Z,sell,1e-06,2487.0,0.002487
VIB/BTC,1607712048860,2020-12-11T18:40:48.860Z,sell,1e-06,36819.0,0.036819
VIB/BTC,1607712970359,2020-12-11T18:56:10.359Z,sell,1e-06,1000.0,0.001
VIB/BTC,1607713107018,2020-12-11T18:58:27.018Z,sell,1e-06,1076.0,0.001076
VIB/BTC,1607713285243,2020-12-11T19:01:25.243Z,sell,1e-06,949.0,0.000949
VIB/BTC,1607713353487,2020-12-11T19:02:33.487Z,buy,1e-06,218.0,0.0002179999999999
VIB/BTC,1607713353487,2020-12-11T19:02:33.487Z,buy,1e-06,218.0,0.0002179999999999
VIB/BTC,1607713488805,2020-12-11T19:04:48.805Z,sell,9.9e-07,7648.0,0.00757152
VIB/BTC,1607713813716,2020-12-11T19:10:13.716Z,sell,9.9e-07,4112.0,0.00407088
VIB/BTC,1607714299401,2020-12-11T19:18:19.401Z,buy,1e-06,19265.0,0.0192649999999999
VIB/BTC,1607714531593,2020-12-11T19:22:11.593Z,buy,1e-06,390.0,0.00039
VIB/BTC,1607715979492,2020-12-11T19:46:19.492Z,buy,1e-06,589.0,0.000589
VIB/BTC,1607715979492,2020-12-11T19:46:19.492Z,buy,1e-06,589.0,0.000589
VIB/BTC,1607717079377,2020-12-11T20:04:39.377Z,sell,9.9e-07,67977.0,0.06729723
VIB/BTC,1607717079377,2020-12-11T20:04:39.377Z,sell,9.9e-07,589.0,0.00058311
VIB/BTC,1607717080702,2020-12-11T20:04:40.702Z,sell,9.9e-07,126.0,0.00012474
VIB/BTC,1607717500950,2020-12-11T20:11:40.950Z,buy,1e-06,211.0,0.0002109999999999
VIB/BTC,1607718164171,2020-12-11T20:22:44.171Z,sell,9.9e-07,21332.0,0.02111868
VIB/BTC,1607718195110,2020-12-11T20:23:15.110Z,sell,9.9e-07,2417.0,0.00239283
VIB/BTC,1607718226280,2020-12-11T20:23:46.280Z,sell,9.9e-07,14919.0,0.01476981
VIB/BTC,1607718669274,2020-12-11T20:31:09.274Z,sell,9.9e-07,8259.0,0.00817641
VIB/BTC,1607718761419,2020-12-11T20:32:41.419Z,buy,1e-06,96000.0,0.096
VIB/BTC,1607718822928,2020-12-11T20:33:42.928Z,buy,1e-06,38.0,3.8e-05
VIB/BTC,1607718900000,2020-12-11T20:35:00.000Z,buy,1e-06,86544.0,0.086544
VIB/BTC,1607718905581,2020-12-11T20:35:05.581Z,buy,1e-06,83277.0,0.0832769999999999
VIB/BTC,1607718910659,2020-12-11T20:35:10.659Z,buy,1e-06,78655.0,0.078655
VIB/BTC,1607718915231,2020-12-11T20:35:15.231Z,buy,1e-06,84566.0,0.084566
VIB/BTC,1607718920334,2020-12-11T20:35:20.334Z,buy,1e-06,83277.0,0.0832769999999999
VIB/BTC,1607718928679,2020-12-11T20:35:28.679Z,buy,1e-06,74566.0,0.074566
VIB/BTC,1607718934534,2020-12-11T20:35:34.534Z,buy,1e-06,83277.0,0.0832769999999999
VIB/BTC,1607718939584,2020-12-11T20:35:39.584Z,buy,1e-06,84566.0,0.084566
VIB/BTC,1607718943997,2020-12-11T20:35:43.997Z,buy,1e-06,78322.0,0.078322
VIB/BTC,1607718949198,2020-12-11T20:35:49.198Z,buy,1e-06,84566.0,0.084566
VIB/BTC,1607718955386,2020-12-11T20:35:55.386Z,buy,1e-06,86577.0,0.086577
VIB/BTC,1607718960891,2020-12-11T20:36:00.891Z,buy,1e-06,83277.0,0.0832769999999999
VIB/BTC,1607718963781,2020-12-11T20:36:03.781Z,buy,1e-06,5623.0,0.0056229999999999
VIB/BTC,1607718963831,2020-12-11T20:36:03.831Z,sell,1e-06,74566.0,0.074566
VIB/BTC,1607718974533,2020-12-11T20:36:14.533Z,buy,1.01e-06,83277.0,0.08410977
VIB/BTC,1607718976949,2020-12-11T20:36:16.949Z,buy,1.01e-06,74566.0,0.07531166
VIB/BTC,1607718980295,2020-12-11T20:36:20.295Z,sell,1e-06,86588.0,0.086588
VIB/BTC,1607718981975,2020-12-11T20:36:21.975Z,sell,1e-06,74566.0,0.074566
VIB/BTC,1607718983913,2020-12-11T20:36:23.913Z,buy,1.01e-06,108.0,0.00010908
VIB/BTC,1607718984363,2020-12-11T20:36:24.363Z,sell,1e-06,72455.0,0.0724549999999999
VIB/BTC,1607718986864,2020-12-11T20:36:26.864Z,sell,1e-06,1010.0,0.00101
VIB/BTC,1607718986972,2020-12-11T20:36:26.972Z,sell,1e-06,1010.0,0.00101
VIB/BTC,1607718988129,2020-12-11T20:36:28.129Z,buy,1.01e-06,83277.0,0.08410977
VIB/BTC,1607718990633,2020-12-11T20:36:30.633Z,buy,1.01e-06,74566.0,0.07531166
VIB/BTC,1607718992782,2020-12-11T20:36:32.782Z,sell,1e-06,1010.0,0.00101
VIB/BTC,1607718993177,2020-12-11T20:36:33.177Z,buy,1.01e-06,86588.0,0.08745388
VIB/BTC,1607718995313,2020-12-11T20:36:35.313Z,sell,1e-06,1010.0,0.00101
VIB/BTC,1607718996368,2020-12-11T20:36:36.368Z,sell,1e-06,83277.0,0.0832769999999999
VIB/BTC,1607718998532,2020-12-11T20:36:38.532Z,sell,1e-06,78655.0,0.078655
VIB/BTC,1607719001422,2020-12-11T20:36:41.422Z,buy,1.01e-06,237.0,0.00023937
VIB/BTC,1607719001698,2020-12-11T20:36:41.698Z,sell,1e-06,81255.0,0.081255
VIB/BTC,1607719005829,2020-12-11T20:36:45.829Z,buy,1.01e-06,84577.0,0.08542277
VIB/BTC,1607719006224,2020-12-11T20:36:46.224Z,sell,1e-06,1010.0,0.00101
VIB/BTC,1607719007702,2020-12-11T20:36:47.702Z,buy,1.01e-06,78322.0,0.07910522
VIB/BTC,1607719017720,2020-12-11T20:36:57.720Z,sell,1e-06,83277.0,0.0832769999999999
VIB/BTC,1607719019546,2020-12-11T20:36:59.546Z,sell,1e-06,74588.0,0.074588
VIB/BTC,1607719022438,2020-12-11T20:37:02.438Z,sell,1e-06,76588.0,0.076588
VIB/BTC,1607719026214,2020-12-11T20:37:06.214Z,buy,1.01e-06,83277.0,0.08410977
VIB/BTC,1607719028259,2020-12-11T20:37:08.259Z,buy,1.01e-06,86544.0,0.08740944
VIB/BTC,1607719030190,2020-12-11T20:37:10.190Z,buy,1.01e-06,78688.0,0.07947488
VIB/BTC,1607719036137,2020-12-11T20:37:16.137Z,sell,1e-06,83277.0,0.0832769999999999
VIB/BTC,1607719038086,2020-12-11T20:37:18.086Z,sell,1e-06,84566.0,0.084566
VIB/BTC,1607719038219,2020-12-11T20:37:18.219Z,sell,1e-06,2020.0,0.00202
VIB/BTC,1607719040747,2020-12-11T20:37:20.747Z,sell,1e-06,73288.0,0.0732879999999999
VIB/BTC,1607719041327,2020-12-11T20:37:21.327Z,buy,1.01e-06,108.0,0.00010908
VIB/BTC,1607719043909,2020-12-11T20:37:23.909Z,sell,1e-06,1010.0,0.00101
VIB/BTC,1607719044919,2020-12-11T20:37:24.919Z,buy,1.01e-06,86544.0,0.08740944
VIB/BTC,1607719049082,2020-12-11T20:37:29.082Z,buy,1.01e-06,74566.0,0.07531166
VIB/BTC,1607719517312,2020-12-11T20:45:17.312Z,buy,1.01e-06,83277.0,0.08410977
VIB/BTC,1607719521546,2020-12-11T20:45:21.546Z,sell,1e-06,74566.0,0.074566
VIB/BTC,1607719524693,2020-12-11T20:45:24.693Z,sell,1e-06,14417.0,0.014417
VIB/BTC,1607719525185,2020-12-11T20:45:25.185Z,buy,1.01e-06,47705.0,0.04818205
VIB/BTC,1607719525185,2020-12-11T20:45:25.185Z,buy,1.02e-06,35572.0,0.03628344
VIB/BTC,1607719525942,2020-12-11T20:45:25.942Z,sell,1.01e-06,1073.0,0.00108373
VIB/BTC,1607719526096,2020-12-11T20:45:26.096Z,sell,1.01e-06,271.0,0.00027371
VIB/BTC,1607719529003,2020-12-11T20:45:29.003Z,buy,1.01e-06,216.0,0.00021816
VIB/BTC,1607719529019,2020-12-11T20:45:29.019Z,sell,1.01e-06,764.0,0.00077164
VIB/BTC,1607719529052,2020-12-11T20:45:29.052Z,sell,1e-06,84566.0,0.084566
VIB/BTC,1607719532224,2020-12-11T20:45:32.224Z,buy,1.01e-06,990.0,0.0009999
VIB/BTC,1607719532224,2020-12-11T20:45:32.224Z,buy,1.02e-06,73576.0,0.0750475199999999
VIB/BTC,1607719535919,2020-12-11T20:45:35.919Z,sell,1e-06,83277.0,0.0832769999999999
VIB/BTC,1607719537968,2020-12-11T20:45:37.968Z,sell,1e-06,84566.0,0.084566
VIB/BTC,1607719542274,2020-12-11T20:45:42.274Z,buy,1.01e-06,78322.0,0.07910522
VIB/BTC,1607719544120,2020-12-11T20:45:44.120Z,buy,1.01e-06,84566.0,0.08541166
VIB/BTC,1607719546743,2020-12-11T20:45:46.743Z,buy,1.01e-06,108.0,0.00010908
VIB/BTC,1607719547429,2020-12-11T20:45:47.429Z,sell,1e-06,86577.0,0.086577
VIB/BTC,1607719549179,2020-12-11T20:45:49.179Z,sell,1e-06,83277.0,0.0832769999999999
VIB/BTC,1607719552970,2020-12-11T20:45:52.970Z,buy,1.01e-06,74566.0,0.07531166
VIB/BTC,1607719556109,2020-12-11T20:45:56.109Z,buy,1.01e-06,83277.0,0.08410977
VIB/BTC,1607719559428,2020-12-11T20:45:59.428Z,sell,1e-06,84566.0,0.084566
VIB/BTC,1607719561184,2020-12-11T20:46:01.184Z,sell,1e-06,78322.0,0.078322
VIB/BTC,1607719564883,2020-12-11T20:46:04.883Z,sell,1e-06,68322.0,0.068322
VIB/BTC,1607719568421,2020-12-11T20:46:08.421Z,buy,1.01e-06,83277.0,0.08410977
VIB/BTC,1607719570640,2020-12-11T20:46:10.640Z,buy,1.01e-06,84566.0,0.08541166
VIB/BTC,1607719570640,2020-12-11T20:46:10.640Z,buy,1.01e-06,84566.0,0.08541166
VIB/BTC,1607719743673,2020-12-11T20:49:03.673Z,buy,1.01e-06,105368.0,0.10642168
VIB/BTC,1607719747153,2020-12-11T20:49:07.153Z,buy,1.01e-06,57785.0,0.05836285
VIB/BTC,1607719747161,2020-12-11T20:49:07.161Z,sell,1.01e-06,7083.0,0.00715383
VIB/BTC,1607719747165,2020-12-11T20:49:07.165Z,sell,1.01e-06,5552.0,0.00560752
VIB/BTC,1607719751161,2020-12-11T20:49:11.161Z,sell,1.01e-06,4293.0,0.00433593
VIB/BTC,1607719778889,2020-12-11T20:49:38.889Z,buy,1.01e-06,990.0,0.0009999
VIB/BTC,1607720789468,2020-12-11T21:06:29.468Z,sell,1e-06,193.0,0.000193
VIB/BTC,1607721055176,2020-12-11T21:10:55.176Z,buy,1.01e-06,83277.0,0.08410977
VIB/BTC,1607721058867,2020-12-11T21:10:58.867Z,sell,1e-06,78655.0,0.078655
VIB/BTC,1607721061549,2020-12-11T21:11:01.549Z,sell,1e-06,84566.0,0.084566
VIB/BTC,1607721065621,2020-12-11T21:11:05.621Z,sell,1e-06,73288.0,0.0732879999999999
VIB/BTC,1607721067370,2020-12-11T21:11:07.370Z,sell,1e-06,12896.0,0.012896
VIB/BTC,1607721070639,2020-12-11T21:11:10.639Z,buy,1.01e-06,83277.0,0.08410977
VIB/BTC,1607721072464,2020-12-11T21:11:12.464Z,sell,1e-06,1010.0,0.00101
VIB/BTC,1607721073717,2020-12-11T21:11:13.717Z,buy,1.01e-06,74566.0,0.07531166
VIB/BTC,1607721078293,2020-12-11T21:11:18.293Z,buy,1.01e-06,86544.0,0.08740944
VIB/BTC,1607721080560,2020-12-11T21:11:20.560Z,sell,1e-06,1010.0,0.00101
VIB/BTC,1607721086926,2020-12-11T21:11:26.926Z,sell,1e-06,74566.0,0.074566
VIB/BTC,1607721089307,2020-12-11T21:11:29.307Z,sell,1e-06,83277.0,0.0832769999999999
VIB/BTC,1607721097220,2020-12-11T21:11:37.220Z,sell,1e-06,74566.0,0.074566
VIB/BTC,1607721102528,2020-12-11T21:11:42.528Z,buy,1.01e-06,83277.0,0.08410977
VIB/BTC,1607721105548,2020-12-11T21:11:45.548Z,buy,1.01e-06,74566.0,0.07531166
VIB/BTC,1607721107992,2020-12-11T21:11:47.992Z,buy,1.01e-06,83277.0,0.08410977
VIB/BTC,1607721112945,2020-12-11T21:11:52.945Z,sell,1e-06,74566.0,0.074566
VIB/BTC,1607721125866,2020-12-11T21:12:05.866Z,sell,1e-06,86544.0,0.086544
VIB/BTC,1607721128405,2020-12-11T21:12:08.405Z,sell,1e-06,74566.0,0.074566
VIB/BTC,1607721133273,2020-12-11T21:12:13.273Z,buy,1.01e-06,86544.0,0.08740944
VIB/BTC,1607721138867,2020-12-11T21:12:18.867Z,buy,1.01e-06,74566.0,0.07531166
VIB/BTC,1607721155381,2020-12-11T21:12:35.381Z,buy,1.01e-06,74566.0,0.07531166
VIB/BTC,1607721162132,2020-12-11T21:12:42.132Z,sell,1e-06,86544.0,0.086544
VIB/BTC,1607721174112,2020-12-11T21:12:54.112Z,buy,1.01e-06,990.0,0.0009999
VIB/BTC,1607721183878,2020-12-11T21:13:03.878Z,sell,1e-06,74566.0,0.074566
VIB/BTC,1607721189132,2020-12-11T21:13:09.132Z,buy,1.01e-06,83277.0,0.08410977
VIB/BTC,1607721193734,2020-12-11T21:13:13.734Z,buy,1.01e-06,74566.0,0.07531166
VIB/BTC,1607721198737,2020-12-11T21:13:18.737Z,sell,1e-06,86544.0,0.086544
VIB/BTC,1607721201651,2020-12-11T21:13:21.651Z,sell,1e-06,74566.0,0.074566
VIB/BTC,1607721207342,2020-12-11T21:13:27.342Z,sell,1e-06,83277.0,0.0832769999999999
VIB/BTC,1607721213200,2020-12-11T21:13:33.200Z,buy,1.01e-06,74566.0,0.07531166
VIB/BTC,1607721215979,2020-12-11T21:13:35.979Z,buy,1.01e-06,74566.0,0.07531166
VIB/BTC,1607721218514,2020-12-11T21:13:38.514Z,buy,1.01e-06,83277.0,0.08410977
VIB/BTC,1607721232008,2020-12-11T21:13:52.008Z,sell,1e-06,83277.0,0.0832769999999999
VIB/BTC,1607721234285,2020-12-11T21:13:54.285Z,sell,1e-06,78655.0,0.078655
VIB/BTC,1607721237322,2020-12-11T21:13:57.322Z,sell,1e-06,76999.0,0.076999
VIB/BTC,1607721237339,2020-12-11T21:13:57.339Z,buy,1e-06,1645.0,0.001645
VIB/BTC,1607721237367,2020-12-11T21:13:57.367Z,buy,1e-06,744.0,0.000744
VIB/BTC,1607721237384,2020-12-11T21:13:57.384Z,buy,1e-06,2123.0,0.002123
VIB/BTC,1607721237394,2020-12-11T21:13:57.394Z,buy,1e-06,2121.0,0.002121
VIB/BTC,1607721239153,2020-12-11T21:13:59.153Z,buy,1e-06,934.0,0.0009339999999999
VIB/BTC,1607721239760,2020-12-11T21:13:59.760Z,sell,1e-06,20000.0,0.02
VIB/BTC,1607721241694,2020-12-11T21:14:01.694Z,buy,1.01e-06,83277.0,0.08410977
VIB/BTC,1607721243793,2020-12-11T21:14:03.793Z,buy,1.01e-06,78655.0,0.07944155
VIB/BTC,1607721246023,2020-12-11T21:14:06.023Z,buy,1.01e-06,83277.0,0.08410977
VIB/BTC,1607721251020,2020-12-11T21:14:11.020Z,sell,1e-06,84566.0,0.084566
VIB/BTC,1607721253256,2020-12-11T21:14:13.256Z,sell,1e-06,86577.0,0.086577
VIB/BTC,1607721256818,2020-12-11T21:14:16.818Z,sell,1e-06,78655.0,0.078655
VIB/BTC,1607721264799,2020-12-11T21:14:24.799Z,buy,1.01e-06,83277.0,0.08410977
VIB/BTC,1607721269615,2020-12-11T21:14:29.615Z,buy,1.01e-06,78655.0,0.07944155
VIB/BTC,1607721272176,2020-12-11T21:14:32.176Z,buy,1.01e-06,84566.0,0.08541166
VIB/BTC,1607721280019,2020-12-11T21:14:40.019Z,sell,1e-06,83277.0,0.0832769999999999
VIB/BTC,1607721282253,2020-12-11T21:14:42.253Z,sell,1e-06,78655.0,0.078655
VIB/BTC,1607721286873,2020-12-11T21:14:46.873Z,buy,1.01e-06,84566.0,0.08541166
VIB/BTC,1607721290903,2020-12-11T21:14:50.903Z,buy,1.01e-06,83277.0,0.08410977
VIB/BTC,1607721294909,2020-12-11T21:14:54.909Z,sell,1e-06,83277.0,0.0832769999999999
VIB/BTC,1607721296995,2020-12-11T21:14:56.995Z,sell,1e-06,78655.0,0.078655
VIB/BTC,1607721299108,2020-12-11T21:14:59.108Z,sell,1e-06,39115.0,0.039115
VIB/BTC,1607721301943,2020-12-11T21:15:01.943Z,buy,1e-06,45451.0,0.045451
VIB/BTC,1607721303452,2020-12-11T21:15:03.452Z,buy,1.01e-06,83277.0,0.08410977
VIB/BTC,1607721306292,2020-12-11T21:15:06.292Z,buy,1.01e-06,74566.0,0.07531166
VIB/BTC,1607721308519,2020-12-11T21:15:08.519Z,buy,1.01e-06,83277.0,0.08410977
VIB/BTC,1607721313186,2020-12-11T21:15:13.186Z,sell,1e-06,84566.0,0.084566
VIB/BTC,1607721315876,2020-12-11T21:15:15.876Z,sell,1e-06,83277.0,0.0832769999999999
VIB/BTC,1607721318460,2020-12-11T21:15:18.460Z,sell,1e-06,86544.0,0.086544
VIB/BTC,1607721323083,2020-12-11T21:15:23.083Z,buy,1.01e-06,83277.0,0.08410977
VIB/BTC,1607721327139,2020-12-11T21:15:27.139Z,buy,1.01e-06,74566.0,0.07531166
VIB/BTC,1607721329070,2020-12-11T21:15:29.070Z,buy,1.01e-06,990.0,0.0009999
VIB/BTC,1607721331180,2020-12-11T21:15:31.180Z,buy,1.01e-06,83277.0,0.08410977
VIB/BTC,1607721338384,2020-12-11T21:15:38.384Z,sell,1e-06,83277.0,0.0832769999999999
VIB/BTC,1607721344360,2020-12-11T21:15:44.360Z,sell,1e-06,78322.0,0.078322
VIB/BTC,1607721349313,2020-12-11T21:15:49.313Z,sell,1e-06,78655.0,0.078655
VIB/BTC,1607721355031,2020-12-11T21:15:55.031Z,buy,1.01e-06,86544.0,0.08740944
VIB/BTC,1607721357986,2020-12-11T21:15:57.986Z,buy,1.01e-06,74566.0,0.07531166
VIB/BTC,1607721389295,2020-12-11T21:16:29.295Z,sell,1e-06,83277.0,0.0832769999999999
VIB/BTC,1607721394017,2020-12-11T21:16:34.017Z,buy,1.01e-06,83277.0,0.08410977
VIB/BTC,1607721395981,2020-12-11T21:16:35.981Z,buy,1.01e-06,74566.0,0.07531166
VIB/BTC,1607721405262,2020-12-11T21:16:45.262Z,sell,1e-06,74566.0,0.074566
VIB/BTC,1607721409153,2020-12-11T21:16:49.153Z,sell,1e-06,83277.0,0.0832769999999999
VIB/BTC,1607721414078,2020-12-11T21:16:54.078Z,buy,1.01e-06,74566.0,0.07531166
VIB/BTC,1607721420522,2020-12-11T21:17:00.522Z,buy,1.01e-06,74566.0,0.07531166
VIB/BTC,1607721425432,2020-12-11T21:17:05.432Z,sell,1e-06,83227.0,0.083227
VIB/BTC,1607721426477,2020-12-11T21:17:06.477Z,sell,1e-06,1453.0,0.0014529999999999
VIB/BTC,1607721430175,2020-12-11T21:17:10.175Z,sell,1e-06,86544.0,0.086544
VIB/BTC,1607721433909,2020-12-11T21:17:13.909Z,buy,1.01e-06,78322.0,0.07910522
VIB/BTC,1607721517039,2020-12-11T21:18:37.039Z,buy,1.01e-06,89859.0,0.09075759
VIB/BTC,1607721519895,2020-12-11T21:18:39.895Z,buy,1.01e-06,43643.0,0.04407943
VIB/BTC,1607721519901,2020-12-11T21:18:39.901Z,sell,1.01e-06,43172.0,0.04360372
VIB/BTC,1607721532240,2020-12-11T21:18:52.240Z,buy,1.01e-06,7518.0,0.00759318
VIB/BTC,1607721532247,2020-12-11T21:18:52.247Z,buy,1.01e-06,7518.0,0.00759318
VIB/BTC,1607721562098,2020-12-11T21:19:22.098Z,buy,1.01e-06,83277.0,0.08410977
VIB/BTC,1607721565794,2020-12-11T21:19:25.794Z,sell,1e-06,74566.0,0.074566
VIB/BTC,1607721567823,2020-12-11T21:19:27.823Z,sell,1e-06,73288.0,0.0732879999999999
VIB/BTC,1607721574890,2020-12-11T21:19:34.890Z,buy,1.01e-06,84566.0,0.08541166
VIB/BTC,1607721578086,2020-12-11T21:19:38.086Z,buy,1.01e-06,78322.0,0.07910522
VIB/BTC,1607721583370,2020-12-11T21:19:43.370Z,sell,1e-06,76544.0,0.076544
VIB/BTC,1607721589438,2020-12-11T21:19:49.438Z,sell,1e-06,78322.0,0.078322
VIB/BTC,1607721594181,2020-12-11T21:19:54.181Z,buy,1.01e-06,83277.0,0.08410977
VIB/BTC,1607721596924,2020-12-11T21:19:56.924Z,buy,1.01e-06,78655.0,0.07944155
VIB/BTC,1607721597809,2020-12-11T21:19:57.809Z,sell,1e-06,702.0,0.0007019999999999
VIB/BTC,1607721603895,2020-12-11T21:20:03.895Z,sell,1e-06,83277.0,0.0832769999999999
VIB/BTC,1607721606627,2020-12-11T21:20:06.627Z,sell,1e-06,74566.0,0.074566
VIB/BTC,1607721616627,2020-12-11T21:20:16.627Z,buy,1.01e-06,83277.0,0.08410977
VIB/BTC,1607721618890,2020-12-11T21:20:18.890Z,buy,1.01e-06,78655.0,0.07944155
VIB/BTC,1607721725081,2020-12-11T21:22:05.081Z,sell,1e-06,30084.0,0.030084
VIB/BTC,1607721756571,2020-12-11T21:22:36.571Z,sell,1e-06,56884.0,0.056884
VIB/BTC,1607721758773,2020-12-11T21:22:38.773Z,sell,9.9e-07,280.0,0.0002772
VIB/BTC,1607721797598,2020-12-11T21:23:17.598Z,sell,9.9e-07,1802.0,0.00178398
VIB/BTC,1607721814042,2020-12-11T21:23:34.042Z,buy,1e-06,219.0,0.0002189999999999
VIB/BTC,1607722032908,2020-12-11T21:27:12.908Z,sell,9.9e-07,172338.0,0.17061462
VIB/BTC,1607722372252,2020-12-11T21:32:52.252Z,buy,1e-06,1000.0,0.001
VIB/BTC,1607722595461,2020-12-11T21:36:35.461Z,buy,1e-06,1133.0,0.001133
VIB/BTC,1607722625020,2020-12-11T21:37:05.020Z,sell,9.9e-07,433.0,0.00042867
VIB/BTC,1607722625020,2020-12-11T21:37:05.020Z,sell,9.9e-07,433.0,0.00042867
VIB/BTC,1607723194845,2020-12-11T21:46:34.845Z,sell,9.9e-07,3015.0,0.00298485
VIB/BTC,1607723490727,2020-12-11T21:51:30.727Z,sell,9.9e-07,1042.0,0.00103158
VIB/BTC,1607723816409,2020-12-11T21:56:56.409Z,sell,9.9e-07,249.0,0.00024651
VIB/BTC,1607724110016,2020-12-11T22:01:50.016Z,sell,9.9e-07,27284.0,0.02701116
VIB/BTC,1607724110036,2020-12-11T22:01:50.036Z,buy,9.9e-07,3054.0,0.00302346
VIB/BTC,1607724110139,2020-12-11T22:01:50.139Z,buy,9.9e-07,4841.0,0.00479259
VIB/BTC,1607724136836,2020-12-11T22:02:16.836Z,sell,9.8e-07,32161.0,0.0315177799999999
VIB/BTC,1607724136836,2020-12-11T22:02:16.836Z,sell,9.8e-07,2000.0,0.00196
VIB/BTC,1607724136836,2020-12-11T22:02:16.836Z,sell,9.8e-07,1170.0,0.0011466
VIB/BTC,1607724298097,2020-12-11T22:04:58.097Z,buy,9.9e-07,122.0,0.00012078
VIB/BTC,1607724749548,2020-12-11T22:12:29.548Z,buy,9.9e-07,18577.0,0.01839123
VIB/BTC,1607724847615,2020-12-11T22:14:07.615Z,buy,9.9e-07,367.0,0.00036333
VIB/BTC,1607724876818,2020-12-11T22:14:36.818Z,buy,9.9e-07,7179.0,0.00710721
VIB/BTC,1607725222708,2020-12-11T22:20:22.708Z,sell,9.9e-07,101010.0,0.0999999
VIB/BTC,1607725222708,2020-12-11T22:20:22.708Z,sell,9.9e-07,101010.0,0.0999999
VIB/BTC,1607727373029,2020-12-11T22:56:13.029Z,sell,9.9e-07,3661.0,0.00362439
VIB/BTC,1607727373043,2020-12-11T22:56:13.043Z,buy,9.9e-07,3478.0,0.00344322
VIB/BTC,1607727405748,2020-12-11T22:56:45.748Z,sell,9.8e-07,14776.0,0.0144804799999999
VIB/BTC,1607727405748,2020-12-11T22:56:45.748Z,sell,9.8e-07,14776.0,0.0144804799999999
VIB/BTC,1607729286366,2020-12-11T23:28:06.366Z,sell,9.8e-07,2681.0,0.00262738
VIB/BTC,1607729286366,2020-12-11T23:28:06.366Z,sell,9.8e-07,2681.0,0.00262738
VIB/BTC,1607731295062,2020-12-12T00:01:35.062Z,sell,9.8e-07,183943.0,0.18026414
VIB/BTC,1607731295079,2020-12-12T00:01:35.079Z,buy,9.8e-07,3497.0,0.0034270599999999
VIB/BTC,1607731295141,2020-12-12T00:01:35.141Z,buy,9.8e-07,6334.0,0.00620732
VIB/BTC,1607731295172,2020-12-12T00:01:35.172Z,buy,9.8e-07,6334.0,0.00620732
VIB/BTC,1607731295198,2020-12-12T00:01:35.198Z,buy,9.8e-07,6334.0,0.00620732
VIB/BTC,1607731295273,2020-12-12T00:01:35.273Z,buy,9.8e-07,6334.0,0.00620732
VIB/BTC,1607731295279,2020-12-12T00:01:35.279Z,buy,9.8e-07,41893.0,0.04105514
VIB/BTC,1607731295298,2020-12-12T00:01:35.298Z,buy,9.8e-07,6334.0,0.00620732
VIB/BTC,1607731295330,2020-12-12T00:01:35.330Z,sell,9.7e-07,5654.0,0.00548438
VIB/BTC,1607731309685,2020-12-12T00:01:49.685Z,buy,9.8e-07,2551.0,0.0024999799999999
VIB/BTC,1607731309685,2020-12-12T00:01:49.685Z,buy,9.8e-07,2405.0,0.0023569
VIB/BTC,1607731373656,2020-12-12T00:02:53.656Z,sell,9.7e-07,500.0,0.000485
VIB/BTC,1607731394823,2020-12-12T00:03:14.823Z,sell,9.7e-07,1020.0,0.0009894
VIB/BTC,1607731473346,2020-12-12T00:04:33.346Z,buy,9.8e-07,119.0,0.0001166199999999
VIB/BTC,1607731510493,2020-12-12T00:05:10.493Z,buy,9.8e-07,445.0,0.0004361
VIB/BTC,1607731572938,2020-12-12T00:06:12.938Z,buy,9.8e-07,54085.0,0.0530032999999999
VIB/BTC,1607731601055,2020-12-12T00:06:41.055Z,buy,9.8e-07,351.0,0.0003439799999999
VIB/BTC,1607731666823,2020-12-12T00:07:46.823Z,buy,9.8e-07,6709.0,0.0065748199999999
VIB/BTC,1607731683927,2020-12-12T00:08:03.927Z,buy,9.8e-07,1000.0,0.00098
VIB/BTC,1607731728348,2020-12-12T00:08:48.348Z,sell,9.7e-07,1856.0,0.00180032
VIB/BTC,1607731823072,2020-12-12T00:10:23.072Z,buy,9.8e-07,91520.0,0.0896896
VIB/BTC,1607731885147,2020-12-12T00:11:25.147Z,buy,9.8e-07,5612.0,0.0054997599999999
VIB/BTC,1607731885821,2020-12-12T00:11:25.821Z,buy,9.8e-07,1122.0,0.0010995599999999
VIB/BTC,1607731939769,2020-12-12T00:12:19.769Z,buy,9.8e-07,62125.0,0.0608825
VIB/BTC,1607732427278,2020-12-12T00:20:27.278Z,sell,9.7e-07,6273.0,0.00608481
VIB/BTC,1607732427278,2020-12-12T00:20:27.278Z,sell,9.7e-07,6273.0,0.00608481
VIB/BTC,1607733829133,2020-12-12T00:43:49.133Z,buy,9.8e-07,779.0,0.0007634199999999
VIB/BTC,1607733829307,2020-12-12T00:43:49.307Z,buy,9.8e-07,23329.0,0.0228624199999999
VIB/BTC,1607733829617,2020-12-12T00:43:49.617Z,buy,9.8e-07,49552.0,0.0485609599999999
VIB/BTC,1607734500951,2020-12-12T00:55:00.951Z,buy,9.8e-07,16470.0,0.0161405999999999
VIB/BTC,1607734807216,2020-12-12T01:00:07.216Z,buy,9.8e-07,844.0,0.00082712
VIB/BTC,1607735031863,2020-12-12T01:03:51.863Z,buy,9.8e-07,15018.0,0.0147176399999999
VIB/BTC,1607735126672,2020-12-12T01:05:26.672Z,sell,9.7e-07,91837.0,0.08908189
VIB/BTC,1607735856147,2020-12-12T01:17:36.147Z,buy,9.8e-07,963.0,0.00094374
VIB/BTC,1607735856147,2020-12-12T01:17:36.147Z,buy,9.8e-07,963.0,0.00094374
VIB/BTC,1607736111059,2020-12-12T01:21:51.059Z,buy,9.8e-07,1122.0,0.0010995599999999
VIB/BTC,1607736216888,2020-12-12T01:23:36.888Z,buy,9.8e-07,197995.0,0.1940351
VIB/BTC,1607736517027,2020-12-12T01:28:37.027Z,buy,9.8e-07,738.0,0.00072324
VIB/BTC,1607736517028,2020-12-12T01:28:37.028Z,buy,9.8e-07,738.0,0.00072324
VIB/BTC,1607736517028,2020-12-12T01:28:37.028Z,buy,9.8e-07,738.0,0.00072324
VIB/BTC,1607736517028,2020-12-12T01:28:37.028Z,buy,9.8e-07,738.0,0.00072324
VIB/BTC,1607736517028,2020-12-12T01:28:37.028Z,buy,9.8e-07,738.0,0.00072324
VIB/BTC,1607736517028,2020-12-12T01:28:37.028Z,buy,9.8e-07,738.0,0.00072324
VIB/BTC,1607736517028,2020-12-12T01:28:37.028Z,buy,9.8e-07,738.0,0.00072324
VIB/BTC,1607736517029,2020-12-12T01:28:37.029Z,buy,9.8e-07,738.0,0.00072324
VIB/BTC,1607736517029,2020-12-12T01:28:37.029Z,buy,9.8e-07,738.0,0.00072324
VIB/BTC,1607736517029,2020-12-12T01:28:37.029Z,buy,9.8e-07,738.0,0.00072324
VIB/BTC,1607736517029,2020-12-12T01:28:37.029Z,buy,9.8e-07,738.0,0.00072324
VIB/BTC,1607736517029,2020-12-12T01:28:37.029Z,buy,9.8e-07,738.0,0.00072324
VIB/BTC,1607736517030,2020-12-12T01:28:37.030Z,buy,9.8e-07,738.0,0.00072324
VIB/BTC,1607736517030,2020-12-12T01:28:37.030Z,buy,9.8e-07,738.0,0.00072324
VIB/BTC,1607736517030,2020-12-12T01:28:37.030Z,buy,9.8e-07,738.0,0.00072324
VIB/BTC,1607736517030,2020-12-12T01:28:37.030Z,buy,9.8e-07,738.0,0.00072324
VIB/BTC,1607736517031,2020-12-12T01:28:37.031Z,buy,9.8e-07,738.0,0.00072324
VIB/BTC,1607736517031,2020-12-12T01:28:37.031Z,buy,9.8e-07,738.0,0.00072324
VIB/BTC,1607736517031,2020-12-12T01:28:37.031Z,buy,9.8e-07,738.0,0.00072324
VIB/BTC,1607736517031,2020-12-12T01:28:37.031Z,buy,9.8e-07,738.0,0.00072324
VIB/BTC,1607736517031,2020-12-12T01:28:37.031Z,buy,9.8e-07,738.0,0.00072324
VIB/BTC,1607736517032,2020-12-12T01:28:37.032Z,buy,9.8e-07,738.0,0.00072324
VIB/BTC,1607736517032,2020-12-12T01:28:37.032Z,buy,9.8e-07,738.0,0.00072324
VIB/BTC,1607736517033,2020-12-12T01:28:37.033Z,buy,9.8e-07,738.0,0.00072324
VIB/BTC,1607736517033,2020-12-12T01:28:37.033Z,buy,9.8e-07,738.0,0.00072324
VIB/BTC,1607736517033,2020-12-12T01:28:37.033Z,buy,9.8e-07,738.0,0.00072324
VIB/BTC,1607736517033,2020-12-12T01:28:37.033Z,buy,9.8e-07,738.0,0.00072324
VIB/BTC,1607736517033,2020-12-12T01:28:37.033Z,buy,9.8e-07,738.0,0.00072324
VIB/BTC,1607736517033,2020-12-12T01:28:37.033Z,buy,9.8e-07,738.0,0.00072324
VIB/BTC,1607736517033,2020-12-12T01:28:37.033Z,buy,9.8e-07,738.0,0.00072324
VIB/BTC,1607736517034,2020-12-12T01:28:37.034Z,buy,9.8e-07,738.0,0.00072324
VIB/BTC,1607736517034,2020-12-12T01:28:37.034Z,buy,9.8e-07,738.0,0.00072324
VIB/BTC,1607736517034,2020-12-12T01:28:37.034Z,buy,9.8e-07,738.0,0.00072324
VIB/BTC,1607736517034,2020-12-12T01:28:37.034Z,buy,9.8e-07,738.0,0.00072324
VIB/BTC,1607736517035,2020-12-12T01:28:37.035Z,buy,9.8e-07,738.0,0.00072324
VIB/BTC,1607736517035,2020-12-12T01:28:37.035Z,buy,9.8e-07,738.0,0.00072324
VIB/BTC,1607736517036,2020-12-12T01:28:37.036Z,buy,9.8e-07,738.0,0.00072324
VIB/BTC,1607736517036,2020-12-12T01:28:37.036Z,buy,9.8e-07,738.0,0.00072324
VIB/BTC,1607736517036,2020-12-12T01:28:37.036Z,buy,9.8e-07,738.0,0.00072324
VIB/BTC,1607736517036,2020-12-12T01:28:37.036Z,buy,9.8e-07,738.0,0.00072324
VIB/BTC,1607736517036,2020-12-12T01:28:37.036Z,buy,9.8e-07,738.0,0.00072324
VIB/BTC,1607736517036,2020-12-12T01:28:37.036Z,buy,9.8e-07,738.0,0.00072324
VIB/BTC,1607736517037,2020-12-12T01:28:37.037Z,buy,9.8e-07,6334.0,0.00620732
VIB/BTC,1607736517038,2020-12-12T01:28:37.038Z,buy,9.8e-07,738.0,0.00072324
VIB/BTC,1607736517038,2020-12-12T01:28:37.038Z,buy,9.8e-07,14002.0,0.0137219599999999
VIB/BTC,1607736517041,2020-12-12T01:28:37.041Z,buy,9.8e-07,738.0,0.00072324
VIB/BTC,1607736517044,2020-12-12T01:28:37.044Z,buy,9.8e-07,738.0,0.00072324
VIB/BTC,1607736517076,2020-12-12T01:28:37.076Z,sell,9.7e-07,10591.0,0.01027327
VIB/BTC,1607736615492,2020-12-12T01:30:15.492Z,sell,9.7e-07,14919.0,0.01447143
VIB/BTC,1607737988416,2020-12-12T01:53:08.416Z,sell,9.7e-07,11492.0,0.01114724
VIB/BTC,1607738318025,2020-12-12T01:58:38.025Z,sell,9.7e-07,5128.0,0.00497416
VIB/BTC,1607738334216,2020-12-12T01:58:54.216Z,buy,9.7e-07,3064.0,0.00297208
VIB/BTC,1607738461082,2020-12-12T02:01:01.082Z,buy,9.7e-07,4269.0,0.00414093
VIB/BTC,1607738537913,2020-12-12T02:02:17.913Z,buy,9.7e-07,221.0,0.00021437
VIB/BTC,1607738538036,2020-12-12T02:02:18.036Z,buy,9.7e-07,1330.0,0.0012901
VIB/BTC,1607738651502,2020-12-12T02:04:11.502Z,buy,9.7e-07,628.0,0.00060916
VIB/BTC,1607738651647,2020-12-12T02:04:11.647Z,buy,9.7e-07,511.0,0.00049567
VIB/BTC,1607738719106,2020-12-12T02:05:19.106Z,buy,9.7e-07,1066.0,0.00103402
VIB/BTC,1607738719106,2020-12-12T02:05:19.106Z,buy,9.7e-07,1066.0,0.00103402
VIB/BTC,1607740021751,2020-12-12T02:27:01.751Z,buy,9.7e-07,9298.0,0.00901906
VIB/BTC,1607740360852,2020-12-12T02:32:40.852Z,buy,9.7e-07,89731.0,0.08703907
VIB/BTC,1607740421690,2020-12-12T02:33:41.690Z,buy,9.7e-07,4493.0,0.00435821
VIB/BTC,1607740428360,2020-12-12T02:33:48.360Z,buy,9.7e-07,14384.0,0.01395248
VIB/BTC,1607740751258,2020-12-12T02:39:11.258Z,buy,9.7e-07,323.0,0.00031331
VIB/BTC,1607741068600,2020-12-12T02:44:28.600Z,buy,9.7e-07,6399.0,0.00620703
VIB/BTC,1607741068634,2020-12-12T02:44:28.634Z,buy,9.7e-07,6399.0,0.00620703
VIB/BTC,1607741068664,2020-12-12T02:44:28.664Z,buy,9.7e-07,6399.0,0.00620703
VIB/BTC,1607741068691,2020-12-12T02:44:28.691Z,buy,9.7e-07,1841.0,0.00178577
VIB/BTC,1607741799849,2020-12-12T02:56:39.849Z,buy,9.7e-07,1423.0,0.00138031
VIB/BTC,1607741809978,2020-12-12T02:56:49.978Z,buy,9.7e-07,656.0,0.00063632
VIB/BTC,1607741941506,2020-12-12T02:59:01.506Z,buy,9.7e-07,10527.0,0.01021119
VIB/BTC,1607741953605,2020-12-12T02:59:13.605Z,buy,9.7e-07,98202.0,0.09525594
VIB/BTC,1607742001607,2020-12-12T03:00:01.607Z,buy,9.7e-07,104.0,0.00010088
VIB/BTC,1607742271828,2020-12-12T03:04:31.828Z,buy,9.7e-07,1020.0,0.0009894
VIB/BTC,1607742273244,2020-12-12T03:04:33.244Z,buy,9.7e-07,2933.0,0.00284501
VIB/BTC,1607742273244,2020-12-12T03:04:33.244Z,buy,9.7e-07,2933.0,0.00284501
VIB/BTC,1607742491994,2020-12-12T03:08:11.994Z,buy,9.7e-07,834.0,0.00080898
VIB/BTC,1607743299053,2020-12-12T03:21:39.053Z,buy,9.7e-07,161.0,0.00015617
VIB/BTC,1607743694274,2020-12-12T03:28:14.274Z,buy,9.7e-07,104.0,0.00010088
VIB/BTC,1607744700981,2020-12-12T03:45:00.981Z,buy,9.7e-07,577.0,0.00055969
VIB/BTC,1607744713945,2020-12-12T03:45:13.945Z,buy,9.8e-07,118.0,0.00011564
VIB/BTC,1607744839237,2020-12-12T03:47:19.237Z,buy,9.8e-07,105.0,0.0001029
VIB/BTC,1607744882644,2020-12-12T03:48:02.644Z,buy,9.8e-07,9393.0,0.0092051399999999
VIB/BTC,1607744954817,2020-12-12T03:49:14.817Z,buy,9.8e-07,104.0,0.00010192
VIB/BTC,1607745170442,2020-12-12T03:52:50.442Z,buy,9.8e-07,9888.0,0.00969024
VIB/BTC,1607745170442,2020-12-12T03:52:50.442Z,buy,9.8e-07,9888.0,0.00969024
VIB/BTC,1607745991298,2020-12-12T04:06:31.298Z,sell,9.7e-07,122188.0,0.11852236
VIB/BTC,1607746005529,2020-12-12T04:06:45.529Z,sell,9.6e-07,484285.0,0.4649136
VIB/BTC,1607746005529,2020-12-12T04:06:45.529Z,sell,9.5e-07,307365.0,0.29199675
VIB/BTC,1607746005542,2020-12-12T04:06:45.542Z,buy,9.5e-07,1429.0,0.00135755
VIB/BTC,1607746005548,2020-12-12T04:06:45.548Z,buy,9.6e-07,4046.0,0.0038841599999999
VIB/BTC,1607746005601,2020-12-12T04:06:45.601Z,sell,9.5e-07,6014.0,0.0057133
VIB/BTC,1607746007620,2020-12-12T04:06:47.620Z,sell,9.5e-07,303.0,0.00028785
VIB/BTC,1607746007656,2020-12-12T04:06:47.656Z,buy,9.5e-07,3187.0,0.00302765
VIB/BTC,1607746007747,2020-12-12T04:06:47.747Z,buy,9.5e-07,8557.0,0.00812915
VIB/BTC,1607746022199,2020-12-12T04:07:02.199Z,buy,9.5e-07,12302.0,0.0116869
VIB/BTC,1607746022602,2020-12-12T04:07:02.602Z,buy,9.5e-07,166059.0,0.15775605
VIB/BTC,1607746022642,2020-12-12T04:07:02.642Z,buy,9.5e-07,6325.0,0.00600875
VIB/BTC,1607746065902,2020-12-12T04:07:45.902Z,buy,9.6e-07,22681.0,0.02177376
VIB/BTC,1607746065902,2020-12-12T04:07:45.902Z,buy,9.6e-07,5480.0,0.0052607999999999
VIB/BTC,1607746065902,2020-12-12T04:07:45.902Z,buy,9.6e-07,4939.0,0.0047414399999999
VIB/BTC,1607746065903,2020-12-12T04:07:45.903Z,buy,9.6e-07,12263.0,0.0117724799999999
VIB/BTC,1607746089302,2020-12-12T04:08:09.302Z,sell,9.5e-07,348534.0,0.3311073
VIB/BTC,1607746089811,2020-12-12T04:08:09.811Z,sell,9.5e-07,108.0,0.0001026
VIB/BTC,1607746097216,2020-12-12T04:08:17.216Z,buy,9.6e-07,1042.0,0.0010003199999999
VIB/BTC,1607746098825,2020-12-12T04:08:18.825Z,sell,9.5e-07,85195.0,0.08093525
VIB/BTC,1607746105746,2020-12-12T04:08:25.746Z,buy,9.6e-07,1042.0,0.0010003199999999
VIB/BTC,1607746109849,2020-12-12T04:08:29.849Z,sell,9.5e-07,1053.0,0.00100035
VIB/BTC,1607746116396,2020-12-12T04:08:36.396Z,sell,9.4e-07,208501.0,0.19599094
VIB/BTC,1607746118967,2020-12-12T04:08:38.967Z,buy,9.5e-07,849.0,0.00080655
VIB/BTC,1607746120547,2020-12-12T04:08:40.547Z,buy,9.5e-07,1532.0,0.0014554
VIB/BTC,1607746127700,2020-12-12T04:08:47.700Z,sell,9.4e-07,39354.0,0.03699276
VIB/BTC,1607746227671,2020-12-12T04:10:27.671Z,buy,9.5e-07,12104.0,0.0114988
VIB/BTC,1607746290504,2020-12-12T04:11:30.504Z,buy,9.6e-07,123.0,0.00011808
VIB/BTC,1607746358472,2020-12-12T04:12:38.472Z,buy,9.6e-07,38653.0,0.0371068799999999
VIB/BTC,1607746403938,2020-12-12T04:13:23.938Z,sell,9.5e-07,147034.0,0.1396823
VIB/BTC,1607746412912,2020-12-12T04:13:32.912Z,sell,9.4e-07,322639.0,0.30328066
VIB/BTC,1607746481790,2020-12-12T04:14:41.790Z,buy,9.5e-07,15297.0,0.01453215
VIB/BTC,1607746482826,2020-12-12T04:14:42.826Z,buy,9.5e-07,4225.0,0.00401375
VIB/BTC,1607746495019,2020-12-12T04:14:55.019Z,buy,9.5e-07,1274.0,0.0012103
VIB/BTC,1607746501597,2020-12-12T04:15:01.597Z,buy,9.5e-07,588.0,0.0005586
VIB/BTC,1607746510921,2020-12-12T04:15:10.921Z,sell,9.5e-07,15281.0,0.01451695
VIB/BTC,1607746894359,2020-12-12T04:21:34.359Z,buy,9.6e-07,1333.0,0.0012796799999999
VIB/BTC,1607746938199,2020-12-12T04:22:18.199Z,sell,9.5e-07,1042.0,0.0009899
VIB/BTC,1607747555097,2020-12-12T04:32:35.097Z,sell,9.5e-07,4493.0,0.00426835
VIB/BTC,1607747563758,2020-12-12T04:32:43.758Z,sell,9.5e-07,48276.0,0.0458622
VIB/BTC,1607747645803,2020-12-12T04:34:05.803Z,buy,9.6e-07,105.0,0.0001008
VIB/BTC,1607747661718,2020-12-12T04:34:21.718Z,buy,9.6e-07,105.0,0.0001008
VIB/BTC,1607747741963,2020-12-12T04:35:41.963Z,buy,9.6e-07,43086.0,0.04136256
VIB/BTC,1607747765744,2020-12-12T04:36:05.744Z,sell,9.6e-07,410.0,0.0003935999999999
VIB/BTC,1607747773265,2020-12-12T04:36:13.265Z,buy,9.7e-07,104.0,0.00010088
VIB/BTC,1607747851955,2020-12-12T04:37:31.955Z,sell,9.6e-07,21940.0,0.0210624
VIB/BTC,1607747930871,2020-12-12T04:38:50.871Z,buy,9.6e-07,1087.0,0.0010435199999999
VIB/BTC,1607748168259,2020-12-12T04:42:48.259Z,sell,9.5e-07,21102.0,0.0200469
VIB/BTC,1607748190784,2020-12-12T04:43:10.784Z,buy,9.6e-07,106.0,0.0001017599999999
VIB/BTC,1607748665464,2020-12-12T04:51:05.464Z,buy,9.6e-07,6466.0,0.0062073599999999
VIB/BTC,1607748665490,2020-12-12T04:51:05.490Z,buy,9.6e-07,6466.0,0.0062073599999999
VIB/BTC,1607748665517,2020-12-12T04:51:05.517Z,buy,9.6e-07,6466.0,0.0062073599999999
VIB/BTC,1607748665554,2020-12-12T04:51:05.554Z,buy,9.6e-07,1607.0,0.0015427199999999
VIB/BTC,1607748665564,2020-12-12T04:51:05.564Z,buy,9.6e-07,1607.0,0.0015427199999999
VIB/BTC,1607748686399,2020-12-12T04:51:26.399Z,sell,9.5e-07,1167.0,0.00110865
VIB/BTC,1607748686399,2020-12-12T04:51:26.399Z,sell,9.5e-07,1167.0,0.00110865
VIB/BTC,1607748779989,2020-12-12T04:52:59.989Z,buy,9.6e-07,30.0,2.88e-05
VIB/BTC,1607749294410,2020-12-12T05:01:34.410Z,sell,9.5e-07,14266.0,0.0135527
VIB/BTC,1607749294411,2020-12-12T05:01:34.411Z,sell,9.5e-07,5025.0,0.00477375
VIB/BTC,1607749294617,2020-12-12T05:01:34.617Z,sell,9.5e-07,6394.0,0.0060743
VIB/BTC,1607749294619,2020-12-12T05:01:34.619Z,sell,9.5e-07,327.0,0.00031065
VIB/BTC,1607749358727,2020-12-12T05:02:38.727Z,buy,9.5e-07,120.0,0.000114
VIB/BTC,1607749368061,2020-12-12T05:02:48.061Z,buy,9.5e-07,7239.0,0.00687705
VIB/BTC,1607749368066,2020-12-12T05:02:48.066Z,sell,9.5e-07,5762.0,0.0054739
VIB/BTC,1607749368073,2020-12-12T05:02:48.073Z,sell,9.5e-07,334.0,0.0003173
VIB/BTC,1607749368089,2020-12-12T05:02:48.089Z,sell,9.5e-07,353.0,0.00033535
VIB/BTC,1607749394055,2020-12-12T05:03:14.055Z,buy,9.6e-07,5000.0,0.0048
VIB/BTC,1607749671380,2020-12-12T05:07:51.380Z,buy,9.6e-07,1308.0,0.00125568
VIB/BTC,1607749777594,2020-12-12T05:09:37.594Z,sell,9.5e-07,653.0,0.00062035
VIB/BTC,1607749777691,2020-12-12T05:09:37.691Z,sell,9.5e-07,653.0,0.00062035
VIB/BTC,1607749777801,2020-12-12T05:09:37.801Z,sell,9.5e-07,653.0,0.00062035
VIB/BTC,1607749777895,2020-12-12T05:09:37.895Z,sell,9.5e-07,653.0,0.00062035
VIB/BTC,1607749777995,2020-12-12T05:09:37.995Z,sell,9.5e-07,653.0,0.00062035
VIB/BTC,1607749778115,2020-12-12T05:09:38.115Z,sell,9.5e-07,653.0,0.00062035
VIB/BTC,1607749778219,2020-12-12T05:09:38.219Z,sell,9.5e-07,653.0,0.00062035
VIB/BTC,1607749778347,2020-12-12T05:09:38.347Z,sell,9.5e-07,653.0,0.00062035
VIB/BTC,1607749778453,2020-12-12T05:09:38.453Z,sell,9.5e-07,653.0,0.00062035
VIB/BTC,1607749778563,2020-12-12T05:09:38.563Z,sell,9.5e-07,647.0,0.00061465
VIB/BTC,1607750018755,2020-12-12T05:13:38.755Z,sell,9.5e-07,19491.0,0.01851645
VIB/BTC,1607750114466,2020-12-12T05:15:14.466Z,buy,9.6e-07,106.0,0.0001017599999999
VIB/BTC,1607750146841,2020-12-12T05:15:46.841Z,buy,9.6e-07,22587.0,0.0216835199999999
VIB/BTC,1607750160222,2020-12-12T05:16:00.222Z,buy,9.6e-07,2073.0,0.00199008
VIB/BTC,1607751428855,2020-12-12T05:37:08.855Z,sell,9.5e-07,167972.0,0.1595734
VIB/BTC,1607751429045,2020-12-12T05:37:09.045Z,sell,9.5e-07,233.0,0.00022135
VIB/BTC,1607751476100,2020-12-12T05:37:56.100Z,buy,9.6e-07,133.0,0.00012768
VIB/BTC,1607751489697,2020-12-12T05:38:09.697Z,sell,9.5e-07,7980.0,0.007581
VIB/BTC,1607751513034,2020-12-12T05:38:33.034Z,sell,9.5e-07,473.0,0.00044935
VIB/BTC,1607751514049,2020-12-12T05:38:34.049Z,sell,9.5e-07,420.0,0.000399
VIB/BTC,1607751521144,2020-12-12T05:38:41.144Z,buy,9.6e-07,106.0,0.0001017599999999
VIB/BTC,1607751591997,2020-12-12T05:39:51.997Z,buy,9.6e-07,4166.0,0.0039993599999999
VIB/BTC,1607751873805,2020-12-12T05:44:33.805Z,buy,9.6e-07,104062.0,0.0998995199999999
VIB/BTC,1607751954443,2020-12-12T05:45:54.443Z,buy,9.6e-07,849.0,0.00081504
VIB/BTC,1607752025796,2020-12-12T05:47:05.796Z,buy,9.6e-07,125.0,0.0001199999999999
VIB/BTC,1607752025796,2020-12-12T05:47:05.796Z,buy,9.6e-07,125.0,0.0001199999999999
VIB/BTC,1607753020996,2020-12-12T06:03:40.996Z,sell,9.5e-07,4995.0,0.00474525
VIB/BTC,1607753044755,2020-12-12T06:04:04.755Z,buy,9.6e-07,106.0,0.0001017599999999
VIB/BTC,1607753478617,2020-12-12T06:11:18.617Z,sell,9.5e-07,203.0,0.00019285
VIB/BTC,1607753560862,2020-12-12T06:12:40.862Z,buy,9.6e-07,106.0,0.0001017599999999
VIB/BTC,1607754343663,2020-12-12T06:25:43.663Z,sell,9.5e-07,39520.0,0.037544
VIB/BTC,1607754469111,2020-12-12T06:27:49.111Z,sell,9.5e-07,1085.0,0.00103075
VIB/BTC,1607754488029,2020-12-12T06:28:08.029Z,sell,9.5e-07,39521.0,0.03754495
VIB/BTC,1607754548657,2020-12-12T06:29:08.657Z,sell,9.5e-07,57361.0,0.05449295
VIB/BTC,1607754709898,2020-12-12T06:31:49.898Z,sell,9.5e-07,400.0,0.00038
VIB/BTC,1607754714729,2020-12-12T06:31:54.729Z,buy,9.6e-07,106.0,0.0001017599999999
VIB/BTC,1607754794582,2020-12-12T06:33:14.582Z,sell,9.5e-07,11283.0,0.01071885
VIB/BTC,1607754901576,2020-12-12T06:35:01.576Z,sell,9.5e-07,9776.0,0.0092872
VIB/BTC,1607754977495,2020-12-12T06:36:17.495Z,buy,9.6e-07,106.0,0.0001017599999999
VIB/BTC,1607754991035,2020-12-12T06:36:31.035Z,sell,9.5e-07,949.0,0.00090155
VIB/BTC,1607755143489,2020-12-12T06:39:03.489Z,buy,9.5e-07,241.0,0.00022895
VIB/BTC,1607755143512,2020-12-12T06:39:03.512Z,sell,9.5e-07,3616.0,0.0034352
VIB/BTC,1607755604812,2020-12-12T06:46:44.812Z,buy,9.5e-07,3116.0,0.0029602
VIB/BTC,1607755604840,2020-12-12T06:46:44.840Z,sell,9.5e-07,6422.0,0.0061009
VIB/BTC,1607755604866,2020-12-12T06:46:44.866Z,sell,9.5e-07,6422.0,0.0061009
VIB/BTC,1607755604894,2020-12-12T06:46:44.894Z,sell,9.5e-07,6422.0,0.0061009
VIB/BTC,1607755604913,2020-12-12T06:46:44.913Z,sell,9.5e-07,19326.0,0.0183597
VIB/BTC,1607755604913,2020-12-12T06:46:44.913Z,sell,9.4e-07,6422.0,0.00603668
VIB/BTC,1607755604913,2020-12-12T06:46:44.913Z,sell,9.5e-07,19326.0,0.0183597
VIB/BTC,1607755604913,2020-12-12T06:46:44.913Z,sell,9.4e-07,6422.0,0.00603668
VIB/BTC,1607755664607,2020-12-12T06:47:44.607Z,buy,9.5e-07,106.0,0.0001007
VIB/BTC,1607755713686,2020-12-12T06:48:33.686Z,sell,9.4e-07,748.0,0.00070312
VIB/BTC,1607755788681,2020-12-12T06:49:48.681Z,sell,9.4e-07,420.0,0.0003948
VIB/BTC,1607755794172,2020-12-12T06:49:54.172Z,buy,9.5e-07,106.0,0.0001007
VIB/BTC,1607756553605,2020-12-12T07:02:33.605Z,buy,9.5e-07,15313.0,0.01454735
VIB/BTC,1607756553605,2020-12-12T07:02:33.605Z,buy,9.6e-07,13428.0,0.0128908799999999
VIB/BTC,1607757067923,2020-12-12T07:11:07.923Z,buy,9.5e-07,327.0,0.00031065
VIB/BTC,1607757381981,2020-12-12T07:16:21.981Z,buy,9.5e-07,1319.0,0.00125305
VIB/BTC,1607757758735,2020-12-12T07:22:38.735Z,sell,9.5e-07,29040.0,0.027588
VIB/BTC,1607757928947,2020-12-12T07:25:28.947Z,buy,9.6e-07,106.0,0.0001017599999999
VIB/BTC,1607759108885,2020-12-12T07:45:08.885Z,sell,9.5e-07,63598.0,0.0604181
VIB/BTC,1607759108893,2020-12-12T07:45:08.893Z,buy,9.5e-07,33.0,3.135e-05
VIB/BTC,1607759108893,2020-12-12T07:45:08.893Z,buy,9.5e-07,33.0,3.135e-05
VIB/BTC,1607760278767,2020-12-12T08:04:38.767Z,sell,9.4e-07,974.0,0.00091556
VIB/BTC,1607760469530,2020-12-12T08:07:49.530Z,sell,9.4e-07,1300.0,0.001222
VIB/BTC,1607760521954,2020-12-12T08:08:41.954Z,buy,9.5e-07,106.0,0.0001007
VIB/BTC,1607760621975,2020-12-12T08:10:21.975Z,buy,9.5e-07,5000.0,0.00475
VIB/BTC,1607761943978,2020-12-12T08:32:23.978Z,buy,9.5e-07,68057.0,0.06465415
VIB/BTC,1607761944002,2020-12-12T08:32:24.002Z,sell,9.5e-07,2479.0,0.00235505
VIB/BTC,1607761944226,2020-12-12T08:32:24.226Z,sell,9.5e-07,27047.0,0.02569465
VIB/BTC,1607761945202,2020-12-12T08:32:25.202Z,sell,9.5e-07,225.0,0.00021375
VIB/BTC,1607761952561,2020-12-12T08:32:32.561Z,buy,9.6e-07,106.0,0.0001017599999999
VIB/BTC,1607761965835,2020-12-12T08:32:45.835Z,sell,9.5e-07,364.0,0.0003458
VIB/BTC,1607761973487,2020-12-12T08:32:53.487Z,buy,9.6e-07,110.0,0.0001055999999999
VIB/BTC,1607761988649,2020-12-12T08:33:08.649Z,sell,9.5e-07,7794.0,0.0074043
VIB/BTC,1607762066320,2020-12-12T08:34:26.320Z,buy,9.5e-07,97750.0,0.0928625
VIB/BTC,1607762226427,2020-12-12T08:37:06.427Z,sell,9.5e-07,420.0,0.000399
VIB/BTC,1607762234934,2020-12-12T08:37:14.934Z,buy,9.6e-07,106.0,0.0001017599999999
VIB/BTC,1607762282301,2020-12-12T08:38:02.301Z,buy,9.6e-07,2110.0,0.0020256
VIB/BTC,1607762486749,2020-12-12T08:41:26.749Z,sell,9.5e-07,172786.0,0.1641467
VIB/BTC,1607762489477,2020-12-12T08:41:29.477Z,buy,9.5e-07,105290.0,0.1000255
VIB/BTC,1607762491918,2020-12-12T08:41:31.918Z,sell,9.5e-07,32654.0,0.0310213
VIB/BTC,1607762527623,2020-12-12T08:42:07.623Z,sell,9.5e-07,178300.0,0.169385
VIB/BTC,1607762529675,2020-12-12T08:42:09.675Z,buy,9.5e-07,80030.0,0.0760285
VIB/BTC,1607762533045,2020-12-12T08:42:13.045Z,sell,9.5e-07,199531.0,0.18955445
VIB/BTC,1607762534636,2020-12-12T08:42:14.636Z,buy,9.6e-07,106.0,0.0001017599999999
VIB/BTC,1607762541224,2020-12-12T08:42:21.224Z,buy,9.6e-07,658211.0,0.63188256
VIB/BTC,1607762547190,2020-12-12T08:42:27.190Z,buy,9.6e-07,368220.0,0.3534911999999999
VIB/BTC,1607762550108,2020-12-12T08:42:30.108Z,buy,9.6e-07,314111.0,0.3015465599999999
VIB/BTC,1607762597270,2020-12-12T08:43:17.270Z,buy,9.6e-07,289619.0,0.27803424
VIB/BTC,1607762599597,2020-12-12T08:43:19.597Z,sell,9.6e-07,140115.0,0.1345103999999999
VIB/BTC,1607762599597,2020-12-12T08:43:19.597Z,sell,9.6e-07,140115.0,0.1345103999999999
VIB/BTC,1607762973213,2020-12-12T08:49:33.213Z,buy,9.6e-07,150.0,0.0001439999999999
VIB/BTC,1607763397814,2020-12-12T08:56:37.814Z,buy,9.6e-07,16013.0,0.0153724799999999
VIB/BTC,1607763976695,2020-12-12T09:06:16.695Z,sell,9.5e-07,308194.0,0.2927843
VIB/BTC,1607763976704,2020-12-12T09:06:16.704Z,buy,9.5e-07,4529.0,0.00430255
VIB/BTC,1607763976704,2020-12-12T09:06:16.704Z,buy,9.5e-07,1664.0,0.0015808
VIB/BTC,1607763976704,2020-12-12T09:06:16.704Z,buy,9.5e-07,1664.0,0.0015808
VIB/BTC,1607763976704,2020-12-12T09:06:16.704Z,buy,9.5e-07,1664.0,0.0015808
VIB/BTC,1607763976704,2020-12-12T09:06:16.704Z,buy,9.5e-07,1664.0,0.0015808
VIB/BTC,1607763976704,2020-12-12T09:06:16.704Z,buy,9.5e-07,1664.0,0.0015808
VIB/BTC,1607763976704,2020-12-12T09:06:16.704Z,buy,9.5e-07,1664.0,0.0015808
VIB/BTC,1607763976705,2020-12-12T09:06:16.705Z,buy,9.5e-07,1664.0,0.0015808
VIB/BTC,1607763976705,2020-12-12T09:06:16.705Z,buy,9.5e-07,1664.0,0.0015808
VIB/BTC,1607763976705,2020-12-12T09:06:16.705Z,buy,9.5e-07,1664.0,0.0015808
VIB/BTC,1607763976705,2020-12-12T09:06:16.705Z,buy,9.5e-07,1664.0,0.0015808
VIB/BTC,1607763976706,2020-12-12T09:06:16.706Z,buy,9.5e-07,4529.0,0.00430255
VIB/BTC,1607763976706,2020-12-12T09:06:16.706Z,buy,9.5e-07,4529.0,0.00430255
VIB/BTC,1607763976706,2020-12-12T09:06:16.706Z,buy,9.5e-07,4529.0,0.00430255
VIB/BTC,1607763976706,2020-12-12T09:06:16.706Z,buy,9.5e-07,4529.0,0.00430255
VIB/BTC,1607763976706,2020-12-12T09:06:16.706Z,buy,9.5e-07,1664.0,0.0015808
VIB/BTC,1607763976706,2020-12-12T09:06:16.706Z,buy,9.5e-07,1664.0,0.0015808
VIB/BTC,1607763976707,2020-12-12T09:06:16.707Z,buy,9.5e-07,6412.0,0.0060914
VIB/BTC,1607763976707,2020-12-12T09:06:16.707Z,buy,9.5e-07,1664.0,0.0015808
VIB/BTC,1607763976707,2020-12-12T09:06:16.707Z,buy,9.5e-07,1664.0,0.0015808
VIB/BTC,1607763976707,2020-12-12T09:06:16.707Z,buy,9.5e-07,4529.0,0.00430255
VIB/BTC,1607763976707,2020-12-12T09:06:16.707Z,buy,9.5e-07,1664.0,0.0015808
VIB/BTC,1607763976707,2020-12-12T09:06:16.707Z,buy,9.5e-07,1664.0,0.0015808
VIB/BTC,1607763976708,2020-12-12T09:06:16.708Z,buy,9.5e-07,1664.0,0.0015808
VIB/BTC,1607763976708,2020-12-12T09:06:16.708Z,buy,9.5e-07,1664.0,0.0015808
VIB/BTC,1607763976708,2020-12-12T09:06:16.708Z,buy,9.5e-07,1664.0,0.0015808
VIB/BTC,1607763976708,2020-12-12T09:06:16.708Z,buy,9.5e-07,1664.0,0.0015808
VIB/BTC,1607763976708,2020-12-12T09:06:16.708Z,buy,9.5e-07,1664.0,0.0015808
VIB/BTC,1607763976709,2020-12-12T09:06:16.709Z,buy,9.5e-07,1664.0,0.0015808
VIB/BTC,1607763976709,2020-12-12T09:06:16.709Z,buy,9.5e-07,1664.0,0.0015808
VIB/BTC,1607763976709,2020-12-12T09:06:16.709Z,buy,9.5e-07,1664.0,0.0015808
VIB/BTC,1607763976709,2020-12-12T09:06:16.709Z,buy,9.5e-07,1664.0,0.0015808
VIB/BTC,1607763976709,2020-12-12T09:06:16.709Z,buy,9.5e-07,1664.0,0.0015808
VIB/BTC,1607763976709,2020-12-12T09:06:16.709Z,buy,9.5e-07,1664.0,0.0015808
VIB/BTC,1607763976709,2020-12-12T09:06:16.709Z,buy,9.5e-07,1664.0,0.0015808
VIB/BTC,1607763976709,2020-12-12T09:06:16.709Z,buy,9.5e-07,1664.0,0.0015808
VIB/BTC,1607763976710,2020-12-12T09:06:16.710Z,buy,9.5e-07,1664.0,0.0015808
VIB/BTC,1607763976710,2020-12-12T09:06:16.710Z,buy,9.5e-07,1664.0,0.0015808
VIB/BTC,1607763976711,2020-12-12T09:06:16.711Z,buy,9.5e-07,14002.0,0.0133019
VIB/BTC,1607763976711,2020-12-12T09:06:16.711Z,buy,9.5e-07,1664.0,0.0015808
VIB/BTC,1607763976711,2020-12-12T09:06:16.711Z,buy,9.5e-07,1664.0,0.0015808
VIB/BTC,1607763976711,2020-12-12T09:06:16.711Z,buy,9.5e-07,1664.0,0.0015808
VIB/BTC,1607763976711,2020-12-12T09:06:16.711Z,buy,9.5e-07,1664.0,0.0015808
VIB/BTC,1607763976711,2020-12-12T09:06:16.711Z,buy,9.5e-07,1664.0,0.0015808
VIB/BTC,1607763976712,2020-12-12T09:06:16.712Z,buy,9.5e-07,1664.0,0.0015808
VIB/BTC,1607763976712,2020-12-12T09:06:16.712Z,buy,9.5e-07,1664.0,0.0015808
VIB/BTC,1607763976712,2020-12-12T09:06:16.712Z,buy,9.5e-07,1664.0,0.0015808
VIB/BTC,1607763976712,2020-12-12T09:06:16.712Z,buy,9.5e-07,1664.0,0.0015808
VIB/BTC,1607763976712,2020-12-12T09:06:16.712Z,buy,9.5e-07,1664.0,0.0015808
VIB/BTC,1607763976713,2020-12-12T09:06:16.713Z,buy,9.5e-07,1664.0,0.0015808
VIB/BTC,1607763976713,2020-12-12T09:06:16.713Z,buy,9.5e-07,1664.0,0.0015808
VIB/BTC,1607763976713,2020-12-12T09:06:16.713Z,buy,9.5e-07,1664.0,0.0015808
VIB/BTC,1607763976713,2020-12-12T09:06:16.713Z,buy,9.5e-07,1664.0,0.0015808
VIB/BTC,1607763976727,2020-12-12T09:06:16.727Z,buy,9.5e-07,16030.0,0.0152285
VIB/BTC,1607763977355,2020-12-12T09:06:17.355Z,buy,9.5e-07,2051.0,0.00194845
VIB/BTC,1607763982085,2020-12-12T09:06:22.085Z,buy,9.5e-07,214815.0,0.20407425
VIB/BTC,1607763983977,2020-12-12T09:06:23.977Z,sell,9.5e-07,214815.0,0.20407425
VIB/BTC,1607764005833,2020-12-12T09:06:45.833Z,buy,9.6e-07,282795.0,0.2714832
VIB/BTC,1607764583003,2020-12-12T09:16:23.003Z,sell,9.5e-07,20492.0,0.0194674
VIB/BTC,1607764623205,2020-12-12T09:17:03.205Z,buy,9.5e-07,120.0,0.000114
VIB/BTC,1607764623476,2020-12-12T09:17:03.476Z,buy,9.5e-07,106.0,0.0001007
VIB/BTC,1607764691051,2020-12-12T09:18:11.051Z,buy,9.5e-07,81736.0,0.0776492
VIB/BTC,1607764710638,2020-12-12T09:18:30.638Z,buy,9.5e-07,4712.0,0.0044764
VIB/BTC,1607764767757,2020-12-12T09:19:27.757Z,buy,9.5e-07,534.0,0.0005073
VIB/BTC,1607764993056,2020-12-12T09:23:13.056Z,buy,9.5e-07,289266.0,0.2748027
VIB/BTC,1607764998700,2020-12-12T09:23:18.700Z,buy,9.5e-07,227324.0,0.2159578
VIB/BTC,1607765005863,2020-12-12T09:23:25.863Z,buy,9.5e-07,23458.0,0.0222851
VIB/BTC,1607765058264,2020-12-12T09:24:18.264Z,buy,9.5e-07,14499.0,0.01377405
VIB/BTC,1607765110372,2020-12-12T09:25:10.372Z,buy,9.5e-07,1011.0,0.00096045
VIB/BTC,1607765119482,2020-12-12T09:25:19.482Z,buy,9.5e-07,1052.0,0.0009994
VIB/BTC,1607765124082,2020-12-12T09:25:24.082Z,buy,9.5e-07,1052.0,0.0009994
VIB/BTC,1607765188056,2020-12-12T09:26:28.056Z,sell,9.4e-07,74007.0,0.06956658
VIB/BTC,1607765193468,2020-12-12T09:26:33.468Z,sell,9.4e-07,201.0,0.00018894
VIB/BTC,1607765208998,2020-12-12T09:26:48.998Z,sell,9.4e-07,107.0,0.00010058
VIB/BTC,1607765260342,2020-12-12T09:27:40.342Z,sell,9.4e-07,94920.0,0.0892248
VIB/BTC,1607765260348,2020-12-12T09:27:40.348Z,buy,9.4e-07,598.0,0.00056212
VIB/BTC,1607765260349,2020-12-12T09:27:40.349Z,buy,9.4e-07,598.0,0.00056212
VIB/BTC,1607765260349,2020-12-12T09:27:40.349Z,buy,9.4e-07,598.0,0.00056212
VIB/BTC,1607765260349,2020-12-12T09:27:40.349Z,buy,9.4e-07,598.0,0.00056212
VIB/BTC,1607765260350,2020-12-12T09:27:40.350Z,buy,9.4e-07,598.0,0.00056212
VIB/BTC,1607765260351,2020-12-12T09:27:40.351Z,buy,9.4e-07,598.0,0.00056212
VIB/BTC,1607765260351,2020-12-12T09:27:40.351Z,buy,9.4e-07,598.0,0.00056212
VIB/BTC,1607765260351,2020-12-12T09:27:40.351Z,buy,9.4e-07,598.0,0.00056212
VIB/BTC,1607765260351,2020-12-12T09:27:40.351Z,buy,9.4e-07,598.0,0.00056212
VIB/BTC,1607765260351,2020-12-12T09:27:40.351Z,buy,9.4e-07,598.0,0.00056212
VIB/BTC,1607765260351,2020-12-12T09:27:40.351Z,buy,9.4e-07,598.0,0.00056212
VIB/BTC,1607765260352,2020-12-12T09:27:40.352Z,buy,9.4e-07,598.0,0.00056212
VIB/BTC,1607765260352,2020-12-12T09:27:40.352Z,buy,9.4e-07,6746.0,0.00634124
VIB/BTC,1607765260352,2020-12-12T09:27:40.352Z,buy,9.4e-07,598.0,0.00056212
VIB/BTC,1607765260352,2020-12-12T09:27:40.352Z,buy,9.4e-07,598.0,0.00056212
VIB/BTC,1607765260352,2020-12-12T09:27:40.352Z,buy,9.4e-07,598.0,0.00056212
VIB/BTC,1607765260352,2020-12-12T09:27:40.352Z,buy,9.4e-07,598.0,0.00056212
VIB/BTC,1607765260352,2020-12-12T09:27:40.352Z,buy,9.4e-07,598.0,0.00056212
VIB/BTC,1607765260352,2020-12-12T09:27:40.352Z,buy,9.4e-07,598.0,0.00056212
VIB/BTC,1607765260352,2020-12-12T09:27:40.352Z,buy,9.4e-07,598.0,0.00056212
VIB/BTC,1607765260352,2020-12-12T09:27:40.352Z,buy,9.4e-07,598.0,0.00056212
VIB/BTC,1607765260352,2020-12-12T09:27:40.352Z,buy,9.4e-07,598.0,0.00056212
VIB/BTC,1607765260352,2020-12-12T09:27:40.352Z,buy,9.4e-07,598.0,0.00056212
VIB/BTC,1607765260352,2020-12-12T09:27:40.352Z,buy,9.4e-07,598.0,0.00056212
VIB/BTC,1607765260352,2020-12-12T09:27:40.352Z,buy,9.4e-07,598.0,0.00056212
VIB/BTC,1607765260353,2020-12-12T09:27:40.353Z,buy,9.4e-07,598.0,0.00056212
VIB/BTC,1607765260353,2020-12-12T09:27:40.353Z,buy,9.4e-07,598.0,0.00056212
VIB/BTC,1607765260353,2020-12-12T09:27:40.353Z,buy,9.4e-07,598.0,0.00056212
VIB/BTC,1607765260354,2020-12-12T09:27:40.354Z,buy,9.4e-07,6480.0,0.0060912
VIB/BTC,1607765260354,2020-12-12T09:27:40.354Z,buy,9.4e-07,598.0,0.00056212
VIB/BTC,1607765260354,2020-12-12T09:27:40.354Z,buy,9.4e-07,598.0,0.00056212
VIB/BTC,1607765260354,2020-12-12T09:27:40.354Z,buy,9.4e-07,598.0,0.00056212
VIB/BTC,1607765260354,2020-12-12T09:27:40.354Z,buy,9.4e-07,598.0,0.00056212
VIB/BTC,1607765260354,2020-12-12T09:27:40.354Z,buy,9.4e-07,598.0,0.00056212
VIB/BTC,1607765260355,2020-12-12T09:27:40.355Z,buy,9.4e-07,598.0,0.00056212
VIB/BTC,1607765260355,2020-12-12T09:27:40.355Z,buy,9.4e-07,598.0,0.00056212
VIB/BTC,1607765260355,2020-12-12T09:27:40.355Z,buy,9.4e-07,598.0,0.00056212
VIB/BTC,1607765260356,2020-12-12T09:27:40.356Z,buy,9.4e-07,598.0,0.00056212
VIB/BTC,1607765260356,2020-12-12T09:27:40.356Z,buy,9.4e-07,598.0,0.00056212
VIB/BTC,1607765260356,2020-12-12T09:27:40.356Z,buy,9.4e-07,598.0,0.00056212
VIB/BTC,1607765260356,2020-12-12T09:27:40.356Z,buy,9.4e-07,598.0,0.00056212
VIB/BTC,1607765260356,2020-12-12T09:27:40.356Z,buy,9.4e-07,598.0,0.00056212
VIB/BTC,1607765260357,2020-12-12T09:27:40.357Z,buy,9.4e-07,598.0,0.00056212
VIB/BTC,1607765260357,2020-12-12T09:27:40.357Z,buy,9.4e-07,598.0,0.00056212
VIB/BTC,1607765260357,2020-12-12T09:27:40.357Z,buy,9.4e-07,598.0,0.00056212
VIB/BTC,1607765260360,2020-12-12T09:27:40.360Z,buy,9.4e-07,598.0,0.00056212
VIB/BTC,1607765260361,2020-12-12T09:27:40.361Z,buy,9.4e-07,598.0,0.00056212
VIB/BTC,1607765260390,2020-12-12T09:27:40.390Z,sell,9.3e-07,758.0,0.00070494
VIB/BTC,1607765260390,2020-12-12T09:27:40.390Z,sell,9.3e-07,48814.0,0.0453970199999999
VIB/BTC,1607765260390,2020-12-12T09:27:40.390Z,sell,9.3e-07,11236.0,0.01044948
VIB/BTC,1607765262167,2020-12-12T09:27:42.167Z,buy,9.4e-07,287.0,0.00026978
VIB/BTC,1607765262679,2020-12-12T09:27:42.679Z,sell,9.3e-07,23527.0,0.02188011
VIB/BTC,1607765263976,2020-12-12T09:27:43.976Z,buy,9.4e-07,163701.0,0.15387894
VIB/BTC,1607765266698,2020-12-12T09:27:46.698Z,sell,9.4e-07,45976.0,0.04321744
VIB/BTC,1607765271003,2020-12-12T09:27:51.003Z,buy,9.4e-07,150570.0,0.1415358
VIB/BTC,1607765275437,2020-12-12T09:27:55.437Z,buy,9.4e-07,266586.0,0.25059084
VIB/BTC,1607765280802,2020-12-12T09:28:00.802Z,buy,9.4e-07,262464.0,0.24671616
VIB/BTC,1607765286306,2020-12-12T09:28:06.306Z,buy,9.4e-07,232232.0,0.21829808
VIB/BTC,1607765291810,2020-12-12T09:28:11.810Z,buy,9.4e-07,292695.0,0.2751333
VIB/BTC,1607765292991,2020-12-12T09:28:12.991Z,buy,9.4e-07,125552.0,0.11801888
VIB/BTC,1607765294019,2020-12-12T09:28:14.019Z,sell,9.4e-07,94042.0,0.08839948
VIB/BTC,1607765297201,2020-12-12T09:28:17.201Z,buy,9.4e-07,73560.0,0.0691464
VIB/BTC,1607765299989,2020-12-12T09:28:19.989Z,sell,9.4e-07,196214.0,0.18444116
VIB/BTC,1607765302754,2020-12-12T09:28:22.754Z,buy,9.5e-07,106.0,0.0001007
VIB/BTC,1607765307237,2020-12-12T09:28:27.237Z,sell,9.4e-07,21702.0,0.02039988
VIB/BTC,1607765309261,2020-12-12T09:28:29.261Z,buy,9.5e-07,5746.0,0.0054587
VIB/BTC,1607765311392,2020-12-12T09:28:31.392Z,sell,9.4e-07,3191.0,0.00299954
VIB/BTC,1607765313127,2020-12-12T09:28:33.127Z,buy,9.5e-07,106.0,0.0001007
VIB/BTC,1607765355464,2020-12-12T09:29:15.464Z,sell,9.4e-07,3150.0,0.002961
VIB/BTC,1607765355487,2020-12-12T09:29:15.487Z,buy,9.4e-07,35.0,3.29e-05
VIB/BTC,1607765369400,2020-12-12T09:29:29.400Z,buy,9.4e-07,120.0,0.0001128
VIB/BTC,1607765422982,2020-12-12T09:30:22.982Z,buy,9.4e-07,4392.0,0.00412848
VIB/BTC,1607765422990,2020-12-12T09:30:22.990Z,sell,9.4e-07,608.0,0.00057152
VIB/BTC,1607765427768,2020-12-12T09:30:27.768Z,buy,9.4e-07,608.0,0.00057152
VIB/BTC,1607765431753,2020-12-12T09:30:31.753Z,buy,9.5e-07,106.0,0.0001007
VIB/BTC,1607765435462,2020-12-12T09:30:35.462Z,buy,9.5e-07,158.0,0.0001501
VIB/BTC,1607765457947,2020-12-12T09:30:57.947Z,sell,9.4e-07,37239.0,0.03500466
VIB/BTC,1607765467495,2020-12-12T09:31:07.495Z,buy,9.4e-07,3638.0,0.00341972
VIB/BTC,1607765468759,2020-12-12T09:31:08.759Z,sell,9.4e-07,1362.0,0.00128028
VIB/BTC,1607765469566,2020-12-12T09:31:09.566Z,buy,9.4e-07,106.0,9.964e-05
VIB/BTC,1607765472338,2020-12-12T09:31:12.338Z,buy,9.4e-07,1723.0,0.00161962
VIB/BTC,1607765477097,2020-12-12T09:31:17.097Z,buy,9.5e-07,106.0,0.0001007
VIB/BTC,1607765485289,2020-12-12T09:31:25.289Z,sell,9.4e-07,66286.0,0.06230884
VIB/BTC,1607765495370,2020-12-12T09:31:35.370Z,buy,9.5e-07,106.0,0.0001007
VIB/BTC,1607765511111,2020-12-12T09:31:51.111Z,sell,9.4e-07,10754.0,0.01010876
VIB/BTC,1607765514206,2020-12-12T09:31:54.206Z,buy,9.4e-07,1010.0,0.0009494
VIB/BTC,1607765525608,2020-12-12T09:32:05.608Z,sell,9.4e-07,400.0,0.000376
VIB/BTC,1607765530081,2020-12-12T09:32:10.081Z,buy,9.5e-07,106.0,0.0001007
VIB/BTC,1607765531432,2020-12-12T09:32:11.432Z,buy,9.5e-07,158.0,0.0001501
VIB/BTC,1607765535730,2020-12-12T09:32:15.730Z,sell,9.4e-07,195223.0,0.18350962
VIB/BTC,1607765537616,2020-12-12T09:32:17.616Z,sell,9.4e-07,88460.0,0.0831524
VIB/BTC,1607765538633,2020-12-12T09:32:18.633Z,buy,9.4e-07,52045.0,0.0489223
VIB/BTC,1607765538943,2020-12-12T09:32:18.943Z,buy,9.5e-07,106.0,0.0001007
VIB/BTC,1607765541485,2020-12-12T09:32:21.485Z,sell,9.4e-07,266116.0,0.25014904
VIB/BTC,1607765543650,2020-12-12T09:32:23.650Z,buy,9.4e-07,56433.0,0.05304702
VIB/BTC,1607765545588,2020-12-12T09:32:25.588Z,sell,9.4e-07,222695.0,0.2093333
VIB/BTC,1607765548174,2020-12-12T09:32:28.174Z,buy,9.4e-07,162891.0,0.15311754
VIB/BTC,1607765549788,2020-12-12T09:32:29.788Z,buy,9.5e-07,106.0,0.0001007
VIB/BTC,1607765549942,2020-12-12T09:32:29.942Z,sell,9.4e-07,287005.0,0.2697847
VIB/BTC,1607765552629,2020-12-12T09:32:32.629Z,buy,9.4e-07,155568.0,0.14623392
VIB/BTC,1607765554133,2020-12-12T09:32:34.133Z,sell,9.4e-07,268122.0,0.25203468
VIB/BTC,1607765557265,2020-12-12T09:32:37.265Z,buy,9.4e-07,210326.0,0.19770644
VIB/BTC,1607765558783,2020-12-12T09:32:38.783Z,sell,9.4e-07,139352.0,0.13099088
VIB/BTC,1607765560994,2020-12-12T09:32:40.994Z,buy,9.4e-07,251898.0,0.23678412
VIB/BTC,1607765562242,2020-12-12T09:32:42.242Z,sell,9.4e-07,400.0,0.000376
VIB/BTC,1607765563607,2020-12-12T09:32:43.607Z,sell,9.4e-07,44531.0,0.04185914
VIB/BTC,1607765568236,2020-12-12T09:32:48.236Z,buy,9.4e-07,270607.0,0.25437058
VIB/BTC,1607765573615,2020-12-12T09:32:53.615Z,buy,9.4e-07,294078.0,0.27643332
VIB/BTC,1607765577157,2020-12-12T09:32:57.157Z,buy,9.4e-07,278891.0,0.26215754
VIB/BTC,1607765581180,2020-12-12T09:33:01.180Z,buy,9.4e-07,262323.0,0.24658362
VIB/BTC,1607765586539,2020-12-12T09:33:06.539Z,buy,9.4e-07,258181.0,0.24269014
VIB/BTC,1607765592956,2020-12-12T09:33:12.956Z,buy,9.4e-07,252659.0,0.23749946
VIB/BTC,1607765597654,2020-12-12T09:33:17.654Z,buy,9.4e-07,294078.0,0.27643332
VIB/BTC,1607765602731,2020-12-12T09:33:22.731Z,buy,9.4e-07,274749.0,0.25826406
VIB/BTC,1607765606602,2020-12-12T09:33:26.602Z,buy,9.4e-07,274749.0,0.25826406
VIB/BTC,1607765611636,2020-12-12T09:33:31.636Z,buy,9.4e-07,278891.0,0.26215754
VIB/BTC,1607765626850,2020-12-12T09:33:46.850Z,buy,9.4e-07,278891.0,0.26215754
VIB/BTC,1607765632492,2020-12-12T09:33:52.492Z,buy,9.4e-07,277510.0,0.2608594
VIB/BTC,1607765648414,2020-12-12T09:34:08.414Z,buy,9.4e-07,274749.0,0.25826406
VIB/BTC,1607765651775,2020-12-12T09:34:11.775Z,buy,9.4e-07,113213.0,0.10642022
VIB/BTC,1607765651918,2020-12-12T09:34:11.918Z,buy,9.4e-07,14739.0,0.01385466
VIB/BTC,1607765651944,2020-12-12T09:34:11.944Z,buy,9.4e-07,5567.0,0.00523298
VIB/BTC,1607765659300,2020-12-12T09:34:19.300Z,buy,9.4e-07,4118.0,0.00387092
VIB/BTC,1607765660392,2020-12-12T09:34:20.392Z,buy,9.4e-07,197656.0,0.18579664
VIB/BTC,1607765800670,2020-12-12T09:36:40.670Z,buy,9.4e-07,1993.0,0.00187342
VIB/BTC,1607765855690,2020-12-12T09:37:35.690Z,sell,9.3e-07,223582.0,0.20793126
VIB/BTC,1607765855924,2020-12-12T09:37:35.924Z,sell,9.3e-07,27019.0,0.02512767
VIB/BTC,1607765876940,2020-12-12T09:37:56.940Z,buy,9.4e-07,4990.0,0.0046906
VIB/BTC,1607765883867,2020-12-12T09:38:03.867Z,buy,9.4e-07,4493.0,0.00422342
VIB/BTC,1607765893755,2020-12-12T09:38:13.755Z,buy,9.4e-07,96185.0,0.0904139
VIB/BTC,1607765924698,2020-12-12T09:38:44.698Z,buy,9.4e-07,33134.0,0.03114596
VIB/BTC,1607766038434,2020-12-12T09:40:38.434Z,buy,9.4e-07,40456.0,0.03802864
VIB/BTC,1607766111016,2020-12-12T09:41:51.016Z,buy,9.5e-07,106.0,0.0001007
VIB/BTC,1607766111016,2020-12-12T09:41:51.016Z,buy,9.5e-07,106.0,0.0001007
VIB/BTC,1607766357581,2020-12-12T09:45:57.581Z,sell,9.4e-07,1063.0,0.00099922
VIB/BTC,1607766365521,2020-12-12T09:46:05.521Z,buy,9.4e-07,1063.0,0.00099922
VIB/BTC,1607766455768,2020-12-12T09:47:35.768Z,buy,9.4e-07,4576.0,0.00430144
VIB/BTC,1607766455768,2020-12-12T09:47:35.768Z,buy,9.5e-07,104331.0,0.09911445
VIB/BTC,1607766461629,2020-12-12T09:47:41.629Z,buy,9.5e-07,127.0,0.00012065
VIB/BTC,1607768814494,2020-12-12T10:26:54.494Z,sell,9.4e-07,12219.0,0.01148586
VIB/BTC,1607768939747,2020-12-12T10:28:59.747Z,sell,9.4e-07,10881.0,0.01022814
VIB/BTC,1607768942521,2020-12-12T10:29:02.521Z,buy,9.5e-07,106.0,0.0001007
VIB/BTC,1607768942521,2020-12-12T10:29:02.521Z,buy,9.5e-07,106.0,0.0001007
VIB/BTC,1607769713332,2020-12-12T10:41:53.332Z,sell,9.4e-07,2703.0,0.00254082
VIB/BTC,1607769763985,2020-12-12T10:42:43.985Z,sell,9.4e-07,352.0,0.00033088
VIB/BTC,1607770006244,2020-12-12T10:46:46.244Z,buy,9.5e-07,108.0,0.0001026
VIB/BTC,1607770016263,2020-12-12T10:46:56.263Z,sell,9.4e-07,18588.0,0.01747272
VIB/BTC,1607770018144,2020-12-12T10:46:58.144Z,sell,9.4e-07,154.0,0.00014476
VIB/BTC,1607770020548,2020-12-12T10:47:00.548Z,sell,9.4e-07,116.0,0.00010904
VIB/BTC,1607770027282,2020-12-12T10:47:07.282Z,buy,9.5e-07,109.0,0.00010355
VIB/BTC,1607770068462,2020-12-12T10:47:48.462Z,buy,9.5e-07,1304.0,0.0012388
VIB/BTC,1607770069819,2020-12-12T10:47:49.819Z,buy,9.5e-07,50000.0,0.0475
VIB/BTC,1607770120042,2020-12-12T10:48:40.042Z,buy,9.5e-07,107.0,0.00010165
VIB/BTC,1607770316909,2020-12-12T10:51:56.909Z,sell,9.4e-07,223582.0,0.21016708
VIB/BTC,1607770334194,2020-12-12T10:52:14.194Z,sell,9.4e-07,16013.0,0.01505222
VIB/BTC,1607770359894,2020-12-12T10:52:39.894Z,sell,9.4e-07,400.0,0.000376
VIB/BTC,1607770368623,2020-12-12T10:52:48.623Z,buy,9.5e-07,106.0,0.0001007
VIB/BTC,1607771067198,2020-12-12T11:04:27.198Z,buy,9.5e-07,6054.0,0.0057513
VIB/BTC,1607771067926,2020-12-12T11:04:27.926Z,sell,9.4e-07,1304.0,0.00122576
VIB/BTC,1607771103568,2020-12-12T11:05:03.568Z,buy,9.5e-07,106.0,0.0001007
VIB/BTC,1607771191232,2020-12-12T11:06:31.232Z,sell,9.4e-07,1887.0,0.00177378
VIB/BTC,1607771200024,2020-12-12T11:06:40.024Z,sell,9.4e-07,2690.0,0.0025286
VIB/BTC,1607771214107,2020-12-12T11:06:54.107Z,buy,9.5e-07,124.0,0.0001178
VIB/BTC,1607771472851,2020-12-12T11:11:12.851Z,buy,9.5e-07,22863.0,0.02171985
VIB/BTC,1607771648210,2020-12-12T11:14:08.210Z,sell,9.4e-07,18589.0,0.01747366
VIB/BTC,1607771667125,2020-12-12T11:14:27.125Z,buy,9.5e-07,122.0,0.0001159
VIB/BTC,1607772260824,2020-12-12T11:24:20.824Z,buy,9.5e-07,5120.0,0.004864
VIB/BTC,1607772260849,2020-12-12T11:24:20.849Z,sell,9.5e-07,1636.0,0.0015542
VIB/BTC,1607772317809,2020-12-12T11:25:17.809Z,buy,9.5e-07,16472.0,0.0156484
VIB/BTC,1607772317816,2020-12-12T11:25:17.816Z,sell,9.5e-07,21609.0,0.02052855
VIB/BTC,1607772317901,2020-12-12T11:25:17.901Z,sell,9.5e-07,21609.0,0.02052855
VIB/BTC,1607772372202,2020-12-12T11:26:12.202Z,sell,9.5e-07,397.0,0.00037715
VIB/BTC,1607772372202,2020-12-12T11:26:12.202Z,sell,9.5e-07,397.0,0.00037715
VIB/BTC,1607773147091,2020-12-12T11:39:07.091Z,buy,9.5e-07,5985.0,0.00568575
VIB/BTC,1607773236139,2020-12-12T11:40:36.139Z,sell,9.5e-07,420.0,0.000399
VIB/BTC,1607773243711,2020-12-12T11:40:43.711Z,buy,9.6e-07,106.0,0.0001017599999999
VIB/BTC,1607773480794,2020-12-12T11:44:40.794Z,sell,9.5e-07,23922.0,0.0227259
VIB/BTC,1607773502525,2020-12-12T11:45:02.525Z,sell,9.5e-07,1271.0,0.00120745
VIB/BTC,1607773647402,2020-12-12T11:47:27.402Z,buy,9.5e-07,109.0,0.00010355
VIB/BTC,1607773652326,2020-12-12T11:47:32.326Z,buy,9.5e-07,106.0,0.0001007
VIB/BTC,1607773789345,2020-12-12T11:49:49.345Z,sell,9.5e-07,420.0,0.000399
VIB/BTC,1607773796708,2020-12-12T11:49:56.708Z,buy,9.6e-07,106.0,0.0001017599999999
VIB/BTC,1607774574343,2020-12-12T12:02:54.343Z,sell,9.5e-07,1818.0,0.0017271
VIB/BTC,1607774611922,2020-12-12T12:03:31.922Z,sell,9.4e-07,9226.0,0.00867244
VIB/BTC,1607774643006,2020-12-12T12:04:03.006Z,buy,9.6e-07,106.0,0.0001017599999999
VIB/BTC,1607774703624,2020-12-12T12:05:03.624Z,sell,9.5e-07,5579.0,0.00530005
VIB/BTC,1607774703819,2020-12-12T12:05:03.819Z,sell,9.5e-07,187.0,0.00017765
VIB/BTC,1607774732241,2020-12-12T12:05:32.241Z,buy,9.6e-07,106.0,0.0001017599999999
VIB/BTC,1607774789211,2020-12-12T12:06:29.211Z,sell,9.5e-07,127.0,0.00012065
VIB/BTC,1607774851858,2020-12-12T12:07:31.858Z,sell,9.5e-07,7726.0,0.0073397
VIB/BTC,1607774862661,2020-12-12T12:07:42.661Z,buy,9.6e-07,110.0,0.0001055999999999
VIB/BTC,1607775046364,2020-12-12T12:10:46.364Z,buy,9.6e-07,504.0,0.00048384
VIB/BTC,1607775850394,2020-12-12T12:24:10.394Z,buy,9.6e-07,1541.0,0.0014793599999999
VIB/BTC,1607775850394,2020-12-12T12:24:10.394Z,buy,9.6e-07,1541.0,0.0014793599999999
VIB/BTC,1607775974010,2020-12-12T12:26:14.010Z,sell,9.5e-07,6405.0,0.00608475
VIB/BTC,1607775974051,2020-12-12T12:26:14.051Z,sell,9.5e-07,3136.0,0.0029792
VIB/BTC,1607775974155,2020-12-12T12:26:14.155Z,sell,9.4e-07,2796.0,0.00262824
VIB/BTC,1607776066868,2020-12-12T12:27:46.868Z,sell,9.4e-07,400.0,0.000376
VIB/BTC,1607776072427,2020-12-12T12:27:52.427Z,buy,9.6e-07,106.0,0.0001017599999999
VIB/BTC,1607776181557,2020-12-12T12:29:41.557Z,buy,9.6e-07,53705.0,0.0515567999999999
VIB/BTC,1607776184692,2020-12-12T12:29:44.692Z,buy,9.6e-07,125.0,0.0001199999999999
VIB/BTC,1607776189097,2020-12-12T12:29:49.097Z,sell,9.5e-07,210.0,0.0001995
VIB/BTC,1607776202366,2020-12-12T12:30:02.366Z,sell,9.5e-07,11991.0,0.01139145
VIB/BTC,1607776203009,2020-12-12T12:30:03.009Z,sell,9.5e-07,210.0,0.0001995
VIB/BTC,1607776208205,2020-12-12T12:30:08.205Z,buy,9.6e-07,106.0,0.0001017599999999
VIB/BTC,1607776327096,2020-12-12T12:32:07.096Z,sell,9.5e-07,28261.0,0.02684795
VIB/BTC,1607776327220,2020-12-12T12:32:07.220Z,sell,9.5e-07,177.0,0.00016815
VIB/BTC,1607776334011,2020-12-12T12:32:14.011Z,buy,9.6e-07,106.0,0.0001017599999999
VIB/BTC,1607778114940,2020-12-12T13:01:54.940Z,buy,9.6e-07,504.0,0.00048384
VIB/BTC,1607778335726,2020-12-12T13:05:35.726Z,sell,9.5e-07,110.0,0.0001045
VIB/BTC,1607778439512,2020-12-12T13:07:19.512Z,buy,9.6e-07,106.0,0.0001017599999999
VIB/BTC,1607779395617,2020-12-12T13:23:15.617Z,sell,9.5e-07,1043.0,0.00099085
VIB/BTC,1607779395617,2020-12-12T13:23:15.617Z,sell,9.5e-07,1043.0,0.00099085
VIB/BTC,1607779485388,2020-12-12T13:24:45.388Z,buy,9.6e-07,106.0,0.0001017599999999
VIB/BTC,1607779503687,2020-12-12T13:25:03.687Z,sell,9.5e-07,3672.0,0.0034884
VIB/BTC,1607779589824,2020-12-12T13:26:29.824Z,buy,9.5e-07,124.0,0.0001178
VIB/BTC,1607779648217,2020-12-12T13:27:28.217Z,buy,9.5e-07,509.0,0.00048355
VIB/BTC,1607779851304,2020-12-12T13:30:51.304Z,sell,9.4e-07,15294.0,0.01437636
VIB/BTC,1607779886997,2020-12-12T13:31:26.997Z,buy,9.5e-07,106.0,0.0001007
VIB/BTC,1607780064720,2020-12-12T13:34:24.720Z,sell,9.4e-07,49032.0,0.04609008
VIB/BTC,1607780064871,2020-12-12T13:34:24.871Z,sell,9.4e-07,192.0,0.00018048
VIB/BTC,1607780072050,2020-12-12T13:34:32.050Z,buy,9.5e-07,106.0,0.0001007
VIB/BTC,1607780102947,2020-12-12T13:35:02.947Z,sell,9.4e-07,15202.0,0.01428988
VIB/BTC,1607780102953,2020-12-12T13:35:02.953Z,buy,9.4e-07,30244.0,0.02842936
VIB/BTC,1607780102963,2020-12-12T13:35:02.963Z,buy,9.4e-07,3586.0,0.00337084
VIB/BTC,1607780112848,2020-12-12T13:35:12.848Z,buy,9.4e-07,5607.0,0.00527058
VIB/BTC,1607780134657,2020-12-12T13:35:34.657Z,buy,9.4e-07,120.0,0.0001128
VIB/BTC,1607780288807,2020-12-12T13:38:08.807Z,buy,9.4e-07,10846.0,0.01019524
VIB/BTC,1607780305158,2020-12-12T13:38:25.158Z,buy,9.4e-07,4994.0,0.00469436
VIB/BTC,1607780438968,2020-12-12T13:40:38.968Z,buy,9.4e-07,552.0,0.00051888
VIB/BTC,1607780438968,2020-12-12T13:40:38.968Z,buy,9.5e-07,18448.0,0.0175256
VIB/BTC,1607780781476,2020-12-12T13:46:21.476Z,buy,9.4e-07,3424.0,0.00321856
VIB/BTC,1607780868203,2020-12-12T13:47:48.203Z,buy,9.5e-07,106.0,0.0001007
VIB/BTC,1607782168588,2020-12-12T14:09:28.588Z,buy,9.5e-07,506.0,0.0004807
VIB/BTC,1607782632913,2020-12-12T14:17:12.913Z,buy,9.5e-07,1938.0,0.0018411
VIB/BTC,1607782728429,2020-12-12T14:18:48.429Z,sell,9.4e-07,500.0,0.00047
VIB/BTC,1607782728429,2020-12-12T14:18:48.429Z,sell,9.4e-07,500.0,0.00047
VIB/BTC,1607783150935,2020-12-12T14:25:50.935Z,sell,9.4e-07,410.0,0.0003854
VIB/BTC,1607783157227,2020-12-12T14:25:57.227Z,buy,9.5e-07,113.0,0.00010735
VIB/BTC,1607783425408,2020-12-12T14:30:25.408Z,buy,9.5e-07,506.0,0.0004807
VIB/BTC,1607783996939,2020-12-12T14:39:56.939Z,buy,9.5e-07,3423.0,0.00325185
VIB/BTC,1607784305611,2020-12-12T14:45:05.611Z,buy,9.5e-07,966.0,0.0009177
VIB/BTC,1607784616716,2020-12-12T14:50:16.716Z,sell,9.4e-07,23485.0,0.0220759
VIB/BTC,1607784660690,2020-12-12T14:51:00.690Z,buy,9.4e-07,512.0,0.00048128
VIB/BTC,1607784695293,2020-12-12T14:51:35.293Z,sell,9.3e-07,5748.0,0.00534564
VIB/BTC,1607784855140,2020-12-12T14:54:15.140Z,sell,9.3e-07,28711.0,0.02670123
VIB/BTC,1607784855339,2020-12-12T14:54:15.339Z,sell,9.3e-07,136.0,0.00012648
VIB/BTC,1607784860480,2020-12-12T14:54:20.480Z,sell,9.3e-07,125.0,0.0001162499999999
VIB/BTC,1607784877267,2020-12-12T14:54:37.267Z,buy,9.4e-07,110.0,0.0001034
VIB/BTC,1607785554500,2020-12-12T15:05:54.500Z,sell,9.3e-07,44087.0,0.04100091
VIB/BTC,1607785554784,2020-12-12T15:05:54.784Z,buy,9.3e-07,1621.0,0.00150753
VIB/BTC,1607785554871,2020-12-12T15:05:54.871Z,buy,9.3e-07,1381.0,0.00128433
VIB/BTC,1607785598885,2020-12-12T15:06:38.885Z,buy,9.3e-07,1502.0,0.00139686
VIB/BTC,1607785840304,2020-12-12T15:10:40.304Z,sell,9.2e-07,3000.0,0.00276
VIB/BTC,1607785840304,2020-12-12T15:10:40.304Z,sell,9.2e-07,40416.0,0.03718272
VIB/BTC,1607785840304,2020-12-12T15:10:40.304Z,sell,9.2e-07,5859.0,0.00539028
VIB/BTC,1607785850708,2020-12-12T15:10:50.708Z,buy,9.3e-07,227.0,0.00021111
VIB/BTC,1607786232313,2020-12-12T15:17:12.313Z,sell,9.2e-07,190325.0,0.175099
VIB/BTC,1607786233479,2020-12-12T15:17:13.479Z,sell,9.2e-07,15368.0,0.01413856
VIB/BTC,1607786253417,2020-12-12T15:17:33.417Z,buy,9.3e-07,613.0,0.00057009
VIB/BTC,1607786253417,2020-12-12T15:17:33.417Z,buy,9.3e-07,613.0,0.00057009
VIB/BTC,1607786341780,2020-12-12T15:19:01.780Z,buy,9.3e-07,9731.0,0.00904983
VIB/BTC,1607786768902,2020-12-12T15:26:08.902Z,buy,9.3e-07,517.0,0.0004808099999999
VIB/BTC,1607786890609,2020-12-12T15:28:10.609Z,buy,9.3e-07,108.0,0.00010044
VIB/BTC,1607788324297,2020-12-12T15:52:04.297Z,buy,9.3e-07,23484.0,0.02184012
VIB/BTC,1607788501503,2020-12-12T15:55:01.503Z,buy,9.3e-07,10122.0,0.00941346
VIB/BTC,1607788527940,2020-12-12T15:55:27.940Z,buy,9.3e-07,108.0,0.00010044
VIB/BTC,1607788888261,2020-12-12T16:01:28.261Z,buy,9.3e-07,517.0,0.0004808099999999
VIB/BTC,1607788924335,2020-12-12T16:02:04.335Z,sell,9.2e-07,1307.0,0.00120244
VIB/BTC,1607788990896,2020-12-12T16:03:10.896Z,sell,9.2e-07,22840.0,0.0210127999999999
VIB/BTC,1607789191490,2020-12-12T16:06:31.490Z,sell,9.2e-07,1210.0,0.0011132
VIB/BTC,1607789578683,2020-12-12T16:12:58.683Z,buy,9.3e-07,109.0,0.00010137
VIB/BTC,1607789638567,2020-12-12T16:13:58.567Z,buy,9.3e-07,438.0,0.00040734
VIB/BTC,1607789638567,2020-12-12T16:13:58.567Z,buy,9.3e-07,438.0,0.00040734
VIB/BTC,1607790135897,2020-12-12T16:22:15.897Z,buy,9.3e-07,518.0,0.00048174
VIB/BTC,1607790595259,2020-12-12T16:29:55.259Z,sell,9.2e-07,10416.0,0.00958272
VIB/BTC,1607790899206,2020-12-12T16:34:59.206Z,sell,9.2e-07,786.0,0.00072312
VIB/BTC,1607790972520,2020-12-12T16:36:12.520Z,buy,9.3e-07,2150.0,0.0019995
VIB/BTC,1607791027149,2020-12-12T16:37:07.149Z,buy,9.3e-07,868.0,0.00080724
VIB/BTC,1607791400149,2020-12-12T16:43:20.149Z,buy,9.3e-07,518.0,0.00048174
VIB/BTC,1607792178675,2020-12-12T16:56:18.675Z,sell,9.2e-07,8923.0,0.00820916
VIB/BTC,1607792258966,2020-12-12T16:57:38.966Z,buy,9.3e-07,4371.0,0.00406503
VIB/BTC,1607792371933,2020-12-12T16:59:31.933Z,buy,9.3e-07,173.0,0.0001608899999999
VIB/BTC,1607792950249,2020-12-12T17:09:10.249Z,buy,9.3e-07,518.0,0.00048174
VIB/BTC,1607792950249,2020-12-12T17:09:10.249Z,buy,9.3e-07,518.0,0.00048174
VIB/BTC,1607794217196,2020-12-12T17:30:17.196Z,buy,9.3e-07,515.0,0.00047895
VIB/BTC,1607794769609,2020-12-12T17:39:29.609Z,buy,9.3e-07,108.0,0.00010044
VIB/BTC,1607795712196,2020-12-12T17:55:12.196Z,buy,9.3e-07,516.0,0.00047988
VIB/BTC,1607795712196,2020-12-12T17:55:12.196Z,buy,9.3e-07,516.0,0.00047988
VIB/BTC,1607797277867,2020-12-12T18:21:17.867Z,sell,9.2e-07,88182.0,0.08112744
VIB/BTC,1607797306953,2020-12-12T18:21:46.953Z,buy,9.2e-07,522.0,0.00048024
VIB/BTC,1607797336722,2020-12-12T18:22:16.722Z,buy,9.2e-07,1101.0,0.00101292
VIB/BTC,1607797362817,2020-12-12T18:22:42.817Z,sell,9.1e-07,1098.0,0.00099918
VIB/BTC,1607797362817,2020-12-12T18:22:42.817Z,sell,9.1e-07,1401.0,0.00127491
VIB/BTC,1607797362817,2020-12-12T18:22:42.817Z,sell,9.1e-07,8588.0,0.00781508
VIB/BTC,1607797362817,2020-12-12T18:22:42.817Z,sell,9.1e-07,974.0,0.00088634
VIB/BTC,1607797362817,2020-12-12T18:22:42.817Z,sell,9.1e-07,767.0,0.00069797
VIB/BTC,1607797362817,2020-12-12T18:22:42.817Z,sell,9.1e-07,656.0,0.00059696
VIB/BTC,1607797362817,2020-12-12T18:22:42.817Z,sell,9.1e-07,438.0,0.00039858
VIB/BTC,1607797362817,2020-12-12T18:22:42.817Z,sell,9.1e-07,328.0,0.00029848
VIB/BTC,1607797362817,2020-12-12T18:22:42.817Z,sell,9.1e-07,2248.0,0.00204568
VIB/BTC,1607797362817,2020-12-12T18:22:42.817Z,sell,9.1e-07,1124.0,0.00102284
VIB/BTC,1607797362817,2020-12-12T18:22:42.817Z,sell,9.1e-07,1123.0,0.0010219299999999
VIB/BTC,1607797362817,2020-12-12T18:22:42.817Z,sell,9.1e-07,19599.0,0.0178350899999999
VIB/BTC,1607797362817,2020-12-12T18:22:42.817Z,sell,9.1e-07,12159.0,0.01106469
VIB/BTC,1607797362817,2020-12-12T18:22:42.817Z,sell,9.1e-07,10904.0,0.00992264
VIB/BTC,1607797362817,2020-12-12T18:22:42.817Z,sell,9.1e-07,2150.0,0.0019565
VIB/BTC,1607797364629,2020-12-12T18:22:44.629Z,sell,9.1e-07,1208.0,0.00109928
VIB/BTC,1607797369340,2020-12-12T18:22:49.340Z,sell,9.1e-07,110559.0,0.10060869
VIB/BTC,1607797397297,2020-12-12T18:23:17.297Z,buy,9.2e-07,122.0,0.00011224
VIB/BTC,1607797406482,2020-12-12T18:23:26.482Z,buy,9.2e-07,215.0,0.0001977999999999
VIB/BTC,1607797516723,2020-12-12T18:25:16.723Z,buy,9.2e-07,546.0,0.00050232
VIB/BTC,1607797524565,2020-12-12T18:25:24.565Z,sell,9.1e-07,1201.0,0.0010929099999999
VIB/BTC,1607797526736,2020-12-12T18:25:26.736Z,sell,9.1e-07,2420.0,0.0022022
VIB/BTC,1607797529424,2020-12-12T18:25:29.424Z,buy,9.2e-07,1075.0,0.000989
VIB/BTC,1607797733623,2020-12-12T18:28:53.623Z,buy,9.2e-07,300.0,0.000276
VIB/BTC,1607798263942,2020-12-12T18:37:43.942Z,buy,9.2e-07,344.0,0.00031648
VIB/BTC,1607798264066,2020-12-12T18:37:44.066Z,buy,9.2e-07,5378.0,0.00494776
VIB/BTC,1607798385570,2020-12-12T18:39:45.570Z,buy,9.2e-07,109.0,0.00010028
VIB/BTC,1607798537928,2020-12-12T18:42:17.928Z,buy,9.2e-07,521.0,0.00047932
VIB/BTC,1607798916924,2020-12-12T18:48:36.924Z,sell,9.1e-07,5000.0,0.00455
VIB/BTC,1607798916924,2020-12-12T18:48:36.924Z,sell,9.1e-07,17575.0,0.01599325
VIB/BTC,1607799063168,2020-12-12T18:51:03.168Z,buy,9.2e-07,129.0,0.00011868
VIB/BTC,1607799092189,2020-12-12T18:51:32.189Z,buy,9.2e-07,932.0,0.00085744
VIB/BTC,1607799187409,2020-12-12T18:53:07.409Z,buy,9.2e-07,3093.0,0.00284556
VIB/BTC,1607799276222,2020-12-12T18:54:36.222Z,buy,9.2e-07,1225.0,0.001127
VIB/BTC,1607799276222,2020-12-12T18:54:36.222Z,buy,9.2e-07,1225.0,0.001127
VIB/BTC,1607799674781,2020-12-12T19:01:14.781Z,buy,9.2e-07,963.0,0.00088596
VIB/BTC,1607799860734,2020-12-12T19:04:20.734Z,buy,9.2e-07,200.0,0.000184
VIB/BTC,1607800037371,2020-12-12T19:07:17.371Z,buy,9.2e-07,521.0,0.00047932
VIB/BTC,1607800696290,2020-12-12T19:18:16.290Z,sell,9.1e-07,9064.0,0.00824824
VIB/BTC,1607800780618,2020-12-12T19:19:40.618Z,sell,9.1e-07,238.0,0.00021658
VIB/BTC,1607800789970,2020-12-12T19:19:49.970Z,buy,9.2e-07,110.0,0.0001012
VIB/BTC,1607800839516,2020-12-12T19:20:39.516Z,sell,9.1e-07,322.0,0.00029302
VIB/BTC,1607801100489,2020-12-12T19:25:00.489Z,sell,9.1e-07,10289.0,0.00936299
VIB/BTC,1607801440675,2020-12-12T19:30:40.675Z,buy,9.2e-07,125.0,0.000115
VIB/BTC,1607801873774,2020-12-12T19:37:53.774Z,buy,9.2e-07,521.0,0.00047932
VIB/BTC,1607801873774,2020-12-12T19:37:53.774Z,buy,9.2e-07,521.0,0.00047932
VIB/BTC,1607803134623,2020-12-12T19:58:54.623Z,buy,9.2e-07,522.0,0.00048024
VIB/BTC,1607804332217,2020-12-12T20:18:52.217Z,buy,9.2e-07,1008.0,0.00092736
VIB/BTC,1607804506097,2020-12-12T20:21:46.097Z,sell,9.1e-07,20482.0,0.0186386199999999
VIB/BTC,1607804525413,2020-12-12T20:22:05.413Z,sell,9.1e-07,27954.0,0.0254381399999999
VIB/BTC,1607804571565,2020-12-12T20:22:51.565Z,sell,9.1e-07,235.0,0.00021385
VIB/BTC,1607804577155,2020-12-12T20:22:57.155Z,buy,9.2e-07,110.0,0.0001012
VIB/BTC,1607804927779,2020-12-12T20:28:47.779Z,buy,9.2e-07,519.0,0.00047748
VIB/BTC,1607805446572,2020-12-12T20:37:26.572Z,buy,9.2e-07,3213.0,0.00295596
VIB/BTC,1607805446632,2020-12-12T20:37:26.632Z,buy,9.2e-07,885.0,0.0008142
VIB/BTC,1607805446632,2020-12-12T20:37:26.632Z,buy,9.2e-07,885.0,0.0008142
VIB/BTC,1607805501278,2020-12-12T20:38:21.278Z,buy,9.2e-07,333680.0,0.3069855999999999
VIB/BTC,1607805505536,2020-12-12T20:38:25.536Z,buy,9.2e-07,110721.0,0.10186332
VIB/BTC,1607805506890,2020-12-12T20:38:26.890Z,buy,9.2e-07,125445.0,0.1154094
VIB/BTC,1607805508789,2020-12-12T20:38:28.789Z,buy,9.2e-07,109544.0,0.1007804799999999
VIB/BTC,1607805509325,2020-12-12T20:38:29.325Z,buy,9.2e-07,46570.0,0.0428444
VIB/BTC,1607805511108,2020-12-12T20:38:31.108Z,sell,9.2e-07,57517.0,0.05291564
VIB/BTC,1607805514030,2020-12-12T20:38:34.030Z,buy,9.2e-07,188583.0,0.17349636
VIB/BTC,1607805518033,2020-12-12T20:38:38.033Z,buy,9.2e-07,219833.0,0.20224636
VIB/BTC,1607805518553,2020-12-12T20:38:38.553Z,buy,9.2e-07,274823.0,0.25283716
VIB/BTC,1607805518726,2020-12-12T20:38:38.726Z,sell,9.2e-07,3297.0,0.00303324
VIB/BTC,1607805524487,2020-12-12T20:38:44.487Z,sell,9.2e-07,3297.0,0.00303324
VIB/BTC,1607805524509,2020-12-12T20:38:44.509Z,sell,9.2e-07,3297.0,0.00303324
VIB/BTC,1607805527346,2020-12-12T20:38:47.346Z,buy,9.3e-07,121.0,0.00011253
VIB/BTC,1607805527605,2020-12-12T20:38:47.605Z,sell,9.2e-07,3297.0,0.00303324
VIB/BTC,1607805533538,2020-12-12T20:38:53.538Z,sell,9.2e-07,237435.0,0.2184402
VIB/BTC,1607805535497,2020-12-12T20:38:55.497Z,sell,9.2e-07,1099.0,0.00101108
VIB/BTC,1607805536182,2020-12-12T20:38:56.182Z,sell,9.2e-07,168024.0,0.1545820799999999
VIB/BTC,1607805536579,2020-12-12T20:38:56.579Z,sell,9.2e-07,230.0,0.0002116
VIB/BTC,1607805540877,2020-12-12T20:39:00.877Z,buy,9.3e-07,110.0,0.0001022999999999
VIB/BTC,1607805554276,2020-12-12T20:39:14.276Z,buy,9.3e-07,7199.0,0.00669507
VIB/BTC,1607805554536,2020-12-12T20:39:14.536Z,sell,9.2e-07,3297.0,0.00303324
VIB/BTC,1607805554822,2020-12-12T20:39:14.822Z,sell,9.2e-07,3297.0,0.00303324
VIB/BTC,1607805559171,2020-12-12T20:39:19.171Z,buy,9.3e-07,117.0,0.00010881
VIB/BTC,1607805561302,2020-12-12T20:39:21.302Z,sell,9.2e-07,1586.0,0.00145912
VIB/BTC,1607805567412,2020-12-12T20:39:27.412Z,sell,9.2e-07,227.0,0.0002088399999999
VIB/BTC,1607805571393,2020-12-12T20:39:31.393Z,buy,9.3e-07,110.0,0.0001022999999999
VIB/BTC,1607805592427,2020-12-12T20:39:52.427Z,sell,9.2e-07,3297.0,0.00303324
VIB/BTC,1607805601223,2020-12-12T20:40:01.223Z,buy,9.3e-07,115.0,0.00010695
VIB/BTC,1607806193024,2020-12-12T20:49:53.024Z,buy,9.3e-07,515.0,0.00047895
VIB/BTC,1607807246340,2020-12-12T21:07:26.340Z,buy,9.3e-07,4606.0,0.00428358
VIB/BTC,1607807472025,2020-12-12T21:11:12.025Z,buy,9.3e-07,938.0,0.00087234
VIB/BTC,1607807658798,2020-12-12T21:14:18.798Z,buy,9.3e-07,922.0,0.00085746
VIB/BTC,1607808023410,2020-12-12T21:20:23.410Z,buy,9.3e-07,518.0,0.00048174
VIB/BTC,1607808367042,2020-12-12T21:26:07.042Z,sell,9.2e-07,186.0,0.00017112
VIB/BTC,1607808816068,2020-12-12T21:33:36.068Z,sell,9.2e-07,11407.0,0.0104944399999999
VIB/BTC,1607808816080,2020-12-12T21:33:36.080Z,buy,9.2e-07,1046.0,0.00096232
VIB/BTC,1607808816085,2020-12-12T21:33:36.085Z,buy,9.2e-07,1048.0,0.0009641599999999
VIB/BTC,1607808816120,2020-12-12T21:33:36.120Z,buy,9.2e-07,451.0,0.00041492
VIB/BTC,1607808816446,2020-12-12T21:33:36.446Z,buy,9.2e-07,3393.0,0.00312156
VIB/BTC,1607808818405,2020-12-12T21:33:38.405Z,sell,9.2e-07,1046.0,0.00096232
VIB/BTC,1607808818921,2020-12-12T21:33:38.921Z,sell,9.2e-07,37688.0,0.03467296
VIB/BTC,1607808818935,2020-12-12T21:33:38.935Z,buy,9.2e-07,1024.0,0.00094208
VIB/BTC,1607808818943,2020-12-12T21:33:38.943Z,buy,9.2e-07,1023.0,0.00094116
VIB/BTC,1607808818952,2020-12-12T21:33:38.952Z,buy,9.2e-07,585.0,0.0005382
VIB/BTC,1607808818963,2020-12-12T21:33:38.963Z,buy,9.2e-07,585.0,0.0005382
VIB/BTC,1607808818973,2020-12-12T21:33:38.973Z,buy,9.2e-07,585.0,0.0005382
VIB/BTC,1607808818980,2020-12-12T21:33:38.980Z,buy,9.2e-07,439.0,0.00040388
VIB/BTC,1607808825703,2020-12-12T21:33:45.703Z,sell,9.1e-07,2352.0,0.00214032
VIB/BTC,1607808832878,2020-12-12T21:33:52.878Z,sell,9.2e-07,69996.0,0.0643963199999999
VIB/BTC,1607808832894,2020-12-12T21:33:52.894Z,buy,9.2e-07,2585.0,0.0023782
VIB/BTC,1607808832922,2020-12-12T21:33:52.922Z,buy,9.2e-07,2585.0,0.0023782
VIB/BTC,1607808832950,2020-12-12T21:33:52.950Z,buy,9.2e-07,5169.0,0.00475548
VIB/BTC,1607808832950,2020-12-12T21:33:52.950Z,buy,9.2e-07,5169.0,0.00475548
VIB/BTC,1607809188420,2020-12-12T21:39:48.420Z,buy,9.3e-07,153.0,0.00014229
VIB/BTC,1607809536574,2020-12-12T21:45:36.574Z,buy,9.3e-07,56340.0,0.0523962
VIB/BTC,1607809574765,2020-12-12T21:46:14.765Z,buy,9.3e-07,516.0,0.00047988
VIB/BTC,1607809615617,2020-12-12T21:46:55.617Z,buy,9.3e-07,76018.0,0.07069674
VIB/BTC,1607809633532,2020-12-12T21:47:13.532Z,buy,9.3e-07,5861.0,0.00545073
VIB/BTC,1607809665092,2020-12-12T21:47:45.092Z,sell,9.2e-07,33581.0,0.0308945199999999
VIB/BTC,1607809677806,2020-12-12T21:47:57.806Z,sell,9.2e-07,4381.0,0.00403052
VIB/BTC,1607809710115,2020-12-12T21:48:30.115Z,buy,9.3e-07,510229.0,0.47451297
VIB/BTC,1607809710122,2020-12-12T21:48:30.122Z,sell,9.3e-07,13531.0,0.01258383
VIB/BTC,1607809710123,2020-12-12T21:48:30.123Z,sell,9.3e-07,571.0,0.00053103
VIB/BTC,1607809718024,2020-12-12T21:48:38.024Z,buy,9.3e-07,188092.0,0.17492556
VIB/BTC,1607809720565,2020-12-12T21:48:40.565Z,buy,9.3e-07,113995.0,0.10601535
VIB/BTC,1607809829524,2020-12-12T21:50:29.524Z,buy,9.3e-07,571.0,0.00053103
VIB/BTC,1607809871358,2020-12-12T21:51:11.358Z,buy,9.3e-07,187142.0,0.17404206
VIB/BTC,1607809873111,2020-12-12T21:51:13.111Z,buy,9.3e-07,119842.0,0.1114530599999999
VIB/BTC,1607809874497,2020-12-12T21:51:14.497Z,buy,9.3e-07,112528.0,0.10465104
VIB/BTC,1607809876220,2020-12-12T21:51:16.220Z,buy,9.3e-07,101838.0,0.09470934
VIB/BTC,1607809879578,2020-12-12T21:51:19.578Z,buy,9.3e-07,59921.0,0.0557265299999999
VIB/BTC,1607809903839,2020-12-12T21:51:43.839Z,sell,9.2e-07,361.0,0.00033212
VIB/BTC,1607809911501,2020-12-12T21:51:51.501Z,buy,9.3e-07,3183.0,0.00296019
VIB/BTC,1607809928864,2020-12-12T21:52:08.864Z,sell,9.3e-07,5000.0,0.00465
VIB/BTC,1607810138034,2020-12-12T21:55:38.034Z,buy,9.3e-07,5050.0,0.0046965
VIB/BTC,1607810160671,2020-12-12T21:56:00.671Z,buy,9.4e-07,153.0,0.00014382
VIB/BTC,1607810175421,2020-12-12T21:56:15.421Z,sell,9.3e-07,5222.0,0.00485646
VIB/BTC,1607810177632,2020-12-12T21:56:17.632Z,buy,9.3e-07,125064.0,0.11630952
VIB/BTC,1607810178812,2020-12-12T21:56:18.812Z,buy,9.3e-07,116257.0,0.10811901
VIB/BTC,1607810180260,2020-12-12T21:56:20.260Z,buy,9.3e-07,106275.0,0.09883575
VIB/BTC,1607810181369,2020-12-12T21:56:21.369Z,buy,9.3e-07,117431.0,0.10921083
VIB/BTC,1607810183234,2020-12-12T21:56:23.234Z,buy,9.3e-07,107449.0,0.09992757
VIB/BTC,1607810187382,2020-12-12T21:56:27.382Z,buy,9.3e-07,105688.0,0.09828984
VIB/BTC,1607810188373,2020-12-12T21:56:28.373Z,buy,9.3e-07,116844.0,0.10866492
VIB/BTC,1607810190075,2020-12-12T21:56:30.075Z,buy,9.3e-07,108037.0,0.10047441
VIB/BTC,1607810190764,2020-12-12T21:56:30.764Z,buy,9.3e-07,104514.0,0.09719802
VIB/BTC,1607810192152,2020-12-12T21:56:32.152Z,buy,9.3e-07,116257.0,0.10811901
VIB/BTC,1607810197063,2020-12-12T21:56:37.063Z,buy,9.3e-07,118605.0,0.11030265
VIB/BTC,1607810198881,2020-12-12T21:56:38.881Z,buy,9.3e-07,104514.0,0.09719802
VIB/BTC,1607810199791,2020-12-12T21:56:39.791Z,buy,9.3e-07,119780.0,0.1113954
VIB/BTC,1607810200858,2020-12-12T21:56:40.858Z,buy,9.3e-07,105101.0,0.0977439299999999
VIB/BTC,1607810201972,2020-12-12T21:56:41.972Z,buy,9.3e-07,117431.0,0.10921083
VIB/BTC,1607810206787,2020-12-12T21:56:46.787Z,buy,9.3e-07,56217.0,0.05228181
VIB/BTC,1607810207995,2020-12-12T21:56:47.995Z,buy,9.3e-07,25064.0,0.02330952
VIB/BTC,1607810209231,2020-12-12T21:56:49.231Z,buy,9.3e-07,22475.0,0.02090175
VIB/BTC,1607810210403,2020-12-12T21:56:50.403Z,buy,9.3e-07,20710.0,0.0192603
VIB/BTC,1607810211471,2020-12-12T21:56:51.471Z,buy,9.3e-07,22828.0,0.02123004
VIB/BTC,1607810212792,2020-12-12T21:56:52.792Z,buy,9.3e-07,20357.0,0.01893201
VIB/BTC,1607810214008,2020-12-12T21:56:54.008Z,buy,9.3e-07,12002.0,0.01116186
VIB/BTC,1607810215835,2020-12-12T21:56:55.835Z,buy,9.3e-07,12532.0,0.01165476
VIB/BTC,1607810216811,2020-12-12T21:56:56.811Z,buy,9.3e-07,17180.0,0.0159774
VIB/BTC,1607810218195,2020-12-12T21:56:58.195Z,buy,9.3e-07,16003.0,0.01488279
VIB/BTC,1607810219822,2020-12-12T21:56:59.822Z,buy,9.3e-07,22122.0,0.02057346
VIB/BTC,1607810221733,2020-12-12T21:57:01.733Z,buy,9.3e-07,21063.0,0.01958859
VIB/BTC,1607810222613,2020-12-12T21:57:02.613Z,buy,9.3e-07,23064.0,0.02144952
VIB/BTC,1607810224807,2020-12-12T21:57:04.807Z,buy,9.3e-07,19651.0,0.01827543
VIB/BTC,1607810416395,2020-12-12T22:00:16.395Z,sell,9.2e-07,215043.0,0.19783956
VIB/BTC,1607810416407,2020-12-12T22:00:16.407Z,buy,9.2e-07,7254.0,0.0066736799999999
VIB/BTC,1607810416411,2020-12-12T22:00:16.411Z,buy,9.2e-07,3220.0,0.0029624
VIB/BTC,1607810416412,2020-12-12T22:00:16.412Z,buy,9.2e-07,3224.0,0.00296608
VIB/BTC,1607810418634,2020-12-12T22:00:18.634Z,buy,9.2e-07,206363.0,0.18985396
VIB/BTC,1607810420819,2020-12-12T22:00:20.819Z,buy,9.2e-07,142037.0,0.13067404
VIB/BTC,1607810424838,2020-12-12T22:00:24.838Z,sell,9.2e-07,160420.0,0.1475864
VIB/BTC,1607810429368,2020-12-12T22:00:29.368Z,sell,9.2e-07,221424.0,0.20371008
VIB/BTC,1607810437445,2020-12-12T22:00:37.445Z,sell,9.2e-07,213519.0,0.19643748
VIB/BTC,1607810441825,2020-12-12T22:00:41.825Z,sell,9.2e-07,202281.0,0.18609852
VIB/BTC,1607810448171,2020-12-12T22:00:48.171Z,sell,9.2e-07,213519.0,0.19643748
VIB/BTC,1607810452742,2020-12-12T22:00:52.742Z,sell,9.2e-07,83744.0,0.07704448
VIB/BTC,1607810452946,2020-12-12T22:00:52.946Z,sell,9.2e-07,170333.0,0.15670636
VIB/BTC,1607810457548,2020-12-12T22:00:57.548Z,buy,9.2e-07,93180.0,0.0857256
VIB/BTC,1607810460109,2020-12-12T22:01:00.109Z,sell,9.2e-07,70027.0,0.06442484
VIB/BTC,1607810460686,2020-12-12T22:01:00.686Z,sell,9.2e-07,7126.0,0.00655592
VIB/BTC,1607810463697,2020-12-12T22:01:03.697Z,buy,9.2e-07,68650.0,0.0631579999999999
VIB/BTC,1607810465400,2020-12-12T22:01:05.400Z,buy,9.2e-07,76159.0,0.07006628
VIB/BTC,1607810466558,2020-12-12T22:01:06.558Z,buy,9.2e-07,67578.0,0.06217176
VIB/BTC,1607810471658,2020-12-12T22:01:11.658Z,buy,9.2e-07,57119.0,0.0525494799999999
VIB/BTC,1607810472468,2020-12-12T22:01:12.468Z,buy,9.2e-07,70081.0,0.06447452
VIB/BTC,1607810475533,2020-12-12T22:01:15.533Z,buy,9.2e-07,63608.0,0.05851936
VIB/BTC,1607810477799,2020-12-12T22:01:17.799Z,buy,9.2e-07,73633.0,0.06774236
VIB/BTC,1607810484929,2020-12-12T22:01:24.929Z,buy,9.2e-07,36817.0,0.03387164
VIB/BTC,1607810490100,2020-12-12T22:01:30.100Z,buy,9.2e-07,69139.0,0.0636078799999999
VIB/BTC,1607810491745,2020-12-12T22:01:31.745Z,buy,9.2e-07,73633.0,0.06774236
VIB/BTC,1607810492515,2020-12-12T22:01:32.515Z,buy,9.2e-07,72395.0,0.0666034
VIB/BTC,1607810494897,2020-12-12T22:01:34.897Z,buy,9.2e-07,118605.0,0.1091166
VIB/BTC,1607810499524,2020-12-12T22:01:39.524Z,buy,9.2e-07,128889.0,0.11857788
VIB/BTC,1607810501801,2020-12-12T22:01:41.801Z,buy,9.2e-07,146028.0,0.13434576
VIB/BTC,1607810504263,2020-12-12T22:01:44.263Z,buy,9.2e-07,99774.0,0.09179208
VIB/BTC,1607810507353,2020-12-12T22:01:47.353Z,sell,9.2e-07,29800.0,0.027416
VIB/BTC,1607810510032,2020-12-12T22:01:50.032Z,buy,9.2e-07,126146.0,0.11605432
VIB/BTC,1607810511228,2020-12-12T22:01:51.228Z,buy,9.2e-07,146028.0,0.13434576
VIB/BTC,1607810517654,2020-12-12T22:01:57.654Z,buy,9.2e-07,133688.0,0.12299296
VIB/BTC,1607810519103,2020-12-12T22:01:59.103Z,buy,9.2e-07,122718.0,0.11290056
VIB/BTC,1607810520466,2020-12-12T22:02:00.466Z,buy,9.2e-07,126832.0,0.11668544
VIB/BTC,1607810528447,2020-12-12T22:02:08.447Z,buy,9.2e-07,138487.0,0.12740804
VIB/BTC,1607810530149,2020-12-12T22:02:10.149Z,buy,9.2e-07,128203.0,0.11794676
VIB/BTC,1607810531968,2020-12-12T22:02:11.968Z,buy,9.2e-07,146028.0,0.13434576
VIB/BTC,1607810537473,2020-12-12T22:02:17.473Z,buy,9.2e-07,128889.0,0.11857788
VIB/BTC,1607810539034,2020-12-12T22:02:19.034Z,buy,9.2e-07,125619.0,0.11556948
VIB/BTC,1607810543263,2020-12-12T22:02:23.263Z,buy,9.2e-07,124978.0,0.11497976
VIB/BTC,1607810548429,2020-12-12T22:02:28.429Z,buy,9.2e-07,127541.0,0.1173377199999999
VIB/BTC,1607810549410,2020-12-12T22:02:29.410Z,buy,9.2e-07,116646.0,0.1073143199999999
VIB/BTC,1607810554497,2020-12-12T22:02:34.497Z,buy,9.2e-07,128182.0,0.11792744
VIB/BTC,1607810556224,2020-12-12T22:02:36.224Z,buy,9.2e-07,121773.0,0.1120311599999999
VIB/BTC,1607810557396,2020-12-12T22:02:37.396Z,buy,9.2e-07,114723.0,0.10554516
VIB/BTC,1607810562554,2020-12-12T22:02:42.554Z,buy,9.2e-07,120491.0,0.11085172
VIB/BTC,1607810563600,2020-12-12T22:02:43.600Z,buy,9.2e-07,130746.0,0.12028632
VIB/BTC,1607810564869,2020-12-12T22:02:44.869Z,buy,9.2e-07,117042.0,0.1076786399999999
VIB/BTC,1607810566758,2020-12-12T22:02:46.758Z,sell,9.2e-07,2808.0,0.00258336
VIB/BTC,1607810568747,2020-12-12T22:02:48.747Z,buy,9.2e-07,110237.0,0.10141804
VIB/BTC,1607810570040,2020-12-12T22:02:50.040Z,buy,9.2e-07,128823.0,0.11851716
VIB/BTC,1607810572288,2020-12-12T22:02:52.288Z,buy,9.2e-07,118568.0,0.10908256
VIB/BTC,1607810577672,2020-12-12T22:02:57.672Z,buy,9.2e-07,119209.0,0.10967228
VIB/BTC,1607810578816,2020-12-12T22:02:58.816Z,buy,9.2e-07,127541.0,0.1173377199999999
VIB/BTC,1607810581141,2020-12-12T22:03:01.141Z,buy,9.2e-07,111518.0,0.10259656
VIB/BTC,1607810585718,2020-12-12T22:03:05.718Z,buy,9.2e-07,124337.0,0.11439004
VIB/BTC,1607810586318,2020-12-12T22:03:06.318Z,buy,9.2e-07,122414.0,0.1126208799999999
VIB/BTC,1607810589022,2020-12-12T22:03:09.022Z,buy,9.2e-07,119209.0,0.10967228
VIB/BTC,1607810590390,2020-12-12T22:03:10.390Z,buy,9.2e-07,110878.0,0.10200776
VIB/BTC,1607810594980,2020-12-12T22:03:14.980Z,buy,9.2e-07,117287.0,0.1079040399999999
VIB/BTC,1607810596213,2020-12-12T22:03:16.213Z,buy,9.2e-07,125619.0,0.11556948
VIB/BTC,1607810597436,2020-12-12T22:03:17.436Z,buy,9.2e-07,116646.0,0.1073143199999999
VIB/BTC,1607810600566,2020-12-12T22:03:20.566Z,buy,9.2e-07,8884.0,0.00817328
VIB/BTC,1607810602868,2020-12-12T22:03:22.868Z,buy,9.2e-07,127650.0,0.117438
VIB/BTC,1607810603959,2020-12-12T22:03:23.959Z,buy,9.2e-07,124919.0,0.11492548
VIB/BTC,1607810605052,2020-12-12T22:03:25.052Z,buy,9.2e-07,129015.0,0.1186938
VIB/BTC,1607810609527,2020-12-12T22:03:29.527Z,buy,9.2e-07,124919.0,0.11492548
VIB/BTC,1607810610781,2020-12-12T22:03:30.781Z,buy,9.2e-07,145398.0,0.13376616
VIB/BTC,1607810613943,2020-12-12T22:03:33.943Z,buy,9.2e-07,117411.0,0.10801812
VIB/BTC,1607810618304,2020-12-12T22:03:38.304Z,buy,9.2e-07,131746.0,0.1212063199999999
VIB/BTC,1607810619593,2020-12-12T22:03:39.593Z,buy,9.2e-07,123554.0,0.11366968
VIB/BTC,1607810621833,2020-12-12T22:03:41.833Z,buy,9.2e-07,120824.0,0.1111580799999999
VIB/BTC,1607810625545,2020-12-12T22:03:45.545Z,buy,9.2e-07,120824.0,0.1111580799999999
VIB/BTC,1607810626806,2020-12-12T22:03:46.806Z,buy,9.2e-07,118776.0,0.10927392
VIB/BTC,1607810629038,2020-12-12T22:03:49.038Z,buy,9.2e-07,99662.0,0.09168904
VIB/BTC,1607810665964,2020-12-12T22:04:25.964Z,buy,9.2e-07,2314.0,0.00212888
VIB/BTC,1607810712132,2020-12-12T22:05:12.132Z,sell,9.2e-07,3261.0,0.00300012
VIB/BTC,1607811409472,2020-12-12T22:16:49.472Z,buy,9.3e-07,504.0,0.00046872
VIB/BTC,1607811586896,2020-12-12T22:19:46.896Z,sell,9.2e-07,4488.0,0.00412896
VIB/BTC,1607812050451,2020-12-12T22:27:30.451Z,buy,9.3e-07,3440.0,0.0031992
VIB/BTC,1607812050451,2020-12-12T22:27:30.451Z,buy,9.3e-07,3440.0,0.0031992
VIB/BTC,1607812707792,2020-12-12T22:38:27.792Z,buy,9.3e-07,515.0,0.00047895
VIB/BTC,1607812938495,2020-12-12T22:42:18.495Z,buy,9.3e-07,12172.0,0.01131996
VIB/BTC,1607812985292,2020-12-12T22:43:05.292Z,buy,9.3e-07,1129.0,0.00104997
VIB/BTC,1607813325609,2020-12-12T22:48:45.609Z,buy,9.3e-07,3515.0,0.00326895
VIB/BTC,1607813917948,2020-12-12T22:58:37.948Z,buy,9.3e-07,513.0,0.00047709
VIB/BTC,1607814943978,2020-12-12T23:15:43.978Z,buy,9.3e-07,40041.0,0.03723813
VIB/BTC,1607815456651,2020-12-12T23:24:16.651Z,buy,9.3e-07,514.0,0.00047802
VIB/BTC,1607815456651,2020-12-12T23:24:16.651Z,buy,9.3e-07,514.0,0.00047802
VIB/BTC,1607816475406,2020-12-12T23:41:15.406Z,sell,9.2e-07,8875.0,0.008165
VIB/BTC,1607816693196,2020-12-12T23:44:53.196Z,buy,9.3e-07,522.0,0.00048546
VIB/BTC,1607817887951,2020-12-13T00:04:47.951Z,sell,9.2e-07,155.0,0.0001426
VIB/BTC,1607818615023,2020-12-13T00:16:55.023Z,sell,9.2e-07,5289.0,0.0048658799999999
VIB/BTC,1607818615023,2020-12-13T00:16:55.023Z,sell,9.2e-07,5289.0,0.0048658799999999
VIB/BTC,1607819161076,2020-12-13T00:26:01.076Z,sell,9.2e-07,14035.0,0.0129122
VIB/BTC,1607819161236,2020-12-13T00:26:01.236Z,sell,9.2e-07,7470.0,0.0068724
VIB/BTC,1607819501856,2020-12-13T00:31:41.856Z,buy,9.2e-07,2960.0,0.0027232
VIB/BTC,1607821223257,2020-12-13T01:00:23.257Z,buy,9.2e-07,5061.0,0.00465612
VIB/BTC,1607821236936,2020-12-13T01:00:36.936Z,buy,9.2e-07,4557.0,0.0041924399999999
VIB/BTC,1607822174178,2020-12-13T01:16:14.178Z,buy,9.2e-07,377.0,0.00034684
VIB/BTC,1607822174178,2020-12-13T01:16:14.178Z,buy,9.2e-07,377.0,0.00034684
VIB/BTC,1607823670425,2020-12-13T01:41:10.425Z,sell,9.1e-07,419.0,0.00038129
VIB/BTC,1607823670425,2020-12-13T01:41:10.425Z,sell,9.1e-07,419.0,0.00038129
VIB/BTC,1607825974756,2020-12-13T02:19:34.756Z,sell,9.1e-07,16876.0,0.01535716
VIB/BTC,1607826852556,2020-12-13T02:34:12.556Z,sell,9.1e-07,1499.0,0.0013640899999999
VIB/BTC,1607826852556,2020-12-13T02:34:12.556Z,sell,9.1e-07,1499.0,0.0013640899999999
VIB/BTC,1607827647978,2020-12-13T02:47:27.978Z,sell,9.1e-07,54673.0,0.04975243
VIB/BTC,1607827665166,2020-12-13T02:47:45.166Z,sell,9.1e-07,110.0,0.0001001
VIB/BTC,1607828012443,2020-12-13T02:53:32.443Z,sell,9.1e-07,19663.0,0.01789333
VIB/BTC,1607828151848,2020-12-13T02:55:51.848Z,buy,9.2e-07,390.0,0.0003588
VIB/BTC,1607828634923,2020-12-13T03:03:54.923Z,buy,9.2e-07,511.0,0.00047012
VIB/BTC,1607830109000,2020-12-13T03:28:29.000Z,buy,9.2e-07,519.0,0.00047748
VIB/BTC,1607830109000,2020-12-13T03:28:29.000Z,buy,9.2e-07,519.0,0.00047748
VIB/BTC,1607831373417,2020-12-13T03:49:33.417Z,buy,9.2e-07,518.0,0.00047656
VIB/BTC,1607831743362,2020-12-13T03:55:43.362Z,sell,9.1e-07,319.0,0.00029029
VIB/BTC,1607833063438,2020-12-13T04:17:43.438Z,sell,9.1e-07,745.0,0.00067795
VIB/BTC,1607833243818,2020-12-13T04:20:43.818Z,sell,9.1e-07,225.0,0.00020475
VIB/BTC,1607833254682,2020-12-13T04:20:54.682Z,buy,9.2e-07,111.0,0.0001021199999999
VIB/BTC,1607833254682,2020-12-13T04:20:54.682Z,buy,9.2e-07,111.0,0.0001021199999999
VIB/BTC,1607833810015,2020-12-13T04:30:10.015Z,buy,9.2e-07,516.0,0.00047472
VIB/BTC,1607834548554,2020-12-13T04:42:28.554Z,buy,9.2e-07,10000.0,0.0092
VIB/BTC,1607835054675,2020-12-13T04:50:54.675Z,buy,9.2e-07,113.0,0.00010396
VIB/BTC,1607835722393,2020-12-13T05:02:02.393Z,buy,9.2e-07,650.0,0.000598
VIB/BTC,1607835722393,2020-12-13T05:02:02.393Z,buy,9.2e-07,650.0,0.000598
VIB/BTC,1607837387599,2020-12-13T05:29:47.599Z,sell,9.1e-07,111.0,0.00010101
VIB/BTC,1607837418802,2020-12-13T05:30:18.802Z,sell,9.1e-07,110.0,0.0001001
VIB/BTC,1607837424488,2020-12-13T05:30:24.488Z,buy,9.2e-07,110.0,0.0001012
VIB/BTC,1607838545841,2020-12-13T05:49:05.841Z,sell,9.1e-07,4113.0,0.00374283
VIB/BTC,1607838582995,2020-12-13T05:49:42.995Z,buy,9.2e-07,110.0,0.0001012
VIB/BTC,1607838582995,2020-12-13T05:49:42.995Z,buy,9.2e-07,110.0,0.0001012
VIB/BTC,1607839870333,2020-12-13T06:11:10.333Z,sell,9.1e-07,110.0,0.0001001
VIB/BTC,1607839876477,2020-12-13T06:11:16.477Z,buy,9.2e-07,109.0,0.00010028
VIB/BTC,1607840179566,2020-12-13T06:16:19.566Z,buy,9.2e-07,109.0,0.00010028
VIB/BTC,1607840984185,2020-12-13T06:29:44.185Z,sell,9.1e-07,217.0,0.00019747
VIB/BTC,1607841001587,2020-12-13T06:30:01.587Z,sell,9.1e-07,120.0,0.0001092
VIB/BTC,1607841007277,2020-12-13T06:30:07.277Z,buy,9.2e-07,110.0,0.0001012
VIB/BTC,1607841755580,2020-12-13T06:42:35.580Z,buy,9.2e-07,32.0,2.944e-05
VIB/BTC,1607841766903,2020-12-13T06:42:46.903Z,buy,9.2e-07,520.0,0.0004784
VIB/BTC,1607841881293,2020-12-13T06:44:41.293Z,sell,9.1e-07,110.0,0.0001001
VIB/BTC,1607841902962,2020-12-13T06:45:02.962Z,sell,9.1e-07,110.0,0.0001001
VIB/BTC,1607841908185,2020-12-13T06:45:08.185Z,buy,9.2e-07,110.0,0.0001012
VIB/BTC,1607841908185,2020-12-13T06:45:08.185Z,buy,9.2e-07,110.0,0.0001012
VIB/BTC,1607842790311,2020-12-13T06:59:50.311Z,sell,9.1e-07,110.0,0.0001001
VIB/BTC,1607842803311,2020-12-13T07:00:03.311Z,sell,9.1e-07,110.0,0.0001001
VIB/BTC,1607842807500,2020-12-13T07:00:07.500Z,buy,9.2e-07,110.0,0.0001012
VIB/BTC,1607842992316,2020-12-13T07:03:12.316Z,buy,9.2e-07,520.0,0.0004784
VIB/BTC,1607843063172,2020-12-13T07:04:23.172Z,sell,9.1e-07,4367.0,0.00397397
VIB/BTC,1607843063629,2020-12-13T07:04:23.629Z,sell,9.1e-07,2922.0,0.00265902
VIB/BTC,1607843151220,2020-12-13T07:05:51.220Z,buy,9.2e-07,110.0,0.0001012
VIB/BTC,1607844524841,2020-12-13T07:28:44.841Z,buy,9.2e-07,14389.0,0.01323788
VIB/BTC,1607844698155,2020-12-13T07:31:38.155Z,buy,9.2e-07,46575.0,0.042849
VIB/BTC,1607845467520,2020-12-13T07:44:27.520Z,sell,9.1e-07,110.0,0.0001001
VIB/BTC,1607845505023,2020-12-13T07:45:05.023Z,sell,9.1e-07,110.0,0.0001001
VIB/BTC,1607845505023,2020-12-13T07:45:05.023Z,sell,9.1e-07,110.0,0.0001001
VIB/BTC,1607845511660,2020-12-13T07:45:11.660Z,buy,9.2e-07,112.0,0.00010304
VIB/BTC,1607845637360,2020-12-13T07:47:17.360Z,sell,9.1e-07,23549.0,0.02142959
VIB/BTC,1607845662689,2020-12-13T07:47:42.689Z,sell,9.1e-07,15954.0,0.0145181399999999
VIB/BTC,1607845671737,2020-12-13T07:47:51.737Z,sell,9.1e-07,24375.0,0.02218125
VIB/BTC,1607846334640,2020-12-13T07:58:54.640Z,buy,9.1e-07,570.0,0.0005187
VIB/BTC,1607846370672,2020-12-13T07:59:30.672Z,sell,9e-07,115.0,0.0001035
VIB/BTC,1607846370672,2020-12-13T07:59:30.672Z,sell,9e-07,5614.0,0.0050526
VIB/BTC,1607846370672,2020-12-13T07:59:30.672Z,sell,9e-07,5740.0,0.005166
VIB/BTC,1607846402918,2020-12-13T08:00:02.918Z,sell,9e-07,115.0,0.0001035
VIB/BTC,1607846408111,2020-12-13T08:00:08.111Z,buy,9.1e-07,115.0,0.00010465
VIB/BTC,1607846447077,2020-12-13T08:00:47.077Z,buy,9.1e-07,7453.0,0.00678223
VIB/BTC,1607846447126,2020-12-13T08:00:47.126Z,buy,9.1e-07,7453.0,0.00678223
VIB/BTC,1607846447214,2020-12-13T08:00:47.214Z,buy,9.1e-07,15055.0,0.01370005
VIB/BTC,1607846447231,2020-12-13T08:00:47.231Z,buy,9.1e-07,7453.0,0.00678223
VIB/BTC,1607846447266,2020-12-13T08:00:47.266Z,buy,9.1e-07,7453.0,0.00678223
VIB/BTC,1607846447487,2020-12-13T08:00:47.487Z,buy,9.1e-07,36052.0,0.03280732
VIB/BTC,1607846519004,2020-12-13T08:01:59.004Z,buy,9.1e-07,208.0,0.00018928
VIB/BTC,1607846559189,2020-12-13T08:02:39.189Z,sell,9e-07,621.0,0.0005589
VIB/BTC,1607846570205,2020-12-13T08:02:50.205Z,buy,9.1e-07,110.0,0.0001001
VIB/BTC,1607846581345,2020-12-13T08:03:01.345Z,buy,9.1e-07,364.0,0.00033124
VIB/BTC,1607846594572,2020-12-13T08:03:14.572Z,buy,9.1e-07,1000.0,0.00091
VIB/BTC,1607846615221,2020-12-13T08:03:35.221Z,buy,9.1e-07,1000.0,0.00091
VIB/BTC,1607846616680,2020-12-13T08:03:36.680Z,buy,9.1e-07,1000.0,0.00091
VIB/BTC,1607846641977,2020-12-13T08:04:01.977Z,buy,9.1e-07,1000.0,0.00091
VIB/BTC,1607846643655,2020-12-13T08:04:03.655Z,buy,9.1e-07,1000.0,0.00091
VIB/BTC,1607846644079,2020-12-13T08:04:04.079Z,buy,9.1e-07,1000.0,0.00091
VIB/BTC,1607846646192,2020-12-13T08:04:06.192Z,buy,9.1e-07,5891.0,0.00536081
VIB/BTC,1607846750342,2020-12-13T08:05:50.342Z,buy,9.1e-07,170.0,0.0001547
VIB/BTC,1607847058916,2020-12-13T08:10:58.916Z,buy,9.1e-07,394.0,0.0003585399999999
VIB/BTC,1607847167287,2020-12-13T08:12:47.287Z,sell,9e-07,420.0,0.0003779999999999
VIB/BTC,1607847178401,2020-12-13T08:12:58.401Z,buy,9.1e-07,110.0,0.0001001
VIB/BTC,1607847201687,2020-12-13T08:13:21.687Z,buy,9.1e-07,97802.0,0.08899982
VIB/BTC,1607847224398,2020-12-13T08:13:44.398Z,buy,9.1e-07,45914.0,0.04178174
VIB/BTC,1607847263997,2020-12-13T08:14:23.997Z,buy,9.2e-07,52706.0,0.04848952
VIB/BTC,1607847312095,2020-12-13T08:15:12.095Z,sell,9.1e-07,3100.0,0.0028209999999999
VIB/BTC,1607847318053,2020-12-13T08:15:18.053Z,buy,9.2e-07,110.0,0.0001012
VIB/BTC,1607847424389,2020-12-13T08:17:04.389Z,buy,9.2e-07,519.0,0.00047748
VIB/BTC,1607847872864,2020-12-13T08:24:32.864Z,buy,9.2e-07,53108.0,0.04885936
VIB/BTC,1607848076008,2020-12-13T08:27:56.008Z,buy,9.2e-07,6500.0,0.00598
VIB/BTC,1607848082231,2020-12-13T08:28:02.231Z,buy,9.2e-07,6500.0,0.00598
VIB/BTC,1607848197225,2020-12-13T08:29:57.225Z,sell,9.1e-07,110.0,0.0001001
VIB/BTC,1607848203856,2020-12-13T08:30:03.856Z,sell,9.1e-07,110.0,0.0001001
VIB/BTC,1607848208359,2020-12-13T08:30:08.359Z,buy,9.2e-07,110.0,0.0001012
VIB/BTC,1607848351886,2020-12-13T08:32:31.886Z,sell,9.1e-07,8558.0,0.0077877799999999
VIB/BTC,1607848355709,2020-12-13T08:32:35.709Z,buy,9.2e-07,110.0,0.0001012
VIB/BTC,1607848758781,2020-12-13T08:39:18.781Z,sell,9.1e-07,599.0,0.00054509
VIB/BTC,1607848844874,2020-12-13T08:40:44.874Z,sell,9.1e-07,413.0,0.00037583
VIB/BTC,1607848959291,2020-12-13T08:42:39.291Z,buy,9.2e-07,131746.0,0.1212063199999999
VIB/BTC,1607848971615,2020-12-13T08:42:51.615Z,sell,9.1e-07,105036.0,0.09558276
VIB/BTC,1607848978243,2020-12-13T08:42:58.243Z,buy,9.2e-07,76709.0,0.07057228
VIB/BTC,1607848979991,2020-12-13T08:42:59.991Z,buy,9.2e-07,37020.0,0.0340584
VIB/BTC,1607848987621,2020-12-13T08:43:07.621Z,sell,9.1e-07,90083.0,0.0819755299999999
VIB/BTC,1607848992294,2020-12-13T08:43:12.294Z,buy,9.2e-07,130173.0,0.11975916
VIB/BTC,1607848992294,2020-12-13T08:43:12.294Z,buy,9.2e-07,130173.0,0.11975916
VIB/BTC,1607849114224,2020-12-13T08:45:14.224Z,buy,9.2e-07,197.0,0.00018124
VIB/BTC,1607849229190,2020-12-13T08:47:09.190Z,buy,9.2e-07,2174.0,0.00200008
VIB/BTC,1607849295739,2020-12-13T08:48:15.739Z,buy,9.2e-07,510945.0,0.4700693999999999
VIB/BTC,1607849302606,2020-12-13T08:48:22.606Z,buy,9.2e-07,359207.0,0.33047044
VIB/BTC,1607849307833,2020-12-13T08:48:27.833Z,buy,9.2e-07,373349.0,0.34348108
VIB/BTC,1607849311978,2020-12-13T08:48:31.978Z,buy,9.2e-07,415077.0,0.38187084
VIB/BTC,1607849316470,2020-12-13T08:48:36.470Z,buy,9.2e-07,368957.0,0.33944044
VIB/BTC,1607849316828,2020-12-13T08:48:36.828Z,buy,9.2e-07,97802.0,0.08997784
VIB/BTC,1607849322065,2020-12-13T08:48:42.065Z,buy,9.2e-07,387548.0,0.35654416
VIB/BTC,1607849322114,2020-12-13T08:48:42.114Z,sell,9.2e-07,113.0,0.00010396
VIB/BTC,1607849324237,2020-12-13T08:48:44.237Z,sell,9.2e-07,55670.0,0.0512164
VIB/BTC,1607849325563,2020-12-13T08:48:45.563Z,buy,9.2e-07,198078.0,0.18223176
VIB/BTC,1607849326609,2020-12-13T08:48:46.609Z,buy,9.2e-07,210633.0,0.19378236
VIB/BTC,1607849335685,2020-12-13T08:48:55.685Z,buy,9.3e-07,524220.0,0.4875246
VIB/BTC,1607849342102,2020-12-13T08:49:02.102Z,buy,9.3e-07,449731.0,0.41824983
VIB/BTC,1607849346734,2020-12-13T08:49:06.734Z,buy,9.3e-07,249942.0,0.23244606
VIB/BTC,1607849351818,2020-12-13T08:49:11.818Z,buy,9.3e-07,382789.0,0.35599377
VIB/BTC,1607849353839,2020-12-13T08:49:13.839Z,buy,9.3e-07,232377.0,0.21611061
VIB/BTC,1607849360016,2020-12-13T08:49:20.016Z,buy,9.3e-07,228920.0,0.2128956
VIB/BTC,1607849362489,2020-12-13T08:49:22.489Z,buy,9.3e-07,250631.0,0.23308683
VIB/BTC,1607849368497,2020-12-13T08:49:28.497Z,buy,9.3e-07,214939.0,0.1998932699999999
VIB/BTC,1607849369843,2020-12-13T08:49:29.843Z,buy,9.3e-07,276126.0,0.25679718
VIB/BTC,1607849374881,2020-12-13T08:49:34.881Z,buy,9.3e-07,276126.0,0.25679718
VIB/BTC,1607849377071,2020-12-13T08:49:37.071Z,buy,9.3e-07,215949.0,0.20083257
VIB/BTC,1607849430826,2020-12-13T08:50:30.826Z,sell,9.2e-07,1796.0,0.0016523199999999
VIB/BTC,1607849431564,2020-12-13T08:50:31.564Z,sell,9.2e-07,2085.0,0.0019182
VIB/BTC,1607849437086,2020-12-13T08:50:37.086Z,buy,9.3e-07,110.0,0.0001022999999999
VIB/BTC,1607849473197,2020-12-13T08:51:13.197Z,buy,9.3e-07,13548.0,0.01259964
VIB/BTC,1607849603271,2020-12-13T08:53:23.271Z,sell,9.2e-07,3297.0,0.00303324
VIB/BTC,1607849615403,2020-12-13T08:53:35.403Z,sell,9.2e-07,548.0,0.00050416
VIB/BTC,1607849621586,2020-12-13T08:53:41.586Z,buy,9.3e-07,110.0,0.0001022999999999
VIB/BTC,1607849793945,2020-12-13T08:56:33.945Z,buy,9.3e-07,120.0,0.0001116
VIB/BTC,1607849995979,2020-12-13T08:59:55.979Z,sell,9.2e-07,110.0,0.0001012
VIB/BTC,1607850003569,2020-12-13T09:00:03.569Z,sell,9.2e-07,281749.0,0.25920908
VIB/BTC,1607850004189,2020-12-13T09:00:04.189Z,sell,9.2e-07,110.0,0.0001012
VIB/BTC,1607850009771,2020-12-13T09:00:09.771Z,sell,9.2e-07,375940.0,0.3458648
VIB/BTC,1607850011462,2020-12-13T09:00:11.462Z,buy,9.3e-07,110.0,0.0001022999999999
VIB/BTC,1607850016194,2020-12-13T09:00:16.194Z,sell,9.2e-07,350817.0,0.32275164
VIB/BTC,1607850021573,2020-12-13T09:00:21.573Z,buy,9.3e-07,110.0,0.0001022999999999
VIB/BTC,1607850023671,2020-12-13T09:00:23.671Z,sell,9.2e-07,389797.0,0.35861324
VIB/BTC,1607850029256,2020-12-13T09:00:29.256Z,buy,9.3e-07,110.0,0.0001022999999999
VIB/BTC,1607850031247,2020-12-13T09:00:31.247Z,sell,9.2e-07,415134.0,0.38192328
VIB/BTC,1607850034839,2020-12-13T09:00:34.839Z,buy,9.3e-07,110.0,0.0001022999999999
VIB/BTC,1607850049556,2020-12-13T09:00:49.556Z,sell,9.2e-07,343656.0,0.31616352
VIB/BTC,1607850052571,2020-12-13T09:00:52.571Z,buy,9.3e-07,110.0,0.0001022999999999
VIB/BTC,1607850140423,2020-12-13T09:02:20.423Z,sell,9.2e-07,5394.0,0.00496248
VIB/BTC,1607850176409,2020-12-13T09:02:56.409Z,sell,9.2e-07,559.0,0.00051428
VIB/BTC,1607850181923,2020-12-13T09:03:01.923Z,buy,9.3e-07,110.0,0.0001022999999999
VIB/BTC,1607850244476,2020-12-13T09:04:04.476Z,buy,9.3e-07,432779.0,0.40248447
VIB/BTC,1607850244484,2020-12-13T09:04:04.484Z,sell,9.3e-07,26902.0,0.02501886
VIB/BTC,1607850246606,2020-12-13T09:04:06.606Z,sell,9.2e-07,556.0,0.00051152
VIB/BTC,1607850251788,2020-12-13T09:04:11.788Z,buy,9.3e-07,231218.0,0.21503274
VIB/BTC,1607850252536,2020-12-13T09:04:12.536Z,buy,9.3e-07,110.0,0.0001022999999999
VIB/BTC,1607850254405,2020-12-13T09:04:14.405Z,buy,9.3e-07,252947.0,0.23524071
VIB/BTC,1607850259454,2020-12-13T09:04:19.454Z,buy,9.3e-07,223258.0,0.2076299399999999
VIB/BTC,1607850260959,2020-12-13T09:04:20.959Z,buy,9.3e-07,249835.0,0.2323465499999999
VIB/BTC,1607850265710,2020-12-13T09:04:25.710Z,buy,9.3e-07,209955.0,0.19525815
VIB/BTC,1607850268316,2020-12-13T09:04:28.316Z,buy,9.3e-07,235760.0,0.2192568
VIB/BTC,1607850274387,2020-12-13T09:04:34.387Z,buy,9.3e-07,233414.0,0.21707502
VIB/BTC,1607850276208,2020-12-13T09:04:36.208Z,buy,9.3e-07,249835.0,0.2323465499999999
VIB/BTC,1607850279863,2020-12-13T09:04:39.863Z,buy,9.3e-07,142328.0,0.13236504
VIB/BTC,1607850281292,2020-12-13T09:04:41.292Z,buy,9.3e-07,350694.0,0.32614542
VIB/BTC,1607850284688,2020-12-13T09:04:44.688Z,sell,9.2e-07,145691.0,0.13403572
VIB/BTC,1607850296698,2020-12-13T09:04:56.698Z,buy,9.3e-07,110.0,0.0001022999999999
VIB/BTC,1607850302705,2020-12-13T09:05:02.705Z,buy,9.3e-07,352620.0,0.3279366
VIB/BTC,1607850309304,2020-12-13T09:05:09.304Z,buy,9.3e-07,89935.0,0.08363955
VIB/BTC,1607850329835,2020-12-13T09:05:29.835Z,buy,9.3e-07,269806.0,0.25091958
VIB/BTC,1607850334710,2020-12-13T09:05:34.710Z,buy,9.3e-07,225260.0,0.2094918
VIB/BTC,1607850337781,2020-12-13T09:05:37.781Z,buy,9.3e-07,256580.0,0.2386194
VIB/BTC,1607850343046,2020-12-13T09:05:43.046Z,buy,9.3e-07,111051.0,0.10327743
VIB/BTC,1607850346200,2020-12-13T09:05:46.200Z,buy,9.3e-07,110.0,0.0001022999999999
VIB/BTC,1607850352771,2020-12-13T09:05:52.771Z,buy,9.3e-07,193230.0,0.1797039
VIB/BTC,1607850356062,2020-12-13T09:05:56.062Z,buy,9.3e-07,213948.0,0.19897164
VIB/BTC,1607850364656,2020-12-13T09:06:04.656Z,buy,9.3e-07,59114.0,0.05497602
VIB/BTC,1607850365319,2020-12-13T09:06:05.319Z,sell,9.3e-07,2227.0,0.00207111
VIB/BTC,1607850365518,2020-12-13T09:06:05.518Z,sell,9.3e-07,1061.0,0.00098673
VIB/BTC,1607850365915,2020-12-13T09:06:05.915Z,buy,9.4e-07,110.0,0.0001034
VIB/BTC,1607850367551,2020-12-13T09:06:07.551Z,buy,9.4e-07,108.0,0.00010152
VIB/BTC,1607850438600,2020-12-13T09:07:18.600Z,sell,9.3e-07,574.0,0.00053382
VIB/BTC,1607850438870,2020-12-13T09:07:18.870Z,sell,9.3e-07,1916.0,0.00178188
VIB/BTC,1607850439105,2020-12-13T09:07:19.105Z,sell,9.3e-07,4023.0,0.00374139
VIB/BTC,1607850442223,2020-12-13T09:07:22.223Z,sell,9.3e-07,2709.0,0.00251937
VIB/BTC,1607850443872,2020-12-13T09:07:23.872Z,sell,9.3e-07,550.0,0.0005115
VIB/BTC,1607850445246,2020-12-13T09:07:25.246Z,sell,9.3e-07,1182.0,0.00109926
VIB/BTC,1607850448835,2020-12-13T09:07:28.835Z,buy,9.4e-07,110.0,0.0001034
VIB/BTC,1607850452308,2020-12-13T09:07:32.308Z,sell,9.2e-07,10954.0,0.01007768
VIB/BTC,1607850453331,2020-12-13T09:07:33.331Z,buy,9.3e-07,1039.0,0.00096627
VIB/BTC,1607850454884,2020-12-13T09:07:34.884Z,buy,9.4e-07,110.0,0.0001034
VIB/BTC,1607850507251,2020-12-13T09:08:27.251Z,buy,9.4e-07,108.0,0.00010152
VIB/BTC,1607850747864,2020-12-13T09:12:27.864Z,buy,9.4e-07,39.0,3.666e-05
VIB/BTC,1607850898063,2020-12-13T09:14:58.063Z,sell,9.3e-07,110.0,0.0001022999999999
VIB/BTC,1607850903859,2020-12-13T09:15:03.859Z,sell,9.3e-07,110.0,0.0001022999999999
VIB/BTC,1607850908747,2020-12-13T09:15:08.747Z,buy,9.4e-07,110.0,0.0001034
VIB/BTC,1607850976263,2020-12-13T09:16:16.263Z,sell,9.3e-07,1275.0,0.00118575
VIB/BTC,1607850982838,2020-12-13T09:16:22.838Z,buy,9.4e-07,110.0,0.0001034
VIB/BTC,1607851025207,2020-12-13T09:17:05.207Z,sell,9.3e-07,11008.0,0.01023744
VIB/BTC,1607851027801,2020-12-13T09:17:07.801Z,buy,9.4e-07,110.0,0.0001034
VIB/BTC,1607851313492,2020-12-13T09:21:53.492Z,sell,9.3e-07,427.0,0.00039711
VIB/BTC,1607851315861,2020-12-13T09:21:55.861Z,buy,9.4e-07,110.0,0.0001034
VIB/BTC,1607851404169,2020-12-13T09:23:24.169Z,sell,9.3e-07,20897.0,0.01943421
VIB/BTC,1607851406923,2020-12-13T09:23:26.923Z,buy,9.4e-07,110.0,0.0001034
VIB/BTC,1607851408919,2020-12-13T09:23:28.919Z,sell,9.3e-07,56226.0,0.05229018
VIB/BTC,1607851409026,2020-12-13T09:23:29.026Z,sell,9.3e-07,53870.0,0.0500991
VIB/BTC,1607851409152,2020-12-13T09:23:29.152Z,sell,9.3e-07,2727.0,0.00253611
VIB/BTC,1607851535273,2020-12-13T09:25:35.273Z,buy,9.3e-07,5774.0,0.00536982
VIB/BTC,1607851538299,2020-12-13T09:25:38.299Z,buy,9.4e-07,110.0,0.0001034
VIB/BTC,1607851564197,2020-12-13T09:26:04.197Z,sell,9.3e-07,110886.0,0.10312398
VIB/BTC,1607851566611,2020-12-13T09:26:06.611Z,buy,9.4e-07,110.0,0.0001034
VIB/BTC,1607851570565,2020-12-13T09:26:10.565Z,sell,9.3e-07,218692.0,0.20338356
VIB/BTC,1607851572924,2020-12-13T09:26:12.924Z,buy,9.4e-07,110.0,0.0001034
VIB/BTC,1607851798858,2020-12-13T09:29:58.858Z,sell,9.3e-07,115.0,0.00010695
VIB/BTC,1607851802168,2020-12-13T09:30:02.168Z,sell,9.3e-07,14123.0,0.01313439
VIB/BTC,1607851803616,2020-12-13T09:30:03.616Z,sell,9.3e-07,215.0,0.00019995
VIB/BTC,1607851804018,2020-12-13T09:30:04.018Z,sell,9.3e-07,8197.0,0.00762321
VIB/BTC,1607851825369,2020-12-13T09:30:25.369Z,buy,9.3e-07,3317.0,0.00308481
VIB/BTC,1607851828613,2020-12-13T09:30:28.613Z,buy,9.4e-07,110.0,0.0001034
VIB/BTC,1607852033064,2020-12-13T09:33:53.064Z,sell,9.3e-07,2217.0,0.00206181
VIB/BTC,1607852033064,2020-12-13T09:33:53.064Z,sell,9.2e-07,561585.0,0.5166582
VIB/BTC,1607852034705,2020-12-13T09:33:54.705Z,sell,9.2e-07,227.0,0.0002088399999999
VIB/BTC,1607852035138,2020-12-13T09:33:55.138Z,sell,9.2e-07,325.0,0.000299
VIB/BTC,1607852090374,2020-12-13T09:34:50.374Z,buy,9.3e-07,110.0,0.0001022999999999
VIB/BTC,1607852104797,2020-12-13T09:35:04.797Z,sell,9.2e-07,3261.0,0.00300012
VIB/BTC,1607852178209,2020-12-13T09:36:18.209Z,buy,9.3e-07,110.0,0.0001022999999999
VIB/BTC,1607852236632,2020-12-13T09:37:16.632Z,sell,9.2e-07,69444.0,0.06388848
VIB/BTC,1607852271221,2020-12-13T09:37:51.221Z,buy,9.2e-07,12819.0,0.01179348
VIB/BTC,1607852295319,2020-12-13T09:38:15.319Z,buy,9.2e-07,1345.0,0.0012374
VIB/BTC,1607852319223,2020-12-13T09:38:39.223Z,buy,9.3e-07,110.0,0.0001022999999999
VIB/BTC,1607852583608,2020-12-13T09:43:03.608Z,sell,9.2e-07,234.0,0.0002152799999999
VIB/BTC,1607852583608,2020-12-13T09:43:03.608Z,sell,9.2e-07,234.0,0.0002152799999999
VIB/BTC,1607852594913,2020-12-13T09:43:14.913Z,buy,9.2e-07,652.0,0.00059984
VIB/BTC,1607852642204,2020-12-13T09:44:02.204Z,buy,9.2e-07,1032.0,0.00094944
VIB/BTC,1607852654979,2020-12-13T09:44:14.979Z,buy,9.3e-07,1000.0,0.0009299999999999
VIB/BTC,1607852698560,2020-12-13T09:44:58.560Z,sell,9.2e-07,219.0,0.00020148
VIB/BTC,1607852703554,2020-12-13T09:45:03.554Z,sell,9.2e-07,225.0,0.000207
VIB/BTC,1607852704121,2020-12-13T09:45:04.121Z,sell,9.2e-07,220.0,0.0002024
VIB/BTC,1607852708278,2020-12-13T09:45:08.278Z,buy,9.3e-07,110.0,0.0001022999999999
VIB/BTC,1607852875338,2020-12-13T09:47:55.338Z,buy,9.3e-07,33.0,3.069e-05
VIB/BTC,1607853510012,2020-12-13T09:58:30.012Z,buy,9.3e-07,394005.0,0.36642465
VIB/BTC,1607853738874,2020-12-13T10:02:18.874Z,buy,9.3e-07,95745.0,0.0890428499999999
VIB/BTC,1607853751406,2020-12-13T10:02:31.406Z,buy,9.4e-07,110.0,0.0001034
VIB/BTC,1607853759083,2020-12-13T10:02:39.083Z,sell,9.3e-07,14786.0,0.01375098
VIB/BTC,1607853795928,2020-12-13T10:03:15.928Z,buy,9.3e-07,6931.0,0.00644583
VIB/BTC,1607853826706,2020-12-13T10:03:46.706Z,buy,9.4e-07,110.0,0.0001034
VIB/BTC,1607853854136,2020-12-13T10:04:14.136Z,sell,9.3e-07,1513.0,0.00140709
VIB/BTC,1607853855953,2020-12-13T10:04:15.953Z,sell,9.3e-07,2198.0,0.00204414
VIB/BTC,1607853861913,2020-12-13T10:04:21.913Z,buy,9.4e-07,137.0,0.00012878
VIB/BTC,1607853878340,2020-12-13T10:04:38.340Z,sell,9.3e-07,11722.0,0.01090146
VIB/BTC,1607853889330,2020-12-13T10:04:49.330Z,buy,9.4e-07,83200.0,0.078208
VIB/BTC,1607853925295,2020-12-13T10:05:25.295Z,buy,9.4e-07,203.0,0.00019082
VIB/BTC,1607853962826,2020-12-13T10:06:02.826Z,sell,9.3e-07,220.0,0.0002045999999999
VIB/BTC,1607854021214,2020-12-13T10:07:01.214Z,sell,9.3e-07,1489.0,0.00138477
VIB/BTC,1607854181155,2020-12-13T10:09:41.155Z,buy,9.4e-07,108.0,0.00010152
VIB/BTC,1607854352990,2020-12-13T10:12:32.990Z,sell,9.3e-07,10066.0,0.00936138
VIB/BTC,1607854386482,2020-12-13T10:13:06.482Z,buy,9.4e-07,7034.0,0.00661196
VIB/BTC,1607854386489,2020-12-13T10:13:06.489Z,sell,9.4e-07,19353.0,0.01819182
VIB/BTC,1607854386493,2020-12-13T10:13:06.493Z,sell,9.4e-07,14384.0,0.01352096
VIB/BTC,1607854386493,2020-12-13T10:13:06.493Z,sell,9.4e-07,14384.0,0.01352096
VIB/BTC,1607854386493,2020-12-13T10:13:06.493Z,sell,9.4e-07,14384.0,0.01352096
VIB/BTC,1607854386495,2020-12-13T10:13:06.495Z,sell,9.4e-07,19353.0,0.01819182
VIB/BTC,1607854386495,2020-12-13T10:13:06.495Z,sell,9.4e-07,1012.0,0.00095128
VIB/BTC,1607854386497,2020-12-13T10:13:06.497Z,sell,9.4e-07,7124.0,0.00669656
VIB/BTC,1607854386508,2020-12-13T10:13:06.508Z,sell,9.4e-07,578.0,0.00054332
VIB/BTC,1607854386529,2020-12-13T10:13:06.529Z,sell,9.4e-07,17006.0,0.01598564
VIB/BTC,1607854386777,2020-12-13T10:13:06.777Z,sell,9.4e-07,11102.0,0.01043588
VIB/BTC,1607854387192,2020-12-13T10:13:07.192Z,sell,9.4e-07,4473.0,0.00420462
VIB/BTC,1607854400433,2020-12-13T10:13:20.433Z,buy,9.5e-07,136.0,0.0001292
VIB/BTC,1607854846170,2020-12-13T10:20:46.170Z,sell,9.4e-07,744.0,0.00069936
VIB/BTC,1607854864357,2020-12-13T10:21:04.357Z,sell,9.4e-07,603.0,0.00056682
VIB/BTC,1607854877047,2020-12-13T10:21:17.047Z,buy,9.5e-07,110.0,0.0001045
VIB/BTC,1607855392806,2020-12-13T10:29:52.806Z,buy,9.5e-07,15066.0,0.0143127
VIB/BTC,1607855488313,2020-12-13T10:31:28.313Z,buy,9.5e-07,30075.0,0.02857125
VIB/BTC,1607855601747,2020-12-13T10:33:21.747Z,sell,9.4e-07,5692.0,0.00535048
VIB/BTC,1607855881565,2020-12-13T10:38:01.565Z,sell,9.4e-07,1531.0,0.00143914
VIB/BTC,1607855941632,2020-12-13T10:39:01.632Z,sell,9.4e-07,3473.0,0.00326462
VIB/BTC,1607856060996,2020-12-13T10:41:00.996Z,sell,9.4e-07,674.0,0.00063356
VIB/BTC,1607856061629,2020-12-13T10:41:01.629Z,sell,9.4e-07,205.0,0.0001927
VIB/BTC,1607856061629,2020-12-13T10:41:01.629Z,sell,9.4e-07,205.0,0.0001927
VIB/BTC,1607856436571,2020-12-13T10:47:16.571Z,buy,9.5e-07,315842.0,0.3000499
VIB/BTC,1607856436578,2020-12-13T10:47:16.578Z,sell,9.5e-07,19159.0,0.01820105
VIB/BTC,1607856436584,2020-12-13T10:47:16.584Z,sell,9.5e-07,19159.0,0.01820105
VIB/BTC,1607856436587,2020-12-13T10:47:16.587Z,sell,9.5e-07,7042.0,0.0066899
VIB/BTC,1607856436588,2020-12-13T10:47:16.588Z,sell,9.5e-07,1998.0,0.0018981
VIB/BTC,1607856436876,2020-12-13T10:47:16.876Z,sell,9.5e-07,6897.0,0.00655215
VIB/BTC,1607856436938,2020-12-13T10:47:16.938Z,sell,9.5e-07,19071.0,0.01811745
VIB/BTC,1607856477784,2020-12-13T10:47:57.784Z,buy,9.6e-07,110.0,0.0001055999999999
VIB/BTC,1607856715461,2020-12-13T10:51:55.461Z,buy,9.6e-07,1919.0,0.0018422399999999
VIB/BTC,1607856940377,2020-12-13T10:55:40.377Z,sell,9.5e-07,484.0,0.0004598
VIB/BTC,1607856941312,2020-12-13T10:55:41.312Z,sell,9.5e-07,105.0,9.975e-05
VIB/BTC,1607856945311,2020-12-13T10:55:45.311Z,sell,9.5e-07,207.0,0.00019665
VIB/BTC,1607857054534,2020-12-13T10:57:34.534Z,buy,9.6e-07,110.0,0.0001055999999999
VIB/BTC,1607857695244,2020-12-13T11:08:15.244Z,sell,9.5e-07,3330.0,0.0031635
VIB/BTC,1607857708170,2020-12-13T11:08:28.170Z,sell,9.4e-07,325.0,0.0003055
VIB/BTC,1607857708188,2020-12-13T11:08:28.188Z,sell,9.4e-07,2174.0,0.00204356
VIB/BTC,1607857729955,2020-12-13T11:08:49.955Z,buy,9.5e-07,547.0,0.00051965
VIB/BTC,1607857736103,2020-12-13T11:08:56.103Z,buy,9.5e-07,279.0,0.00026505
VIB/BTC,1607857773648,2020-12-13T11:09:33.648Z,buy,9.5e-07,367.0,0.00034865
VIB/BTC,1607857850231,2020-12-13T11:10:50.231Z,buy,9.5e-07,1235.0,0.00117325
VIB/BTC,1607857896838,2020-12-13T11:11:36.838Z,buy,9.5e-07,286.0,0.0002717
VIB/BTC,1607858094172,2020-12-13T11:14:54.172Z,sell,9.4e-07,110.0,0.0001034
VIB/BTC,1607858104759,2020-12-13T11:15:04.759Z,sell,9.4e-07,110.0,0.0001034
VIB/BTC,1607858108925,2020-12-13T11:15:08.925Z,buy,9.5e-07,110.0,0.0001045
VIB/BTC,1607858780010,2020-12-13T11:26:20.010Z,sell,9.4e-07,18213.0,0.01712022
VIB/BTC,1607858822001,2020-12-13T11:27:02.001Z,sell,9.4e-07,282.0,0.00026508
VIB/BTC,1607859298775,2020-12-13T11:34:58.775Z,buy,9.5e-07,110.0,0.0001045
VIB/BTC,1607859298775,2020-12-13T11:34:58.775Z,buy,9.5e-07,110.0,0.0001045
VIB/BTC,1607860795410,2020-12-13T11:59:55.410Z,sell,9.4e-07,164.0,0.00015416
VIB/BTC,1607860801155,2020-12-13T12:00:01.155Z,sell,9.4e-07,165.0,0.0001551
VIB/BTC,1607860805610,2020-12-13T12:00:05.610Z,buy,9.5e-07,110.0,0.0001045
VIB/BTC,1607861100473,2020-12-13T12:05:00.473Z,buy,9.5e-07,777.0,0.00073815
VIB/BTC,1607861133806,2020-12-13T12:05:33.806Z,buy,9.5e-07,7401.0,0.00703095
VIB/BTC,1607862588570,2020-12-13T12:29:48.570Z,buy,9.5e-07,110.0,0.0001045
VIB/BTC,1607862594543,2020-12-13T12:29:54.543Z,sell,9.4e-07,110.0,0.0001034
VIB/BTC,1607862601709,2020-12-13T12:30:01.709Z,sell,9.4e-07,110.0,0.0001034
VIB/BTC,1607862606258,2020-12-13T12:30:06.258Z,buy,9.5e-07,110.0,0.0001045
VIB/BTC,1607862606258,2020-12-13T12:30:06.258Z,buy,9.5e-07,110.0,0.0001045
VIB/BTC,1607863495431,2020-12-13T12:44:55.431Z,sell,9.4e-07,110.0,0.0001034
VIB/BTC,1607863519184,2020-12-13T12:45:19.184Z,sell,9.4e-07,110.0,0.0001034
VIB/BTC,1607863523868,2020-12-13T12:45:23.868Z,buy,9.5e-07,110.0,0.0001045
VIB/BTC,1607863834784,2020-12-13T12:50:34.784Z,sell,9.4e-07,5519.0,0.00518786
VIB/BTC,1607863834976,2020-12-13T12:50:34.976Z,sell,9.4e-07,112.0,0.00010528
VIB/BTC,1607863834978,2020-12-13T12:50:34.978Z,sell,9.4e-07,133.0,0.00012502
VIB/BTC,1607863834978,2020-12-13T12:50:34.978Z,sell,9.4e-07,219.0,0.00020586
VIB/BTC,1607863884573,2020-12-13T12:51:24.573Z,buy,9.5e-07,110.0,0.0001045
VIB/BTC,1607864210893,2020-12-13T12:56:50.893Z,sell,9.4e-07,776.0,0.00072944
VIB/BTC,1607864289755,2020-12-13T12:58:09.755Z,buy,9.5e-07,106.0,0.0001007
VIB/BTC,1607864390378,2020-12-13T12:59:50.378Z,sell,9.4e-07,110.0,0.0001034
VIB/BTC,1607864402877,2020-12-13T13:00:02.877Z,sell,9.4e-07,605.0,0.0005687
VIB/BTC,1607864407197,2020-12-13T13:00:07.197Z,buy,9.5e-07,110.0,0.0001045
VIB/BTC,1607864913771,2020-12-13T13:08:33.771Z,buy,9.5e-07,543.0,0.00051585
VIB/BTC,1607865149324,2020-12-13T13:12:29.324Z,sell,9.4e-07,7034.0,0.00661196
VIB/BTC,1607865240771,2020-12-13T13:14:00.771Z,buy,9.5e-07,185589.0,0.17630955
VIB/BTC,1607865240778,2020-12-13T13:14:00.778Z,sell,9.5e-07,30661.0,0.02912795
VIB/BTC,1607865240783,2020-12-13T13:14:00.783Z,sell,9.5e-07,200.0,0.00019
VIB/BTC,1607865240784,2020-12-13T13:14:00.784Z,sell,9.5e-07,1000.0,0.00095
VIB/BTC,1607865240785,2020-12-13T13:14:00.785Z,sell,9.5e-07,6989.0,0.00663955
VIB/BTC,1607865240818,2020-12-13T13:14:00.818Z,sell,9.5e-07,30662.0,0.0291289
VIB/BTC,1607865241012,2020-12-13T13:14:01.012Z,sell,9.5e-07,1768.0,0.0016796
VIB/BTC,1607865258378,2020-12-13T13:14:18.378Z,sell,9.5e-07,3191.0,0.00303145
VIB/BTC,1607865262216,2020-12-13T13:14:22.216Z,sell,9.5e-07,3047.0,0.00289465
VIB/BTC,1607865271346,2020-12-13T13:14:31.346Z,buy,9.5e-07,3335.0,0.00316825
VIB/BTC,1607865279493,2020-12-13T13:14:39.493Z,buy,9.6e-07,3701.0,0.0035529599999999
VIB/BTC,1607865500950,2020-12-13T13:18:20.950Z,sell,9.4e-07,27263.0,0.02562722
VIB/BTC,1607865500955,2020-12-13T13:18:20.955Z,sell,9.4e-07,7043.0,0.00662042
VIB/BTC,1607865508058,2020-12-13T13:18:28.058Z,buy,9.5e-07,110.0,0.0001045
VIB/BTC,1607865570989,2020-12-13T13:19:30.989Z,buy,9.5e-07,66868.0,0.0635246
VIB/BTC,1607865571004,2020-12-13T13:19:31.004Z,sell,9.5e-07,6966.0,0.0066177
VIB/BTC,1607865571065,2020-12-13T13:19:31.065Z,sell,9.5e-07,3562.0,0.0033839
VIB/BTC,1607865578752,2020-12-13T13:19:38.752Z,buy,9.6e-07,110.0,0.0001055999999999
VIB/BTC,1607865600612,2020-12-13T13:20:00.612Z,buy,9.5e-07,110.0,0.0001045
VIB/BTC,1607865631488,2020-12-13T13:20:31.488Z,buy,9.5e-07,954.0,0.0009063
VIB/BTC,1607865631488,2020-12-13T13:20:31.488Z,buy,9.6e-07,1746.0,0.0016761599999999
VIB/BTC,1607865701739,2020-12-13T13:21:41.739Z,sell,9.5e-07,110.0,0.0001045
VIB/BTC,1607865987200,2020-12-13T13:26:27.200Z,buy,9.5e-07,12173.0,0.01156435
VIB/BTC,1607865987216,2020-12-13T13:26:27.216Z,sell,9.5e-07,12894.0,0.0122493
VIB/BTC,1607865987219,2020-12-13T13:26:27.219Z,sell,9.5e-07,4081.0,0.00387695
VIB/BTC,1607866092067,2020-12-13T13:28:12.067Z,sell,9.5e-07,3191.0,0.00303145
VIB/BTC,1607866098746,2020-12-13T13:28:18.746Z,buy,9.6e-07,110.0,0.0001055999999999
VIB/BTC,1607866101689,2020-12-13T13:28:21.689Z,sell,9.5e-07,3191.0,0.00303145
VIB/BTC,1607866128736,2020-12-13T13:28:48.736Z,buy,9.6e-07,110.0,0.0001055999999999
VIB/BTC,1607866137912,2020-12-13T13:28:57.912Z,sell,9.5e-07,3191.0,0.00303145
VIB/BTC,1607866203734,2020-12-13T13:30:03.734Z,sell,9.5e-07,110.0,0.0001045
VIB/BTC,1607866203734,2020-12-13T13:30:03.734Z,sell,9.5e-07,110.0,0.0001045
VIB/BTC,1607866208295,2020-12-13T13:30:08.295Z,buy,9.6e-07,110.0,0.0001055999999999
VIB/BTC,1607867029458,2020-12-13T13:43:49.458Z,sell,9.5e-07,119.0,0.00011305
VIB/BTC,1607867072572,2020-12-13T13:44:32.572Z,sell,9.5e-07,110.0,0.0001045
VIB/BTC,1607867072600,2020-12-13T13:44:32.600Z,buy,9.6e-07,110.0,0.0001055999999999
VIB/BTC,1607867181992,2020-12-13T13:46:21.992Z,sell,9.5e-07,23990.0,0.0227905
VIB/BTC,1607867254445,2020-12-13T13:47:34.445Z,buy,9.5e-07,15000.0,0.01425
VIB/BTC,1607867666771,2020-12-13T13:54:26.771Z,sell,9.4e-07,11453.0,0.01076582
VIB/BTC,1607868001812,2020-12-13T14:00:01.812Z,sell,9.4e-07,110.0,0.0001034
VIB/BTC,1607868007269,2020-12-13T14:00:07.269Z,buy,9.5e-07,110.0,0.0001045
VIB/BTC,1607868643017,2020-12-13T14:10:43.017Z,sell,9.4e-07,1117.0,0.00104998
VIB/BTC,1607868661412,2020-12-13T14:11:01.412Z,buy,9.5e-07,106.0,0.0001007
VIB/BTC,1607869008193,2020-12-13T14:16:48.193Z,sell,9.4e-07,500.0,0.00047
VIB/BTC,1607869036666,2020-12-13T14:17:16.666Z,buy,9.5e-07,49450.0,0.0469775
VIB/BTC,1607869036721,2020-12-13T14:17:16.721Z,sell,9.5e-07,7846.0,0.0074537
VIB/BTC,1607869037088,2020-12-13T14:17:17.088Z,sell,9.5e-07,214.0,0.0002033
VIB/BTC,1607869037107,2020-12-13T14:17:17.107Z,sell,9.5e-07,6825.0,0.00648375
VIB/BTC,1607869076298,2020-12-13T14:17:56.298Z,sell,9.4e-07,985.0,0.0009259
VIB/BTC,1607869081105,2020-12-13T14:18:01.105Z,buy,9.6e-07,106.0,0.0001017599999999
VIB/BTC,1607869086086,2020-12-13T14:18:06.086Z,buy,9.6e-07,106.0,0.0001017599999999
VIB/BTC,1607869104991,2020-12-13T14:18:24.991Z,sell,9.5e-07,106.0,0.0001007
VIB/BTC,1607869104991,2020-12-13T14:18:24.991Z,sell,9.5e-07,106.0,0.0001007
VIB/BTC,1607871684399,2020-12-13T15:01:24.399Z,buy,9.5e-07,280.0,0.000266
VIB/BTC,1607871721613,2020-12-13T15:02:01.613Z,sell,9.4e-07,5595.0,0.0052593
VIB/BTC,1607871755185,2020-12-13T15:02:35.185Z,buy,9.5e-07,77437.0,0.07356515
VIB/BTC,1607871778345,2020-12-13T15:02:58.345Z,sell,9.5e-07,8695.0,0.00826025
VIB/BTC,1607871883609,2020-12-13T15:04:43.609Z,sell,9.4e-07,546.0,0.00051324
VIB/BTC,1607871926937,2020-12-13T15:05:26.937Z,buy,9.5e-07,110.0,0.0001045
VIB/BTC,1607872033490,2020-12-13T15:07:13.490Z,buy,9.5e-07,4358.0,0.0041401
VIB/BTC,1607872082478,2020-12-13T15:08:02.478Z,buy,9.6e-07,110.0,0.0001055999999999
VIB/BTC,1607872169502,2020-12-13T15:09:29.502Z,buy,9.6e-07,482.0,0.0004627199999999
VIB/BTC,1607872242798,2020-12-13T15:10:42.798Z,sell,9.5e-07,106.0,0.0001007
VIB/BTC,1607872375988,2020-12-13T15:12:55.988Z,buy,9.6e-07,110.0,0.0001055999999999
VIB/BTC,1607872402485,2020-12-13T15:13:22.485Z,sell,9.5e-07,4796.0,0.0045562
VIB/BTC,1607872443348,2020-12-13T15:14:03.348Z,buy,9.6e-07,106.0,0.0001017599999999
VIB/BTC,1607872443348,2020-12-13T15:14:03.348Z,buy,9.6e-07,106.0,0.0001017599999999
VIB/BTC,1607872898169,2020-12-13T15:21:38.169Z,sell,9.5e-07,7848.0,0.0074556
VIB/BTC,1607872898337,2020-12-13T15:21:38.337Z,sell,9.5e-07,1052.0,0.0009994
VIB/BTC,1607872898556,2020-12-13T15:21:38.556Z,sell,9.5e-07,1063.0,0.00100985
VIB/BTC,1607872900246,2020-12-13T15:21:40.246Z,sell,9.5e-07,5263.0,0.00499985
VIB/BTC,1607872927188,2020-12-13T15:22:07.188Z,buy,9.6e-07,106.0,0.0001017599999999
VIB/BTC,1607873281472,2020-12-13T15:28:01.472Z,sell,9.5e-07,5001.0,0.00475095
VIB/BTC,1607873979020,2020-12-13T15:39:39.020Z,buy,9.6e-07,106.0,0.0001017599999999
VIB/BTC,1607874000684,2020-12-13T15:40:00.684Z,buy,9.6e-07,552.0,0.0005299199999999
VIB/BTC,1607874294244,2020-12-13T15:44:54.244Z,sell,9.5e-07,110.0,0.0001045
VIB/BTC,1607874303894,2020-12-13T15:45:03.894Z,sell,9.5e-07,110.0,0.0001045
VIB/BTC,1607874308103,2020-12-13T15:45:08.103Z,buy,9.6e-07,110.0,0.0001055999999999
VIB/BTC,1607874997266,2020-12-13T15:56:37.266Z,sell,9.5e-07,5723.0,0.00543685
VIB/BTC,1607875019472,2020-12-13T15:56:59.472Z,buy,9.5e-07,1253.0,0.00119035
VIB/BTC,1607875019472,2020-12-13T15:56:59.472Z,buy,9.5e-07,1253.0,0.00119035
VIB/BTC,1607876214182,2020-12-13T16:16:54.182Z,buy,9.5e-07,1651.0,0.00156845
VIB/BTC,1607876214337,2020-12-13T16:16:54.337Z,buy,9.5e-07,18935.0,0.01798825
VIB/BTC,1607876838888,2020-12-13T16:27:18.888Z,buy,9.5e-07,16369.0,0.01555055
VIB/BTC,1607876870274,2020-12-13T16:27:50.274Z,buy,9.5e-07,17719.0,0.01683305
VIB/BTC,1607876895887,2020-12-13T16:28:15.887Z,buy,9.5e-07,283.0,0.00026885
VIB/BTC,1607877047061,2020-12-13T16:30:47.061Z,buy,9.5e-07,249.0,0.00023655
VIB/BTC,1607877144089,2020-12-13T16:32:24.089Z,buy,9.5e-07,29519.0,0.02804305
VIB/BTC,1607877566582,2020-12-13T16:39:26.582Z,buy,9.5e-07,364.0,0.0003458
VIB/BTC,1607877590468,2020-12-13T16:39:50.468Z,buy,9.5e-07,24650.0,0.0234175
VIB/BTC,1607877854006,2020-12-13T16:44:14.006Z,buy,9.5e-07,4206.0,0.0039957
VIB/BTC,1607877896855,2020-12-13T16:44:56.855Z,sell,9.4e-07,1009.0,0.00094846
VIB/BTC,1607878263631,2020-12-13T16:51:03.631Z,buy,9.5e-07,106.0,0.0001007
VIB/BTC,1607878454760,2020-12-13T16:54:14.760Z,buy,9.5e-07,25134.0,0.0238773
VIB/BTC,1607878455607,2020-12-13T16:54:15.607Z,buy,9.5e-07,443.0,0.00042085
VIB/BTC,1607878510875,2020-12-13T16:55:10.875Z,buy,9.5e-07,16043.0,0.01524085
VIB/BTC,1607878539572,2020-12-13T16:55:39.572Z,buy,9.6e-07,125.0,0.0001199999999999
VIB/BTC,1607878539572,2020-12-13T16:55:39.572Z,buy,9.6e-07,125.0,0.0001199999999999
VIB/BTC,1607878817135,2020-12-13T17:00:17.135Z,sell,9.5e-07,1129.0,0.00107255
VIB/BTC,1607879065335,2020-12-13T17:04:25.335Z,sell,9.5e-07,71111.0,0.06755545
VIB/BTC,1607879179205,2020-12-13T17:06:19.205Z,sell,9.4e-07,9208.0,0.00865552
VIB/BTC,1607880042830,2020-12-13T17:20:42.830Z,sell,9.4e-07,3089.0,0.00290366
VIB/BTC,1607880183725,2020-12-13T17:23:03.725Z,buy,9.5e-07,90667.0,0.08613365
VIB/BTC,1607880865955,2020-12-13T17:34:25.955Z,sell,9.4e-07,220.0,0.0002068
VIB/BTC,1607880870290,2020-12-13T17:34:30.290Z,buy,9.6e-07,110.0,0.0001055999999999
VIB/BTC,1607880989126,2020-12-13T17:36:29.126Z,buy,9.6e-07,2995.0,0.0028751999999999
VIB/BTC,1607881275694,2020-12-13T17:41:15.694Z,buy,9.6e-07,1110.0,0.0010655999999999
VIB/BTC,1607881468492,2020-12-13T17:44:28.492Z,sell,9.5e-07,1209.0,0.00114855
VIB/BTC,1607881468492,2020-12-13T17:44:28.492Z,sell,9.4e-07,1786.0,0.00167884
VIB/BTC,1607881551068,2020-12-13T17:45:51.068Z,sell,9.4e-07,480.0,0.0004512
VIB/BTC,1607881565449,2020-12-13T17:46:05.449Z,buy,9.6e-07,110.0,0.0001055999999999
VIB/BTC,1607881640050,2020-12-13T17:47:20.050Z,sell,9.5e-07,110.0,0.0001045
VIB/BTC,1607881640050,2020-12-13T17:47:20.050Z,sell,9.4e-07,998.0,0.00093812
VIB/BTC,1607881687651,2020-12-13T17:48:07.651Z,buy,9.6e-07,110.0,0.0001055999999999
VIB/BTC,1607881687651,2020-12-13T17:48:07.651Z,buy,9.6e-07,110.0,0.0001055999999999
VIB/BTC,1607882254395,2020-12-13T17:57:34.395Z,sell,9.5e-07,1099.0,0.00104405
VIB/BTC,1607882278790,2020-12-13T17:57:58.790Z,buy,9.6e-07,106.0,0.0001017599999999
VIB/BTC,1607882392478,2020-12-13T17:59:52.478Z,sell,9.5e-07,110.0,0.0001045
VIB/BTC,1607882399741,2020-12-13T17:59:59.741Z,sell,9.5e-07,110.0,0.0001045
VIB/BTC,1607882403498,2020-12-13T18:00:03.498Z,sell,9.5e-07,110.0,0.0001045
VIB/BTC,1607882407748,2020-12-13T18:00:07.748Z,buy,9.6e-07,110.0,0.0001055999999999
VIB/BTC,1607883620906,2020-12-13T18:20:20.906Z,buy,9.6e-07,366.0,0.0003513599999999
VIB/BTC,1607884817446,2020-12-13T18:40:17.446Z,buy,9.6e-07,800.0,0.0007679999999999
VIB/BTC,1607884817446,2020-12-13T18:40:17.446Z,buy,9.6e-07,800.0,0.0007679999999999
VIB/BTC,1607885533994,2020-12-13T18:52:13.994Z,sell,9.5e-07,482.0,0.0004579
VIB/BTC,1607885745317,2020-12-13T18:55:45.317Z,sell,9.5e-07,1140.0,0.001083
VIB/BTC,1607886279343,2020-12-13T19:04:39.343Z,buy,9.6e-07,110.0,0.0001055999999999
VIB/BTC,1607886939867,2020-12-13T19:15:39.867Z,buy,9.6e-07,106.0,0.0001017599999999
VIB/BTC,1607886939867,2020-12-13T19:15:39.867Z,buy,9.6e-07,106.0,0.0001017599999999
VIB/BTC,1607888977421,2020-12-13T19:49:37.421Z,buy,9.6e-07,7255.0,0.0069647999999999
VIB/BTC,1607889109850,2020-12-13T19:51:49.850Z,buy,9.6e-07,36.0,3.4559999999999994e-05
VIB/BTC,1607889199608,2020-12-13T19:53:19.608Z,buy,9.6e-07,687.0,0.0006595199999999
VIB/BTC,1607889421692,2020-12-13T19:57:01.692Z,buy,9.6e-07,2556.0,0.0024537599999999
VIB/BTC,1607889436614,2020-12-13T19:57:16.614Z,buy,9.6e-07,229.0,0.0002198399999999
VIB/BTC,1607889445097,2020-12-13T19:57:25.097Z,buy,9.6e-07,363.0,0.0003484799999999
VIB/BTC,1607889466106,2020-12-13T19:57:46.106Z,buy,9.6e-07,255.0,0.0002448
VIB/BTC,1607889627036,2020-12-13T20:00:27.036Z,sell,9.5e-07,664.0,0.0006308
VIB/BTC,1607889633680,2020-12-13T20:00:33.680Z,sell,9.5e-07,254.0,0.0002413
VIB/BTC,1607889643515,2020-12-13T20:00:43.515Z,sell,9.5e-07,326.0,0.0003097
VIB/BTC,1607889645972,2020-12-13T20:00:45.972Z,buy,9.6e-07,106.0,0.0001017599999999
VIB/BTC,1607889647393,2020-12-13T20:00:47.393Z,sell,9.5e-07,500.0,0.000475
VIB/BTC,1607889652406,2020-12-13T20:00:52.406Z,sell,9.5e-07,500.0,0.000475
VIB/BTC,1607889652895,2020-12-13T20:00:52.895Z,buy,9.6e-07,106.0,0.0001017599999999
VIB/BTC,1607889657521,2020-12-13T20:00:57.521Z,sell,9.5e-07,1000.0,0.00095
VIB/BTC,1607889683095,2020-12-13T20:01:23.095Z,sell,9.5e-07,1018.0,0.0009671
VIB/BTC,1607889687588,2020-12-13T20:01:27.588Z,buy,9.6e-07,106.0,0.0001017599999999
VIB/BTC,1607889947178,2020-12-13T20:05:47.178Z,sell,9.5e-07,115.0,0.00010925
VIB/BTC,1607889980817,2020-12-13T20:06:20.817Z,buy,9.6e-07,106.0,0.0001017599999999
VIB/BTC,1607890307894,2020-12-13T20:11:47.894Z,buy,9.6e-07,1045.0,0.0010031999999999
VIB/BTC,1607890359258,2020-12-13T20:12:39.258Z,sell,9.5e-07,3171.0,0.00301245
VIB/BTC,1607890502945,2020-12-13T20:15:02.945Z,sell,9.5e-07,110.0,0.0001045
VIB/BTC,1607890507438,2020-12-13T20:15:07.438Z,buy,9.6e-07,110.0,0.0001055999999999
VIB/BTC,1607890507438,2020-12-13T20:15:07.438Z,buy,9.6e-07,110.0,0.0001055999999999
VIB/BTC,1607890864413,2020-12-13T20:21:04.413Z,sell,9.5e-07,311.0,0.00029545
VIB/BTC,1607891080020,2020-12-13T20:24:40.020Z,sell,9.5e-07,1595.0,0.00151525
VIB/BTC,1607891384722,2020-12-13T20:29:44.722Z,sell,9.5e-07,6816.0,0.0064752
VIB/BTC,1607891478554,2020-12-13T20:31:18.554Z,sell,9.5e-07,4518.0,0.0042921
VIB/BTC,1607891483058,2020-12-13T20:31:23.058Z,buy,9.5e-07,248186.0,0.2357767
VIB/BTC,1607891483762,2020-12-13T20:31:23.762Z,sell,9.5e-07,184.0,0.0001748
VIB/BTC,1607891484941,2020-12-13T20:31:24.941Z,sell,9.5e-07,258833.0,0.24589135
VIB/BTC,1607891485182,2020-12-13T20:31:25.182Z,sell,9.5e-07,108.0,0.0001026
VIB/BTC,1607891490520,2020-12-13T20:31:30.520Z,sell,9.5e-07,242093.0,0.22998835
VIB/BTC,1607891491742,2020-12-13T20:31:31.742Z,sell,9.5e-07,275850.0,0.2620575
VIB/BTC,1607891494406,2020-12-13T20:31:34.406Z,sell,9.5e-07,224047.0,0.21284465
VIB/BTC,1607891499791,2020-12-13T20:31:39.791Z,sell,9.5e-07,247358.0,0.2349901
VIB/BTC,1607891501404,2020-12-13T20:31:41.404Z,sell,9.5e-07,272803.0,0.25916285
VIB/BTC,1607891503269,2020-12-13T20:31:43.269Z,sell,9.5e-07,231819.0,0.22022805
VIB/BTC,1607891505853,2020-12-13T20:31:45.853Z,sell,9.5e-07,240784.0,0.2287448
VIB/BTC,1607891512436,2020-12-13T20:31:52.436Z,sell,9.5e-07,272803.0,0.25916285
VIB/BTC,1607891513779,2020-12-13T20:31:53.779Z,sell,9.5e-07,241894.0,0.2297993
VIB/BTC,1607891520354,2020-12-13T20:32:00.354Z,sell,9.5e-07,240627.0,0.22859565
VIB/BTC,1607891524032,2020-12-13T20:32:04.032Z,sell,9.5e-07,245693.0,0.23340835
VIB/BTC,1607891525300,2020-12-13T20:32:05.300Z,sell,9.5e-07,269756.0,0.2562682
VIB/BTC,1607891530880,2020-12-13T20:32:10.880Z,sell,9.5e-07,255825.0,0.24303375
VIB/BTC,1607891532265,2020-12-13T20:32:12.265Z,sell,9.5e-07,217831.0,0.20693945
VIB/BTC,1607891533775,2020-12-13T20:32:13.775Z,sell,9.5e-07,245693.0,0.23340835
VIB/BTC,1607891535698,2020-12-13T20:32:15.698Z,sell,9.5e-07,197204.0,0.1873438
VIB/BTC,1607891537910,2020-12-13T20:32:17.910Z,buy,9.5e-07,16828.0,0.0159866
VIB/BTC,1607891540042,2020-12-13T20:32:20.042Z,sell,9.5e-07,230496.0,0.2189712
VIB/BTC,1607891542055,2020-12-13T20:32:22.055Z,sell,9.5e-07,249493.0,0.23701835
VIB/BTC,1607891955088,2020-12-13T20:39:15.088Z,sell,9.4e-07,927.0,0.00087138
VIB/BTC,1607891955088,2020-12-13T20:39:15.088Z,sell,9.4e-07,366.0,0.00034404
VIB/BTC,1607892108351,2020-12-13T20:41:48.351Z,sell,9.4e-07,22587.0,0.02123178
VIB/BTC,1607892154294,2020-12-13T20:42:34.294Z,buy,9.5e-07,3486.0,0.0033117
VIB/BTC,1607892154294,2020-12-13T20:42:34.294Z,buy,9.5e-07,3486.0,0.0033117
VIB/BTC,1607892154301,2020-12-13T20:42:34.301Z,buy,9.5e-07,10474.0,0.0099503
VIB/BTC,1607892366960,2020-12-13T20:46:06.960Z,buy,9.5e-07,1608.0,0.0015276
VIB/BTC,1607892366964,2020-12-13T20:46:06.964Z,buy,9.5e-07,1608.0,0.0015276
VIB/BTC,1607893166665,2020-12-13T20:59:26.665Z,sell,9.4e-07,2000.0,0.00188
VIB/BTC,1607893186344,2020-12-13T20:59:46.344Z,buy,9.5e-07,106.0,0.0001007
VIB/BTC,1607893199561,2020-12-13T20:59:59.561Z,sell,9.4e-07,110.0,0.0001034
VIB/BTC,1607893206957,2020-12-13T21:00:06.957Z,sell,9.4e-07,208.0,0.00019552
VIB/BTC,1607893211254,2020-12-13T21:00:11.254Z,buy,9.5e-07,106.0,0.0001007
VIB/BTC,1607893256197,2020-12-13T21:00:56.197Z,buy,9.5e-07,16324.0,0.0155078
VIB/BTC,1607893263001,2020-12-13T21:01:03.001Z,buy,9.5e-07,16353.0,0.01553535
VIB/BTC,1607893267704,2020-12-13T21:01:07.704Z,buy,9.5e-07,16382.0,0.0155629
VIB/BTC,1607893277093,2020-12-13T21:01:17.093Z,buy,9.5e-07,16410.0,0.0155895
VIB/BTC,1607893284227,2020-12-13T21:01:24.227Z,buy,9.5e-07,16439.0,0.01561705
VIB/BTC,1607893294187,2020-12-13T21:01:34.187Z,buy,9.5e-07,16469.0,0.01564555
VIB/BTC,1607893330073,2020-12-13T21:02:10.073Z,buy,9.5e-07,95409.0,0.09063855
VIB/BTC,1607893332258,2020-12-13T21:02:12.258Z,sell,9.5e-07,450738.0,0.4282011
VIB/BTC,1607893333912,2020-12-13T21:02:13.912Z,sell,9.5e-07,441900.0,0.419805
VIB/BTC,1607893338351,2020-12-13T21:02:18.351Z,buy,9.5e-07,442099.0,0.41999405
VIB/BTC,1607893341019,2020-12-13T21:02:21.019Z,sell,9.5e-07,103829.0,0.09863755
VIB/BTC,1607893343347,2020-12-13T21:02:23.347Z,buy,9.5e-07,347432.0,0.3300604
VIB/BTC,1607893345563,2020-12-13T21:02:25.563Z,sell,9.5e-07,231364.0,0.2197958
VIB/BTC,1607893347738,2020-12-13T21:02:27.738Z,buy,9.5e-07,1209.0,0.00114855
VIB/BTC,1607893348134,2020-12-13T21:02:28.134Z,buy,9.5e-07,180334.0,0.1713173
VIB/BTC,1607893349812,2020-12-13T21:02:29.812Z,sell,9.5e-07,442979.0,0.42083005
VIB/BTC,1607893351306,2020-12-13T21:02:31.306Z,sell,9.5e-07,325134.0,0.3088773
VIB/BTC,1607893353348,2020-12-13T21:02:33.348Z,buy,9.5e-07,40896.0,0.0388512
VIB/BTC,1607893355114,2020-12-13T21:02:35.114Z,sell,9.5e-07,409704.0,0.3892188
VIB/BTC,1607893362119,2020-12-13T21:02:42.119Z,sell,9.5e-07,407624.0,0.3872428
VIB/BTC,1607893366739,2020-12-13T21:02:46.739Z,sell,9.5e-07,332234.0,0.3156223
VIB/BTC,1607893369560,2020-12-13T21:02:49.560Z,sell,9.5e-07,305349.0,0.29008155
VIB/BTC,1607893378923,2020-12-13T21:02:58.923Z,buy,9.6e-07,30.0,2.88e-05
VIB/BTC,1607893649087,2020-12-13T21:07:29.087Z,buy,9.5e-07,30.0,2.85e-05
VIB/BTC,1607893696379,2020-12-13T21:08:16.379Z,buy,9.5e-07,36.0,3.42e-05
VIB/BTC,1607893698407,2020-12-13T21:08:18.407Z,buy,9.5e-07,30.0,2.85e-05
VIB/BTC,1607893754227,2020-12-13T21:09:14.227Z,buy,9.5e-07,40.0,3.8e-05
VIB/BTC,1607893805773,2020-12-13T21:10:05.773Z,buy,9.5e-07,34.0,3.23e-05
VIB/BTC,1607893805773,2020-12-13T21:10:05.773Z,buy,9.5e-07,34.0,3.23e-05
VIB/BTC,1607894142516,2020-12-13T21:15:42.516Z,buy,9.5e-07,37.0,3.515e-05
VIB/BTC,1607894389163,2020-12-13T21:19:49.163Z,sell,9.4e-07,7393.0,0.00694942
VIB/BTC,1607894574305,2020-12-13T21:22:54.305Z,buy,9.5e-07,31.0,2.945e-05
VIB/BTC,1607894609479,2020-12-13T21:23:29.479Z,buy,9.5e-07,31.0,2.945e-05
VIB/BTC,1607894859897,2020-12-13T21:27:39.897Z,buy,9.5e-07,336.0,0.0003192
VIB/BTC,1607895001876,2020-12-13T21:30:01.876Z,buy,9.5e-07,398.0,0.0003781
VIB/BTC,1607895052257,2020-12-13T21:30:52.257Z,buy,9.5e-07,34.0,3.23e-05
VIB/BTC,1607896786379,2020-12-13T21:59:46.379Z,buy,9.5e-07,606.0,0.0005757
VIB/BTC,1607896786379,2020-12-13T21:59:46.379Z,buy,9.5e-07,606.0,0.0005757
VIB/BTC,1607897686796,2020-12-13T22:14:46.796Z,buy,9.5e-07,30.0,2.85e-05
VIB/BTC,1607898131915,2020-12-13T22:22:11.915Z,sell,9.4e-07,4995.0,0.0046953
VIB/BTC,1607898428955,2020-12-13T22:27:08.955Z,sell,9.4e-07,29787.0,0.02799978
VIB/BTC,1607898428955,2020-12-13T22:27:08.955Z,sell,9.3e-07,46981.0,0.04369233
VIB/BTC,1607898859433,2020-12-13T22:34:19.433Z,buy,9.4e-07,530.0,0.0004982
VIB/BTC,1607899518527,2020-12-13T22:45:18.527Z,sell,9.3e-07,23441.0,0.02180013
VIB/BTC,1607899518645,2020-12-13T22:45:18.645Z,sell,9.3e-07,19558.0,0.01818894
VIB/BTC,1607899575996,2020-12-13T22:46:15.996Z,sell,9.3e-07,3191.0,0.00296763
VIB/BTC,1607900185139,2020-12-13T22:56:25.139Z,buy,9.4e-07,106.0,9.964e-05
VIB/BTC,1607900289362,2020-12-13T22:58:09.362Z,sell,9.3e-07,632.0,0.00058776
VIB/BTC,1607900289362,2020-12-13T22:58:09.362Z,sell,9.3e-07,632.0,0.00058776
VIB/BTC,1607900487243,2020-12-13T23:01:27.243Z,buy,9.4e-07,83427.0,0.07842138
VIB/BTC,1607900579654,2020-12-13T23:02:59.654Z,buy,9.4e-07,147.0,0.00013818
VIB/BTC,1607900581510,2020-12-13T23:03:01.510Z,buy,9.4e-07,9966.0,0.00936804
VIB/BTC,1607900581787,2020-12-13T23:03:01.787Z,buy,9.4e-07,22671.0,0.02131074
VIB/BTC,1607900863746,2020-12-13T23:07:43.746Z,buy,9.4e-07,212.0,0.00019928
VIB/BTC,1607901810685,2020-12-13T23:23:30.685Z,buy,9.4e-07,278892.0,0.26215848
VIB/BTC,1607902160025,2020-12-13T23:29:20.025Z,buy,9.4e-07,4498.0,0.00422812
VIB/BTC,1607902735483,2020-12-13T23:38:55.483Z,buy,9.4e-07,16585.0,0.0155899
VIB/BTC,1607902735483,2020-12-13T23:38:55.483Z,buy,9.4e-07,16585.0,0.0155899
VIB/BTC,1607904388412,2020-12-14T00:06:28.412Z,buy,9.4e-07,10022.0,0.00942068
VIB/BTC,1607904388435,2020-12-14T00:06:28.435Z,sell,9.4e-07,631.0,0.00059314
VIB/BTC,1607905072343,2020-12-14T00:17:52.343Z,sell,9.4e-07,77777.0,0.07311038
VIB/BTC,1607905347949,2020-12-14T00:22:27.949Z,sell,9.4e-07,31067.0,0.02920298
VIB/BTC,1607905347960,2020-12-14T00:22:27.960Z,buy,9.4e-07,3122.0,0.00293468
VIB/BTC,1607905347964,2020-12-14T00:22:27.964Z,buy,9.4e-07,3130.0,0.0029422
VIB/BTC,1607905347970,2020-12-14T00:22:27.970Z,buy,9.4e-07,1271.0,0.00119474
VIB/BTC,1607905357931,2020-12-14T00:22:37.931Z,buy,9.4e-07,1662.0,0.00156228
VIB/BTC,1607905358368,2020-12-14T00:22:38.368Z,buy,9.4e-07,3545.0,0.0033323
VIB/BTC,1607905374670,2020-12-14T00:22:54.670Z,buy,9.4e-07,33377.0,0.03137438
VIB/BTC,1607905780470,2020-12-14T00:29:40.470Z,buy,9.4e-07,131.0,0.00012314
VIB/BTC,1607905780470,2020-12-14T00:29:40.470Z,buy,9.4e-07,131.0,0.00012314
VIB/BTC,1607906454503,2020-12-14T00:40:54.503Z,buy,9.4e-07,1034.0,0.00097196
VIB/BTC,1607907670951,2020-12-14T01:01:10.951Z,buy,9.4e-07,55451.0,0.05212394
VIB/BTC,1607907670968,2020-12-14T01:01:10.968Z,sell,9.4e-07,1062.0,0.00099828
VIB/BTC,1607907799724,2020-12-14T01:03:19.724Z,sell,9.4e-07,4963.0,0.00466522
VIB/BTC,1607908009834,2020-12-14T01:06:49.834Z,sell,9.4e-07,118.0,0.00011092
VIB/BTC,1607908441554,2020-12-14T01:14:01.554Z,sell,9.4e-07,9966.0,0.00936804
VIB/BTC,1607908441554,2020-12-14T01:14:01.554Z,sell,9.4e-07,9966.0,0.00936804
VIB/BTC,1607909548361,2020-12-14T01:32:28.361Z,sell,9.4e-07,120.0,0.0001128
VIB/BTC,1607910128713,2020-12-14T01:42:08.713Z,buy,9.5e-07,85604.0,0.0813238
VIB/BTC,1607910134376,2020-12-14T01:42:14.376Z,buy,9.5e-07,127.0,0.00012065
VIB/BTC,1607911269304,2020-12-14T02:01:09.304Z,buy,9.5e-07,1050.0,0.0009975
VIB/BTC,1607911269304,2020-12-14T02:01:09.304Z,buy,9.5e-07,1050.0,0.0009975
VIB/BTC,1607912218210,2020-12-14T02:16:58.210Z,sell,9.4e-07,77659.0,0.07299946
VIB/BTC,1607912218409,2020-12-14T02:16:58.409Z,sell,9.4e-07,3493.0,0.00328342
VIB/BTC,1607912286083,2020-12-14T02:18:06.083Z,sell,9.4e-07,3191.0,0.00299954
VIB/BTC,1607914091217,2020-12-14T02:48:11.217Z,buy,9.5e-07,61921.0,0.05882495
VIB/BTC,1607914091788,2020-12-14T02:48:11.788Z,buy,9.5e-07,2502.0,0.0023769
VIB/BTC,1607914544976,2020-12-14T02:55:44.976Z,sell,9.4e-07,992.0,0.00093248
VIB/BTC,1607914544976,2020-12-14T02:55:44.976Z,sell,9.4e-07,992.0,0.00093248
VIB/BTC,1607915040970,2020-12-14T03:04:00.970Z,sell,9.4e-07,22671.0,0.02131074
VIB/BTC,1607915058138,2020-12-14T03:04:18.138Z,sell,9.4e-07,1099.0,0.00103306
VIB/BTC,1607915853567,2020-12-14T03:17:33.567Z,sell,9.4e-07,1439.0,0.00135266
VIB/BTC,1607916256684,2020-12-14T03:24:16.684Z,buy,9.5e-07,731.0,0.00069445
VIB/BTC,1607916256684,2020-12-14T03:24:16.684Z,buy,9.5e-07,731.0,0.00069445
VIB/BTC,1607918488283,2020-12-14T04:01:28.283Z,buy,9.5e-07,18160.0,0.017252
VIB/BTC,1607918488283,2020-12-14T04:01:28.283Z,buy,9.5e-07,18160.0,0.017252
VIB/BTC,1607920469044,2020-12-14T04:34:29.044Z,buy,9.5e-07,514323.0,0.48860685
VIB/BTC,1607921236151,2020-12-14T04:47:16.151Z,buy,9.5e-07,80050.0,0.0760475
VIB/BTC,1607921263010,2020-12-14T04:47:43.010Z,buy,9.5e-07,200.0,0.00019
VIB/BTC,1607921276493,2020-12-14T04:47:56.493Z,sell,9.4e-07,170.0,0.0001598
VIB/BTC,1607921276493,2020-12-14T04:47:56.493Z,sell,9.4e-07,170.0,0.0001598
VIB/BTC,1607922408887,2020-12-14T05:06:48.887Z,sell,9.4e-07,62947.0,0.05917018
VIB/BTC,1607924448268,2020-12-14T05:40:48.268Z,buy,9.5e-07,106.0,0.0001007
VIB/BTC,1607924448268,2020-12-14T05:40:48.268Z,buy,9.5e-07,106.0,0.0001007
VIB/BTC,1607925854743,2020-12-14T06:04:14.743Z,buy,9.5e-07,1869.0,0.00177555
VIB/BTC,1607926050982,2020-12-14T06:07:30.982Z,buy,9.5e-07,43997.0,0.04179715
VIB/BTC,1607926382825,2020-12-14T06:13:02.825Z,sell,9.4e-07,7248.0,0.00681312
VIB/BTC,1607926502850,2020-12-14T06:15:02.850Z,sell,9.4e-07,110.0,0.0001034
VIB/BTC,1607926507361,2020-12-14T06:15:07.361Z,buy,9.5e-07,107.0,0.00010165
VIB/BTC,1607926507361,2020-12-14T06:15:07.361Z,buy,9.6e-07,3.0,2.8799999999999995e-06
VIB/BTC,1607926565764,2020-12-14T06:16:05.764Z,buy,9.6e-07,115.0,0.0001103999999999
VIB/BTC,1607926601334,2020-12-14T06:16:41.334Z,sell,9.5e-07,232.0,0.0002204
VIB/BTC,1607927198537,2020-12-14T06:26:38.537Z,buy,9.5e-07,7056.0,0.0067032
VIB/BTC,1607927231526,2020-12-14T06:27:11.526Z,buy,9.5e-07,29343.0,0.02787585
VIB/BTC,1607927253321,2020-12-14T06:27:33.321Z,sell,9.5e-07,111.0,0.00010545
VIB/BTC,1607927438706,2020-12-14T06:30:38.706Z,sell,9.5e-07,212.0,0.0002014
VIB/BTC,1607927976398,2020-12-14T06:39:36.398Z,buy,9.6e-07,106.0,0.0001017599999999
VIB/BTC,1607927979562,2020-12-14T06:39:39.562Z,buy,9.6e-07,208.0,0.0001996799999999
VIB/BTC,1607927979562,2020-12-14T06:39:39.562Z,buy,9.6e-07,208.0,0.0001996799999999
VIB/BTC,1607928311304,2020-12-14T06:45:11.304Z,buy,9.6e-07,106.0,0.0001017599999999
VIB/BTC,1607929196447,2020-12-14T06:59:56.447Z,sell,9.5e-07,110.0,0.0001045
VIB/BTC,1607929206716,2020-12-14T07:00:06.716Z,sell,9.5e-07,110.0,0.0001045
VIB/BTC,1607929210940,2020-12-14T07:00:10.940Z,buy,9.6e-07,110.0,0.0001055999999999
VIB/BTC,1607929405859,2020-12-14T07:03:25.859Z,buy,9.6e-07,46906.0,0.0450297599999999
VIB/BTC,1607929468054,2020-12-14T07:04:28.054Z,buy,9.6e-07,77134.0,0.07404864
VIB/BTC,1607929468062,2020-12-14T07:04:28.062Z,sell,9.6e-07,12926.0,0.0124089599999999
VIB/BTC,1607929471225,2020-12-14T07:04:31.225Z,buy,9.6e-07,125.0,0.0001199999999999
VIB/BTC,1607929722083,2020-12-14T07:08:42.083Z,buy,9.6e-07,13340.0,0.0128063999999999
VIB/BTC,1607929722093,2020-12-14T07:08:42.093Z,sell,9.6e-07,575.0,0.000552
VIB/BTC,1607929722098,2020-12-14T07:08:42.098Z,sell,9.6e-07,1727.0,0.0016579199999999
VIB/BTC,1607929725391,2020-12-14T07:08:45.391Z,sell,9.6e-07,215.0,0.0002063999999999
VIB/BTC,1607929826861,2020-12-14T07:10:26.861Z,sell,9.5e-07,427.0,0.00040565
VIB/BTC,1607929852619,2020-12-14T07:10:52.619Z,buy,9.6e-07,106.0,0.0001017599999999
VIB/BTC,1607929872976,2020-12-14T07:11:12.976Z,buy,9.6e-07,106.0,0.0001017599999999
VIB/BTC,1607930287327,2020-12-14T07:18:07.327Z,buy,9.6e-07,2764.0,0.00265344
VIB/BTC,1607930406940,2020-12-14T07:20:06.940Z,sell,9.6e-07,3191.0,0.0030633599999999
VIB/BTC,1607930412165,2020-12-14T07:20:12.165Z,sell,9.6e-07,3191.0,0.0030633599999999
VIB/BTC,1607930419018,2020-12-14T07:20:19.018Z,sell,9.6e-07,3191.0,0.0030633599999999
VIB/BTC,1607930470551,2020-12-14T07:21:10.551Z,buy,9.7e-07,106.0,0.00010282
VIB/BTC,1607930503430,2020-12-14T07:21:43.430Z,buy,9.7e-07,258.0,0.00025026
VIB/BTC,1607930579578,2020-12-14T07:22:59.578Z,sell,9.6e-07,1586.0,0.0015225599999999
VIB/BTC,1607930579578,2020-12-14T07:22:59.578Z,sell,9.6e-07,1048.0,0.00100608
VIB/BTC,1607930635459,2020-12-14T07:23:55.459Z,buy,9.7e-07,106.0,0.00010282
VIB/BTC,1607930645009,2020-12-14T07:24:05.009Z,sell,9.6e-07,3125.0,0.0029999999999999
VIB/BTC,1607930666214,2020-12-14T07:24:26.214Z,buy,9.7e-07,106.0,0.00010282
VIB/BTC,1607930712025,2020-12-14T07:25:12.025Z,buy,9.7e-07,3254.0,0.00315638
VIB/BTC,1607930749898,2020-12-14T07:25:49.898Z,buy,9.7e-07,16585.0,0.01608745
VIB/BTC,1607930768016,2020-12-14T07:26:08.016Z,buy,9.7e-07,57621.0,0.05589237
VIB/BTC,1607931045745,2020-12-14T07:30:45.745Z,buy,9.7e-07,38351.0,0.03720047
VIB/BTC,1607931045757,2020-12-14T07:30:45.757Z,sell,9.7e-07,2791.0,0.00270727
VIB/BTC,1607931045761,2020-12-14T07:30:45.761Z,sell,9.7e-07,929.0,0.00090113
VIB/BTC,1607931045788,2020-12-14T07:30:45.788Z,sell,9.7e-07,585.0,0.00056745
VIB/BTC,1607931049674,2020-12-14T07:30:49.674Z,buy,9.8e-07,123.0,0.00012054
VIB/BTC,1607931049708,2020-12-14T07:30:49.708Z,sell,9.7e-07,350.0,0.0003395
VIB/BTC,1607931050172,2020-12-14T07:30:50.172Z,sell,9.7e-07,350.0,0.0003395
VIB/BTC,1607931071273,2020-12-14T07:31:11.273Z,buy,9.8e-07,106.0,0.0001038799999999
VIB/BTC,1607931179515,2020-12-14T07:32:59.515Z,sell,9.7e-07,208.0,0.00020176
VIB/BTC,1607931179515,2020-12-14T07:32:59.515Z,sell,9.7e-07,7317.0,0.00709749
VIB/BTC,1607931254633,2020-12-14T07:34:14.633Z,sell,9.7e-07,450.0,0.0004365
VIB/BTC,1607931259860,2020-12-14T07:34:19.860Z,buy,9.8e-07,106.0,0.0001038799999999
VIB/BTC,1607931260912,2020-12-14T07:34:20.912Z,buy,9.8e-07,204.0,0.00019992
VIB/BTC,1607931390570,2020-12-14T07:36:30.570Z,buy,9.8e-07,368.0,0.0003606399999999
VIB/BTC,1607931390570,2020-12-14T07:36:30.570Z,buy,9.8e-07,368.0,0.0003606399999999
VIB/BTC,1607931653304,2020-12-14T07:40:53.304Z,sell,9.7e-07,360.0,0.0003492
VIB/BTC,1607931671035,2020-12-14T07:41:11.035Z,buy,9.8e-07,106.0,0.0001038799999999
VIB/BTC,1607931683332,2020-12-14T07:41:23.332Z,buy,9.8e-07,3450.0,0.003381
VIB/BTC,1607931718319,2020-12-14T07:41:58.319Z,sell,9.7e-07,1134.0,0.00109998
VIB/BTC,1607931760360,2020-12-14T07:42:40.360Z,buy,9.8e-07,106.0,0.0001038799999999
VIB/BTC,1607931760881,2020-12-14T07:42:40.881Z,buy,9.8e-07,151.0,0.00014798
VIB/BTC,1607931838828,2020-12-14T07:43:58.828Z,buy,9.8e-07,663.0,0.00064974
VIB/BTC,1607931952771,2020-12-14T07:45:52.771Z,buy,9.8e-07,110.0,0.0001077999999999
VIB/BTC,1607932032560,2020-12-14T07:47:12.560Z,buy,9.8e-07,2681.0,0.00262738
VIB/BTC,1607932045624,2020-12-14T07:47:25.624Z,buy,9.8e-07,1328.0,0.0013014399999999
VIB/BTC,1607932084025,2020-12-14T07:48:04.025Z,buy,9.8e-07,93.0,9.114e-05
VIB/BTC,1607932084036,2020-12-14T07:48:04.036Z,sell,9.8e-07,1000.0,0.00098
VIB/BTC,1607932084037,2020-12-14T07:48:04.037Z,sell,9.8e-07,5607.0,0.00549486
VIB/BTC,1607932084038,2020-12-14T07:48:04.038Z,sell,9.8e-07,3013.0,0.0029527399999999
VIB/BTC,1607932084064,2020-12-14T07:48:04.064Z,sell,9.8e-07,7396.0,0.00724808
VIB/BTC,1607932084188,2020-12-14T07:48:04.188Z,sell,9.8e-07,2015.0,0.0019747
VIB/BTC,1607932146595,2020-12-14T07:49:06.595Z,buy,9.9e-07,8764.0,0.00867636
VIB/BTC,1607932146601,2020-12-14T07:49:06.601Z,sell,9.9e-07,18392.0,0.01820808
VIB/BTC,1607932151467,2020-12-14T07:49:11.467Z,buy,9.9e-07,1011.0,0.00100089
VIB/BTC,1607932151517,2020-12-14T07:49:11.517Z,buy,9.9e-07,203.0,0.00020097
VIB/BTC,1607932151521,2020-12-14T07:49:11.521Z,buy,9.9e-07,607.0,0.00060093
VIB/BTC,1607932151624,2020-12-14T07:49:11.624Z,buy,9.9e-07,122.0,0.00012078
VIB/BTC,1607932151663,2020-12-14T07:49:11.663Z,buy,9.9e-07,103.0,0.00010197
VIB/BTC,1607932151692,2020-12-14T07:49:11.692Z,buy,9.9e-07,165.0,0.00016335
VIB/BTC,1607932151708,2020-12-14T07:49:11.708Z,buy,9.9e-07,304.0,0.00030096
VIB/BTC,1607932151726,2020-12-14T07:49:11.726Z,buy,9.9e-07,103.0,0.00010197
VIB/BTC,1607932152001,2020-12-14T07:49:12.001Z,buy,9.9e-07,90.0,8.910000000000001e-05
VIB/BTC,1607932152022,2020-12-14T07:49:12.022Z,sell,9.9e-07,211.0,0.00020889
VIB/BTC,1607932152221,2020-12-14T07:49:12.221Z,sell,9.9e-07,203.0,0.00020097
VIB/BTC,1607932169368,2020-12-14T07:49:29.368Z,sell,9.8e-07,620.0,0.0006075999999999
VIB/BTC,1607932175098,2020-12-14T07:49:35.098Z,buy,1e-06,106.0,0.000106
VIB/BTC,1607932175760,2020-12-14T07:49:35.760Z,sell,9.8e-07,1424.0,0.00139552
VIB/BTC,1607932177466,2020-12-14T07:49:37.466Z,sell,9.8e-07,1122.0,0.0010995599999999
VIB/BTC,1607932180888,2020-12-14T07:49:40.888Z,buy,1e-06,106.0,0.000106
VIB/BTC,1607932235443,2020-12-14T07:50:35.443Z,buy,1e-06,21555.0,0.0215549999999999
VIB/BTC,1607932235740,2020-12-14T07:50:35.740Z,sell,9.9e-07,643.0,0.00063657
VIB/BTC,1607932235741,2020-12-14T07:50:35.741Z,sell,9.9e-07,428.0,0.00042372
VIB/BTC,1607932235815,2020-12-14T07:50:35.815Z,buy,9.9e-07,266.0,0.00026334
VIB/BTC,1607932240621,2020-12-14T07:50:40.621Z,buy,9.9e-07,1000.0,0.00099
VIB/BTC,1607932264234,2020-12-14T07:51:04.234Z,buy,9.9e-07,399.0,0.00039501
VIB/BTC,1607932313007,2020-12-14T07:51:53.007Z,buy,9.9e-07,2189.0,0.00216711
VIB/BTC,1607932313025,2020-12-14T07:51:53.025Z,sell,9.9e-07,3003.0,0.00297297
VIB/BTC,1607932313030,2020-12-14T07:51:53.030Z,sell,9.9e-07,479.0,0.00047421
VIB/BTC,1607932313033,2020-12-14T07:51:53.033Z,sell,9.9e-07,479.0,0.00047421
VIB/BTC,1607932313054,2020-12-14T07:51:53.054Z,sell,9.9e-07,2073.0,0.00205227
VIB/BTC,1607932313220,2020-12-14T07:51:53.220Z,sell,9.9e-07,1000.0,0.00099
VIB/BTC,1607932313316,2020-12-14T07:51:53.316Z,sell,9.9e-07,1763.0,0.00174537
VIB/BTC,1607932318054,2020-12-14T07:51:58.054Z,sell,9.9e-07,161.0,0.00015939
VIB/BTC,1607932322428,2020-12-14T07:52:02.428Z,buy,1e-06,106.0,0.000106
VIB/BTC,1607932336856,2020-12-14T07:52:16.856Z,sell,9.9e-07,350.0,0.0003465
VIB/BTC,1607932337327,2020-12-14T07:52:17.327Z,sell,9.9e-07,350.0,0.0003465
VIB/BTC,1607932337812,2020-12-14T07:52:17.812Z,sell,9.9e-07,350.0,0.0003465
VIB/BTC,1607932338283,2020-12-14T07:52:18.283Z,sell,9.9e-07,350.0,0.0003465
VIB/BTC,1607932338757,2020-12-14T07:52:18.757Z,sell,9.9e-07,350.0,0.0003465
VIB/BTC,1607932339232,2020-12-14T07:52:19.232Z,sell,9.9e-07,350.0,0.0003465
VIB/BTC,1607932339771,2020-12-14T07:52:19.771Z,sell,9.9e-07,350.0,0.0003465
VIB/BTC,1607932340260,2020-12-14T07:52:20.260Z,sell,9.9e-07,350.0,0.0003465
VIB/BTC,1607932340720,2020-12-14T07:52:20.720Z,sell,9.9e-07,350.0,0.0003465
VIB/BTC,1607932341190,2020-12-14T07:52:21.190Z,sell,9.9e-07,350.0,0.0003465
VIB/BTC,1607932341662,2020-12-14T07:52:21.662Z,sell,9.9e-07,350.0,0.0003465
VIB/BTC,1607932342158,2020-12-14T07:52:22.158Z,sell,9.9e-07,350.0,0.0003465
VIB/BTC,1607932343695,2020-12-14T07:52:23.695Z,sell,9.9e-07,211.0,0.00020889
VIB/BTC,1607932344823,2020-12-14T07:52:24.823Z,buy,1e-06,106.0,0.000106
VIB/BTC,1607932374495,2020-12-14T07:52:54.495Z,sell,9.9e-07,4990.0,0.0049401
VIB/BTC,1607932402361,2020-12-14T07:53:22.361Z,sell,9.9e-07,1111.0,0.00109989
VIB/BTC,1607932422867,2020-12-14T07:53:42.867Z,buy,1e-06,106.0,0.000106
VIB/BTC,1607932430680,2020-12-14T07:53:50.680Z,buy,1e-06,11101.0,0.011101
VIB/BTC,1607932432922,2020-12-14T07:53:52.922Z,buy,1e-06,120.0,0.0001199999999999
VIB/BTC,1607932435510,2020-12-14T07:53:55.510Z,sell,9.9e-07,204.0,0.00020196
VIB/BTC,1607932440461,2020-12-14T07:54:00.461Z,buy,1e-06,6408.0,0.006408
VIB/BTC,1607932440468,2020-12-14T07:54:00.468Z,sell,1e-06,5857.0,0.0058569999999999
VIB/BTC,1607932440472,2020-12-14T07:54:00.472Z,sell,1e-06,1000.0,0.001
VIB/BTC,1607932440476,2020-12-14T07:54:00.476Z,sell,1e-06,2128.0,0.002128
VIB/BTC,1607932442430,2020-12-14T07:54:02.430Z,sell,1e-06,350.0,0.00035
VIB/BTC,1607932443202,2020-12-14T07:54:03.202Z,sell,1e-06,6382.0,0.006382
VIB/BTC,1607932443715,2020-12-14T07:54:03.715Z,sell,1e-06,6670.0,0.00667
VIB/BTC,1607932443725,2020-12-14T07:54:03.725Z,sell,1e-06,350.0,0.00035
VIB/BTC,1607932450758,2020-12-14T07:54:10.758Z,buy,1.01e-06,106.0,0.00010706
VIB/BTC,1607932453597,2020-12-14T07:54:13.597Z,buy,1.01e-06,198.0,0.00019998
VIB/BTC,1607932453660,2020-12-14T07:54:13.660Z,sell,1e-06,2945.0,0.0029449999999999
VIB/BTC,1607932458354,2020-12-14T07:54:18.354Z,sell,1e-06,350.0,0.00035
VIB/BTC,1607932458827,2020-12-14T07:54:18.827Z,sell,1e-06,350.0,0.00035
VIB/BTC,1607932459805,2020-12-14T07:54:19.805Z,sell,1e-06,118.0,0.000118
VIB/BTC,1607932459922,2020-12-14T07:54:19.922Z,sell,1e-06,350.0,0.00035
VIB/BTC,1607932460393,2020-12-14T07:54:20.393Z,sell,1e-06,350.0,0.00035
VIB/BTC,1607932465595,2020-12-14T07:54:25.595Z,sell,1e-06,1000.0,0.001
VIB/BTC,1607932470825,2020-12-14T07:54:30.825Z,sell,1e-06,600.0,0.0006
VIB/BTC,1607932479359,2020-12-14T07:54:39.359Z,buy,1.01e-06,100.0,0.000101
VIB/BTC,1607932485001,2020-12-14T07:54:45.001Z,sell,1e-06,9335.0,0.009335
VIB/BTC,1607932490737,2020-12-14T07:54:50.737Z,buy,1.01e-06,100.0,0.000101
VIB/BTC,1607932531100,2020-12-14T07:55:31.100Z,buy,1.01e-06,19479.0,0.01967379
VIB/BTC,1607932537637,2020-12-14T07:55:37.637Z,sell,1e-06,5428.0,0.005428
VIB/BTC,1607932553163,2020-12-14T07:55:53.163Z,buy,1.01e-06,100.0,0.000101
VIB/BTC,1607932636610,2020-12-14T07:57:16.610Z,buy,1.01e-06,12204.0,0.01232604
VIB/BTC,1607932636618,2020-12-14T07:57:16.618Z,sell,1.01e-06,9641.0,0.00973741
VIB/BTC,1607932639795,2020-12-14T07:57:19.795Z,buy,1.01e-06,119.0,0.00012019
VIB/BTC,1607932667092,2020-12-14T07:57:47.092Z,buy,1.01e-06,3745.0,0.00378245
VIB/BTC,1607932667105,2020-12-14T07:57:47.105Z,sell,1.01e-06,3881.0,0.00391981
VIB/BTC,1607932667107,2020-12-14T07:57:47.107Z,sell,1.01e-06,313.0,0.00031613
VIB/BTC,1607932667189,2020-12-14T07:57:47.189Z,sell,1.01e-06,14041.0,0.01418141
VIB/BTC,1607932683208,2020-12-14T07:58:03.208Z,sell,1.01e-06,18993.0,0.01918293
VIB/BTC,1607932684764,2020-12-14T07:58:04.764Z,sell,1.01e-06,5428.0,0.00548228
VIB/BTC,1607932717154,2020-12-14T07:58:37.154Z,sell,1.01e-06,5940.0,0.0059994
VIB/BTC,1607932717991,2020-12-14T07:58:37.991Z,sell,1e-06,104.0,0.000104
VIB/BTC,1607932721479,2020-12-14T07:58:41.479Z,buy,1.02e-06,100.0,0.000102
VIB/BTC,1607932726050,2020-12-14T07:58:46.050Z,sell,1e-06,100.0,0.0001
VIB/BTC,1607932729714,2020-12-14T07:58:49.714Z,sell,1e-06,1816.0,0.001816
VIB/BTC,1607932730544,2020-12-14T07:58:50.544Z,sell,1e-06,158.0,0.000158
VIB/BTC,1607932732580,2020-12-14T07:58:52.580Z,buy,1.02e-06,100.0,0.000102
VIB/BTC,1607932733600,2020-12-14T07:58:53.600Z,sell,1e-06,163.0,0.000163
VIB/BTC,1607932737719,2020-12-14T07:58:57.719Z,sell,1e-06,2551.0,0.002551
VIB/BTC,1607932747170,2020-12-14T07:59:07.170Z,sell,1e-06,5612.0,0.005612
VIB/BTC,1607932751793,2020-12-14T07:59:11.793Z,sell,1e-06,1713.0,0.001713
VIB/BTC,1607932752104,2020-12-14T07:59:12.104Z,sell,1e-06,3442.0,0.0034419999999999
VIB/BTC,1607932752117,2020-12-14T07:59:12.117Z,sell,1e-06,3603.0,0.003603
VIB/BTC,1607932752118,2020-12-14T07:59:12.118Z,sell,1e-06,103.0,0.000103
VIB/BTC,1607932752134,2020-12-14T07:59:12.134Z,sell,1e-06,103.0,0.000103
VIB/BTC,1607932752224,2020-12-14T07:59:12.224Z,sell,1e-06,257.0,0.000257
VIB/BTC,1607932752235,2020-12-14T07:59:12.235Z,sell,1e-06,3236.0,0.0032359999999999
VIB/BTC,1607932752254,2020-12-14T07:59:12.254Z,sell,1e-06,347.0,0.000347
VIB/BTC,1607932752288,2020-12-14T07:59:12.288Z,sell,1e-06,60460.0,0.06046
VIB/BTC,1607932752455,2020-12-14T07:59:12.455Z,sell,1e-06,3167.0,0.0031669999999999
VIB/BTC,1607932752763,2020-12-14T07:59:12.763Z,sell,1e-06,106.0,0.000106
VIB/BTC,1607932755143,2020-12-14T07:59:15.143Z,sell,1e-06,2244.0,0.002244
VIB/BTC,1607932758705,2020-12-14T07:59:18.705Z,buy,1.01e-06,100.0,0.000101
VIB/BTC,1607932796116,2020-12-14T07:59:56.116Z,buy,1.01e-06,32002.0,0.03232202
VIB/BTC,1607932828477,2020-12-14T08:00:28.477Z,sell,1.01e-06,600.0,0.000606
VIB/BTC,1607932830701,2020-12-14T08:00:30.701Z,buy,1.02e-06,246.0,0.00025092
VIB/BTC,1607932845083,2020-12-14T08:00:45.083Z,buy,1.02e-06,736.0,0.00075072
VIB/BTC,1607932870295,2020-12-14T08:01:10.295Z,sell,1.01e-06,100.0,0.000101
VIB/BTC,1607932873892,2020-12-14T08:01:13.892Z,buy,1.02e-06,100.0,0.000102
VIB/BTC,1607932877920,2020-12-14T08:01:17.920Z,buy,1.02e-06,100.0,0.000102
VIB/BTC,1607932914465,2020-12-14T08:01:54.465Z,buy,1.02e-06,1976.0,0.00201552
VIB/BTC,1607932929757,2020-12-14T08:02:09.757Z,sell,1.01e-06,3000.0,0.00303
VIB/BTC,1607932931704,2020-12-14T08:02:11.704Z,sell,1.01e-06,3030.0,0.0030603
VIB/BTC,1607932935396,2020-12-14T08:02:15.396Z,sell,1.01e-06,3000.0,0.00303
VIB/BTC,1607932937758,2020-12-14T08:02:17.758Z,sell,1.01e-06,3146.0,0.00317746
VIB/BTC,1607932937787,2020-12-14T08:02:17.787Z,buy,1.01e-06,100.0,0.000101
VIB/BTC,1607932960832,2020-12-14T08:02:40.832Z,buy,1.01e-06,17009.0,0.01717909
VIB/BTC,1607932972892,2020-12-14T08:02:52.892Z,buy,1.02e-06,100.0,0.000102
VIB/BTC,1607933012381,2020-12-14T08:03:32.381Z,sell,1.01e-06,15494.0,0.01564894
VIB/BTC,1607933016633,2020-12-14T08:03:36.633Z,buy,1.01e-06,12966.0,0.01309566
VIB/BTC,1607933017149,2020-12-14T08:03:37.149Z,buy,1.01e-06,9949.0,0.01004849
VIB/BTC,1607933021809,2020-12-14T08:03:41.809Z,buy,1.02e-06,100.0,0.000102
VIB/BTC,1607933071045,2020-12-14T08:04:31.045Z,buy,1.01e-06,852.0,0.00086052
VIB/BTC,1607933093087,2020-12-14T08:04:53.087Z,buy,1.02e-06,100.0,0.000102
VIB/BTC,1607933130406,2020-12-14T08:05:30.406Z,buy,1.02e-06,233.0,0.00023766
VIB/BTC,1607933203494,2020-12-14T08:06:43.494Z,sell,1.01e-06,3000.0,0.00303
VIB/BTC,1607933209925,2020-12-14T08:06:49.925Z,sell,1.01e-06,360.0,0.0003636
VIB/BTC,1607933220318,2020-12-14T08:07:00.318Z,buy,1.02e-06,120.0,0.0001224
VIB/BTC,1607933231455,2020-12-14T08:07:11.455Z,sell,1.01e-06,3000.0,0.00303
VIB/BTC,1607933247632,2020-12-14T08:07:27.632Z,sell,1.01e-06,400.0,0.000404
VIB/BTC,1607933253843,2020-12-14T08:07:33.843Z,buy,1.02e-06,100.0,0.000102
VIB/BTC,1607933255702,2020-12-14T08:07:35.702Z,sell,1.01e-06,827.0,0.00083527
VIB/BTC,1607933287591,2020-12-14T08:08:07.591Z,buy,1.01e-06,249.0,0.00025149
VIB/BTC,1607933300885,2020-12-14T08:08:20.885Z,sell,1e-06,175.0,0.000175
VIB/BTC,1607933323292,2020-12-14T08:08:43.292Z,buy,1.01e-06,100.0,0.000101
VIB/BTC,1607933368055,2020-12-14T08:09:28.055Z,sell,1e-06,27783.0,0.027783
VIB/BTC,1607933398216,2020-12-14T08:09:58.216Z,buy,1.01e-06,100.0,0.000101
VIB/BTC,1607933400732,2020-12-14T08:10:00.732Z,sell,1e-06,2197.0,0.0021969999999999
VIB/BTC,1607933445910,2020-12-14T08:10:45.910Z,sell,1e-06,1754.0,0.001754
VIB/BTC,1607933685057,2020-12-14T08:14:45.057Z,sell,1e-06,14800.0,0.0147999999999999
VIB/BTC,1607933765383,2020-12-14T08:16:05.383Z,sell,1e-06,600.0,0.0006
VIB/BTC,1607933770274,2020-12-14T08:16:10.274Z,buy,1.01e-06,100.0,0.000101
VIB/BTC,1607933774585,2020-12-14T08:16:14.585Z,sell,1e-06,11089.0,0.011089
VIB/BTC,1607933780783,2020-12-14T08:16:20.783Z,sell,1e-06,1685.0,0.0016849999999999
VIB/BTC,1607933781381,2020-12-14T08:16:21.381Z,buy,1e-06,1405.0,0.001405
VIB/BTC,1607933820041,2020-12-14T08:17:00.041Z,buy,1.01e-06,100.0,0.000101
VIB/BTC,1607934017880,2020-12-14T08:20:17.880Z,buy,1.01e-06,5037.0,0.00508737
VIB/BTC,1607934017880,2020-12-14T08:20:17.880Z,buy,1.01e-06,5037.0,0.00508737
VIB/BTC,1607935394656,2020-12-14T08:43:14.656Z,sell,1e-06,51525.0,0.0515249999999999
VIB/BTC,1607935434150,2020-12-14T08:43:54.150Z,buy,1.01e-06,100.0,0.000101
VIB/BTC,1607935868342,2020-12-14T08:51:08.342Z,buy,1.01e-06,2144.0,0.00216544
VIB/BTC,1607935953074,2020-12-14T08:52:33.074Z,buy,1.01e-06,177.0,0.00017877
VIB/BTC,1607936056670,2020-12-14T08:54:16.670Z,buy,1.01e-06,20213.0,0.02041513
VIB/BTC,1607936056691,2020-12-14T08:54:16.691Z,sell,1.01e-06,190.0,0.0001919
VIB/BTC,1607936107906,2020-12-14T08:55:07.906Z,sell,1.01e-06,101.0,0.00010201
VIB/BTC,1607936136783,2020-12-14T08:55:36.783Z,sell,1.01e-06,33958.0,0.03429758
VIB/BTC,1607936139420,2020-12-14T08:55:39.420Z,buy,1.01e-06,44697.0,0.04514397
VIB/BTC,1607936141570,2020-12-14T08:55:41.570Z,sell,1.01e-06,33958.0,0.03429758
VIB/BTC,1607936144094,2020-12-14T08:55:44.094Z,buy,1.01e-06,55254.0,0.05580654
VIB/BTC,1607936146977,2020-12-14T08:55:46.977Z,sell,1.01e-06,83277.0,0.08410977
VIB/BTC,1607936150904,2020-12-14T08:55:50.904Z,sell,1.01e-06,78655.0,0.07944155
VIB/BTC,1607936151909,2020-12-14T08:55:51.909Z,sell,1.01e-06,113.0,0.00011413
VIB/BTC,1607936156049,2020-12-14T08:55:56.049Z,sell,1.01e-06,84566.0,0.08541166
VIB/BTC,1607936159444,2020-12-14T08:55:59.444Z,sell,1.01e-06,41661.0,0.04207761
VIB/BTC,1607936159491,2020-12-14T08:55:59.491Z,buy,1.01e-06,1402.0,0.00141602
VIB/BTC,1607936165171,2020-12-14T08:56:05.171Z,buy,1.02e-06,83277.0,0.08494254
VIB/BTC,1607936168455,2020-12-14T08:56:08.455Z,sell,1.01e-06,78655.0,0.07944155
VIB/BTC,1607936173569,2020-12-14T08:56:13.569Z,buy,1.02e-06,84588.0,0.08627976
VIB/BTC,1607936173675,2020-12-14T08:56:13.675Z,buy,1.02e-06,118.0,0.0001203599999999
VIB/BTC,1607936180102,2020-12-14T08:56:20.102Z,buy,1.02e-06,83277.0,0.08494254
VIB/BTC,1607936184214,2020-12-14T08:56:24.214Z,buy,1.02e-06,74566.0,0.07605732
VIB/BTC,1607936189294,2020-12-14T08:56:29.294Z,buy,1.02e-06,86577.0,0.0883085399999999
VIB/BTC,1607936193710,2020-12-14T08:56:33.710Z,buy,1.02e-06,78322.0,0.0798884399999999
VIB/BTC,1607936198619,2020-12-14T08:56:38.619Z,buy,1.02e-06,84566.0,0.08625732
VIB/BTC,1607936203384,2020-12-14T08:56:43.384Z,buy,1.02e-06,83277.0,0.08494254
VIB/BTC,1607936208372,2020-12-14T08:56:48.372Z,buy,1.02e-06,84577.0,0.08626854
VIB/BTC,1607936214181,2020-12-14T08:56:54.181Z,buy,1.02e-06,83277.0,0.08494254
VIB/BTC,1607936216242,2020-12-14T08:56:56.242Z,buy,1.02e-06,34784.0,0.03547968
VIB/BTC,1607936216256,2020-12-14T08:56:56.256Z,sell,1.02e-06,450.0,0.000459
VIB/BTC,1607936217658,2020-12-14T08:56:57.658Z,sell,1.02e-06,78655.0,0.0802281
VIB/BTC,1607936219177,2020-12-14T08:56:59.177Z,sell,1.02e-06,1928.0,0.00196656
VIB/BTC,1607936224283,2020-12-14T08:57:04.283Z,buy,1.03e-06,72229.0,0.07439587
VIB/BTC,1607936224290,2020-12-14T08:57:04.290Z,sell,1.03e-06,6426.0,0.00661878
VIB/BTC,1607936224561,2020-12-14T08:57:04.561Z,sell,1.02e-06,100.0,0.000102
VIB/BTC,1607936228318,2020-12-14T08:57:08.318Z,sell,1.02e-06,86544.0,0.08827488
VIB/BTC,1607936231948,2020-12-14T08:57:11.948Z,buy,1.03e-06,117.0,0.00012051
VIB/BTC,1607936236859,2020-12-14T08:57:16.859Z,buy,1.03e-06,83277.0,0.08577531
VIB/BTC,1607936238451,2020-12-14T08:57:18.451Z,buy,1.03e-06,1085.0,0.00111755
VIB/BTC,1607936239923,2020-12-14T08:57:19.923Z,sell,1.03e-06,198.0,0.00020394
VIB/BTC,1607936239930,2020-12-14T08:57:19.930Z,sell,1.03e-06,2970.0,0.0030591
VIB/BTC,1607936241548,2020-12-14T08:57:21.548Z,sell,1.03e-06,78655.0,0.08101465
VIB/BTC,1607936249624,2020-12-14T08:57:29.624Z,buy,1.03e-06,83277.0,0.08577531
VIB/BTC,1607936252175,2020-12-14T08:57:32.175Z,buy,1.03e-06,194.0,0.00019982
VIB/BTC,1607936253513,2020-12-14T08:57:33.513Z,buy,1.03e-06,79896.0,0.08229288
VIB/BTC,1607936255644,2020-12-14T08:57:35.644Z,sell,1.03e-06,2106.0,0.00216918
VIB/BTC,1607936257516,2020-12-14T08:57:37.516Z,sell,1.03e-06,3000.0,0.00309
VIB/BTC,1607936261776,2020-12-14T08:57:41.776Z,buy,1.04e-06,87688.0,0.09119552
VIB/BTC,1607936264208,2020-12-14T08:57:44.208Z,buy,1.04e-06,83277.0,0.08660808
VIB/BTC,1607936264696,2020-12-14T08:57:44.696Z,buy,1.04e-06,116.0,0.00012064
VIB/BTC,1607936266251,2020-12-14T08:57:46.251Z,buy,1.04e-06,78655.0,0.0818012
VIB/BTC,1607936269766,2020-12-14T08:57:49.766Z,sell,1.03e-06,84566.0,0.08710298
VIB/BTC,1607936278553,2020-12-14T08:57:58.553Z,sell,1.03e-06,3000.0,0.00309
VIB/BTC,1607936280349,2020-12-14T08:58:00.349Z,sell,1.03e-06,70990.0,0.0731197
VIB/BTC,1607936282845,2020-12-14T08:58:02.845Z,buy,1.04e-06,100.0,0.000104
VIB/BTC,1607936284917,2020-12-14T08:58:04.917Z,sell,1.03e-06,10000.0,0.0103
VIB/BTC,1607936285198,2020-12-14T08:58:05.198Z,sell,1.03e-06,4085.0,0.00420755
VIB/BTC,1607936287410,2020-12-14T08:58:07.410Z,buy,1.04e-06,2331.0,0.00242424
VIB/BTC,1607936318080,2020-12-14T08:58:38.080Z,sell,1.03e-06,2970.0,0.0030591
VIB/BTC,1607936328326,2020-12-14T08:58:48.326Z,buy,1.04e-06,100.0,0.000104
VIB/BTC,1607936335223,2020-12-14T08:58:55.223Z,sell,1.03e-06,78658.0,0.08101774
VIB/BTC,1607936337266,2020-12-14T08:58:57.266Z,sell,1.03e-06,84566.0,0.08710298
VIB/BTC,1607936339061,2020-12-14T08:58:59.061Z,buy,1.04e-06,2802.0,0.00291408
VIB/BTC,1607936339655,2020-12-14T08:58:59.655Z,sell,1.03e-06,83277.0,0.08577531
VIB/BTC,1607936342759,2020-12-14T08:59:02.759Z,buy,1.04e-06,84577.0,0.08796008
VIB/BTC,1607936344608,2020-12-14T08:59:04.608Z,buy,1.04e-06,74566.0,0.07754864
VIB/BTC,1607936346532,2020-12-14T08:59:06.532Z,buy,1.04e-06,86588.0,0.09005152
VIB/BTC,1607936348531,2020-12-14T08:59:08.531Z,buy,1.04e-06,61173.0,0.06361992
VIB/BTC,1607936348537,2020-12-14T08:59:08.537Z,sell,1.04e-06,8711.0,0.00905944
VIB/BTC,1607936348541,2020-12-14T08:59:08.541Z,sell,1.04e-06,1344.0,0.00139776
VIB/BTC,1607936348547,2020-12-14T08:59:08.547Z,sell,1.04e-06,1870.0,0.0019448
VIB/BTC,1607936352360,2020-12-14T08:59:12.360Z,sell,1.04e-06,13479.0,0.01401816
VIB/BTC,1607936352360,2020-12-14T08:59:12.360Z,sell,1.03e-06,64843.0,0.06678829
VIB/BTC,1607936353626,2020-12-14T08:59:13.626Z,sell,1.03e-06,2601.0,0.00267903
VIB/BTC,1607936354129,2020-12-14T08:59:14.129Z,sell,1.03e-06,84566.0,0.08710298
VIB/BTC,1607936356263,2020-12-14T08:59:16.263Z,sell,1.03e-06,86577.0,0.08917431
VIB/BTC,1607936358901,2020-12-14T08:59:18.901Z,sell,1.03e-06,74566.0,0.07680298
VIB/BTC,1607936359875,2020-12-14T08:59:19.875Z,sell,1.03e-06,35223.0,0.03627969
VIB/BTC,1607936359875,2020-12-14T08:59:19.875Z,sell,1.02e-06,9548.0,0.00973896
VIB/BTC,1607936359875,2020-12-14T08:59:19.875Z,sell,1.01e-06,76539.0,0.07730439
VIB/BTC,1607936361212,2020-12-14T08:59:21.212Z,buy,1.02e-06,100.0,0.000102
VIB/BTC,1607936362821,2020-12-14T08:59:22.821Z,buy,1.02e-06,1248.0,0.00127296
VIB/BTC,1607936362821,2020-12-14T08:59:22.821Z,buy,1.03e-06,21312.0,0.02195136
VIB/BTC,1607936365556,2020-12-14T08:59:25.556Z,sell,1.03e-06,970.0,0.0009991
VIB/BTC,1607936366563,2020-12-14T08:59:26.563Z,sell,1.03e-06,980.0,0.0010094
VIB/BTC,1607936372336,2020-12-14T08:59:32.336Z,sell,1.03e-06,4854.0,0.00499962
VIB/BTC,1607936377022,2020-12-14T08:59:37.022Z,sell,1.03e-06,400.0,0.000412
VIB/BTC,1607936381887,2020-12-14T08:59:41.887Z,buy,1.04e-06,100.0,0.000104
VIB/BTC,1607936399068,2020-12-14T08:59:59.068Z,buy,1.04e-06,47267.0,0.04915768
VIB/BTC,1607936401051,2020-12-14T09:00:01.051Z,buy,1.04e-06,84566.0,0.08794864
VIB/BTC,1607936403457,2020-12-14T09:00:03.457Z,buy,1.04e-06,83277.0,0.08660808
VIB/BTC,1607936407091,2020-12-14T09:00:07.091Z,sell,1.03e-06,78655.0,0.08101465
VIB/BTC,1607936413441,2020-12-14T09:00:13.441Z,sell,1.03e-06,86544.0,0.08914032
VIB/BTC,1607936413491,2020-12-14T09:00:13.491Z,buy,1.04e-06,100.0,0.000104
VIB/BTC,1607936416147,2020-12-14T09:00:16.147Z,buy,1.04e-06,5277.0,0.00548808
VIB/BTC,1607936420330,2020-12-14T09:00:20.330Z,buy,1.04e-06,83277.0,0.08660808
VIB/BTC,1607936422565,2020-12-14T09:00:22.565Z,buy,1.04e-06,78655.0,0.0818012
VIB/BTC,1607936424774,2020-12-14T09:00:24.774Z,buy,1.04e-06,74566.0,0.07754864
VIB/BTC,1607936426701,2020-12-14T09:00:26.701Z,sell,1.03e-06,109.0,0.00011227
VIB/BTC,1607936427647,2020-12-14T09:00:27.647Z,buy,1.04e-06,6263.0,0.00651352
VIB/BTC,1607936429080,2020-12-14T09:00:29.080Z,sell,1.03e-06,83277.0,0.08577531
VIB/BTC,1607936431222,2020-12-14T09:00:31.222Z,sell,1.03e-06,84566.0,0.08710298
VIB/BTC,1607936431575,2020-12-14T09:00:31.575Z,sell,1.03e-06,3029.0,0.00311987
VIB/BTC,1607936431747,2020-12-14T09:00:31.747Z,sell,1.03e-06,2233.0,0.00229999
VIB/BTC,1607936432340,2020-12-14T09:00:32.340Z,buy,1.04e-06,100.0,0.000104
VIB/BTC,1607936433663,2020-12-14T09:00:33.663Z,sell,1.03e-06,78322.0,0.08067166
VIB/BTC,1607936437290,2020-12-14T09:00:37.290Z,buy,1.04e-06,84566.0,0.08794864
VIB/BTC,1607936439301,2020-12-14T09:00:39.301Z,buy,1.04e-06,87655.0,0.0911612
VIB/BTC,1607936441394,2020-12-14T09:00:41.394Z,sell,1.03e-06,36387.0,0.03747861
VIB/BTC,1607936441540,2020-12-14T09:00:41.540Z,buy,1.04e-06,78322.0,0.08145488
VIB/BTC,1607936443206,2020-12-14T09:00:43.206Z,buy,1.04e-06,5499.0,0.00571896
VIB/BTC,1607936451451,2020-12-14T09:00:51.451Z,sell,1.03e-06,83277.0,0.08577531
VIB/BTC,1607936453372,2020-12-14T09:00:53.372Z,sell,1.03e-06,74566.0,0.07680298
VIB/BTC,1607936456088,2020-12-14T09:00:56.088Z,sell,1.03e-06,408813.0,0.42107739
VIB/BTC,1607936457443,2020-12-14T09:00:57.443Z,buy,1.03e-06,84566.0,0.08710298
VIB/BTC,1607936459603,2020-12-14T09:00:59.603Z,buy,1.03e-06,20429.0,0.02104187
VIB/BTC,1607936459603,2020-12-14T09:00:59.603Z,buy,1.04e-06,57893.0,0.06020872
VIB/BTC,1607936463938,2020-12-14T09:01:03.938Z,sell,1.03e-06,83277.0,0.08577531
VIB/BTC,1607936467337,2020-12-14T09:01:07.337Z,sell,1.03e-06,74566.0,0.07680298
VIB/BTC,1607936469627,2020-12-14T09:01:09.627Z,sell,1.03e-06,86544.0,0.08914032
VIB/BTC,1607936472908,2020-12-14T09:01:12.908Z,buy,1.04e-06,84566.0,0.08794864
VIB/BTC,1607936475073,2020-12-14T09:01:15.073Z,buy,1.04e-06,78322.0,0.08145488
VIB/BTC,1607936477126,2020-12-14T09:01:17.126Z,buy,1.04e-06,78655.0,0.0818012
VIB/BTC,1607936480945,2020-12-14T09:01:20.945Z,buy,1.04e-06,1199.0,0.00124696
VIB/BTC,1607936498432,2020-12-14T09:01:38.432Z,sell,1.03e-06,2970.0,0.0030591
VIB/BTC,1607936499220,2020-12-14T09:01:39.220Z,sell,1.03e-06,1447.0,0.00149041
VIB/BTC,1607936499858,2020-12-14T09:01:39.858Z,sell,1.03e-06,2970.0,0.0030591
VIB/BTC,1607936506205,2020-12-14T09:01:46.205Z,sell,1.03e-06,969.0,0.00099807
VIB/BTC,1607936574983,2020-12-14T09:02:54.983Z,sell,1.03e-06,1198.0,0.00123394
VIB/BTC,1607936580122,2020-12-14T09:03:00.122Z,buy,1.04e-06,224798.0,0.23378992
VIB/BTC,1607936614416,2020-12-14T09:03:34.416Z,sell,1.03e-06,4902.0,0.00504906
VIB/BTC,1607936626932,2020-12-14T09:03:46.932Z,buy,1.04e-06,20586.0,0.02140944
VIB/BTC,1607936655785,2020-12-14T09:04:15.785Z,buy,1.04e-06,660.0,0.0006864
VIB/BTC,1607936730330,2020-12-14T09:05:30.330Z,buy,1.04e-06,1056.0,0.00109824
VIB/BTC,1607936761517,2020-12-14T09:06:01.517Z,sell,1.03e-06,2153.0,0.00221759
VIB/BTC,1607936812035,2020-12-14T09:06:52.035Z,buy,1.04e-06,106.0,0.00011024
VIB/BTC,1607936818019,2020-12-14T09:06:58.019Z,buy,1.04e-06,2016.0,0.00209664
VIB/BTC,1607936865241,2020-12-14T09:07:45.241Z,buy,1.04e-06,8464.0,0.00880256
VIB/BTC,1607937044807,2020-12-14T09:10:44.807Z,sell,1.03e-06,641.0,0.00066023
VIB/BTC,1607937055031,2020-12-14T09:10:55.031Z,sell,1.03e-06,121951.0,0.12560953
VIB/BTC,1607937055040,2020-12-14T09:10:55.040Z,buy,1.03e-06,476.0,0.00049028
VIB/BTC,1607937055040,2020-12-14T09:10:55.040Z,buy,1.03e-06,3571.0,0.00367813
VIB/BTC,1607937055040,2020-12-14T09:10:55.040Z,buy,1.03e-06,3571.0,0.00367813
VIB/BTC,1607937055040,2020-12-14T09:10:55.040Z,buy,1.03e-06,476.0,0.00049028
VIB/BTC,1607937055041,2020-12-14T09:10:55.041Z,buy,1.03e-06,476.0,0.00049028
VIB/BTC,1607937055041,2020-12-14T09:10:55.041Z,buy,1.03e-06,476.0,0.00049028
VIB/BTC,1607937055041,2020-12-14T09:10:55.041Z,buy,1.03e-06,476.0,0.00049028
VIB/BTC,1607937055041,2020-12-14T09:10:55.041Z,buy,1.03e-06,476.0,0.00049028
VIB/BTC,1607937055041,2020-12-14T09:10:55.041Z,buy,1.03e-06,476.0,0.00049028
VIB/BTC,1607937055041,2020-12-14T09:10:55.041Z,buy,1.03e-06,476.0,0.00049028
VIB/BTC,1607937055041,2020-12-14T09:10:55.041Z,buy,1.03e-06,476.0,0.00049028
VIB/BTC,1607937055041,2020-12-14T09:10:55.041Z,buy,1.03e-06,476.0,0.00049028
VIB/BTC,1607937055041,2020-12-14T09:10:55.041Z,buy,1.03e-06,476.0,0.00049028
VIB/BTC,1607937055041,2020-12-14T09:10:55.041Z,buy,1.03e-06,476.0,0.00049028
VIB/BTC,1607937055042,2020-12-14T09:10:55.042Z,buy,1.03e-06,476.0,0.00049028
VIB/BTC,1607937055042,2020-12-14T09:10:55.042Z,buy,1.03e-06,476.0,0.00049028
VIB/BTC,1607937055042,2020-12-14T09:10:55.042Z,buy,1.03e-06,476.0,0.00049028
VIB/BTC,1607937055042,2020-12-14T09:10:55.042Z,buy,1.03e-06,3571.0,0.00367813
VIB/BTC,1607937055042,2020-12-14T09:10:55.042Z,buy,1.03e-06,13576.0,0.01398328
VIB/BTC,1607937055042,2020-12-14T09:10:55.042Z,buy,1.03e-06,476.0,0.00049028
VIB/BTC,1607937055042,2020-12-14T09:10:55.042Z,buy,1.03e-06,476.0,0.00049028
VIB/BTC,1607937055043,2020-12-14T09:10:55.043Z,buy,1.03e-06,476.0,0.00049028
VIB/BTC,1607937055043,2020-12-14T09:10:55.043Z,buy,1.03e-06,3571.0,0.00367813
VIB/BTC,1607937055043,2020-12-14T09:10:55.043Z,buy,1.03e-06,476.0,0.00049028
VIB/BTC,1607937055043,2020-12-14T09:10:55.043Z,buy,1.03e-06,3571.0,0.00367813
VIB/BTC,1607937055043,2020-12-14T09:10:55.043Z,buy,1.03e-06,476.0,0.00049028
VIB/BTC,1607937055043,2020-12-14T09:10:55.043Z,buy,1.03e-06,476.0,0.00049028
VIB/BTC,1607937055043,2020-12-14T09:10:55.043Z,buy,1.03e-06,476.0,0.00049028
VIB/BTC,1607937055043,2020-12-14T09:10:55.043Z,buy,1.03e-06,476.0,0.00049028
VIB/BTC,1607937055043,2020-12-14T09:10:55.043Z,buy,1.03e-06,476.0,0.00049028
VIB/BTC,1607937055043,2020-12-14T09:10:55.043Z,buy,1.03e-06,476.0,0.00049028
VIB/BTC,1607937055043,2020-12-14T09:10:55.043Z,buy,1.03e-06,476.0,0.00049028
VIB/BTC,1607937055044,2020-12-14T09:10:55.044Z,buy,1.03e-06,476.0,0.00049028
VIB/BTC,1607937055045,2020-12-14T09:10:55.045Z,buy,1.03e-06,476.0,0.00049028
VIB/BTC,1607937055045,2020-12-14T09:10:55.045Z,buy,1.03e-06,476.0,0.00049028
VIB/BTC,1607937055045,2020-12-14T09:10:55.045Z,buy,1.03e-06,476.0,0.00049028
VIB/BTC,1607937055045,2020-12-14T09:10:55.045Z,buy,1.03e-06,476.0,0.00049028
VIB/BTC,1607937055045,2020-12-14T09:10:55.045Z,buy,1.03e-06,476.0,0.00049028
VIB/BTC,1607937055045,2020-12-14T09:10:55.045Z,buy,1.03e-06,476.0,0.00049028
VIB/BTC,1607937055047,2020-12-14T09:10:55.047Z,buy,1.03e-06,476.0,0.00049028
VIB/BTC,1607937055047,2020-12-14T09:10:55.047Z,buy,1.03e-06,476.0,0.00049028
VIB/BTC,1607937055047,2020-12-14T09:10:55.047Z,buy,1.03e-06,476.0,0.00049028
VIB/BTC,1607937055047,2020-12-14T09:10:55.047Z,buy,1.03e-06,476.0,0.00049028
VIB/BTC,1607937055047,2020-12-14T09:10:55.047Z,buy,1.03e-06,476.0,0.00049028
VIB/BTC,1607937055048,2020-12-14T09:10:55.048Z,buy,1.03e-06,476.0,0.00049028
VIB/BTC,1607937055048,2020-12-14T09:10:55.048Z,buy,1.03e-06,476.0,0.00049028
VIB/BTC,1607937055048,2020-12-14T09:10:55.048Z,buy,1.03e-06,476.0,0.00049028
VIB/BTC,1607937055048,2020-12-14T09:10:55.048Z,buy,1.03e-06,476.0,0.00049028
VIB/BTC,1607937055048,2020-12-14T09:10:55.048Z,buy,1.03e-06,476.0,0.00049028
VIB/BTC,1607937055048,2020-12-14T09:10:55.048Z,buy,1.03e-06,476.0,0.00049028
VIB/BTC,1607937055048,2020-12-14T09:10:55.048Z,buy,1.03e-06,476.0,0.00049028
VIB/BTC,1607937055050,2020-12-14T09:10:55.050Z,buy,1.03e-06,3571.0,0.00367813
VIB/BTC,1607937055061,2020-12-14T09:10:55.061Z,buy,1.03e-06,1185.0,0.00122055
VIB/BTC,1607937055094,2020-12-14T09:10:55.094Z,sell,1.02e-06,3571.0,0.00364242
VIB/BTC,1607937055097,2020-12-14T09:10:55.097Z,sell,1.02e-06,3472.0,0.00354144
VIB/BTC,1607937055103,2020-12-14T09:10:55.103Z,sell,1.02e-06,1980.0,0.0020196
VIB/BTC,1607937055133,2020-12-14T09:10:55.133Z,buy,1.03e-06,4079.0,0.00420137
VIB/BTC,1607937057215,2020-12-14T09:10:57.215Z,sell,1.02e-06,84596.0,0.08628792
VIB/BTC,1607937057215,2020-12-14T09:10:57.215Z,sell,1.01e-06,266871.0,0.26953971
VIB/BTC,1607937057215,2020-12-14T09:10:57.215Z,sell,1e-06,42538.0,0.042538
VIB/BTC,1607937057215,2020-12-14T09:10:57.215Z,sell,1e-06,3537.0,0.0035369999999999
VIB/BTC,1607937057761,2020-12-14T09:10:57.761Z,sell,1.01e-06,1089.0,0.00109989
VIB/BTC,1607937057901,2020-12-14T09:10:57.901Z,buy,1.02e-06,30.0,3.06e-05
VIB/BTC,1607937060003,2020-12-14T09:11:00.003Z,buy,1.01e-06,1980.0,0.0019998
VIB/BTC,1607937060009,2020-12-14T09:11:00.009Z,buy,1.01e-06,1980.0,0.0019998
VIB/BTC,1607937060502,2020-12-14T09:11:00.502Z,buy,1.01e-06,2789.0,0.00281689
VIB/BTC,1607937060708,2020-12-14T09:11:00.708Z,buy,1.01e-06,99.0,9.999e-05
VIB/BTC,1607937062547,2020-12-14T09:11:02.547Z,sell,1e-06,4788.0,0.004788
VIB/BTC,1607937062547,2020-12-14T09:11:02.547Z,sell,9.9e-07,114.0,0.00011286
VIB/BTC,1607937064313,2020-12-14T09:11:04.313Z,sell,1e-06,9795.0,0.009795
VIB/BTC,1607937067101,2020-12-14T09:11:07.101Z,buy,1.01e-06,1524.0,0.00153924
VIB/BTC,1607937068111,2020-12-14T09:11:08.111Z,sell,1e-06,2949.0,0.002949
VIB/BTC,1607937079239,2020-12-14T09:11:19.239Z,sell,1e-06,200.0,0.0001999999999999
VIB/BTC,1607937084000,2020-12-14T09:11:24.000Z,buy,1.01e-06,100.0,0.000101
VIB/BTC,1607937115171,2020-12-14T09:11:55.171Z,sell,1e-06,428.0,0.000428
VIB/BTC,1607937130328,2020-12-14T09:12:10.328Z,buy,1.01e-06,747.0,0.00075447
VIB/BTC,1607937145527,2020-12-14T09:12:25.527Z,buy,1.01e-06,27.0,2.727e-05
VIB/BTC,1607937231838,2020-12-14T09:13:51.838Z,sell,1e-06,12731.0,0.012731
VIB/BTC,1607937242600,2020-12-14T09:14:02.600Z,sell,1e-06,48123.0,0.048123
VIB/BTC,1607937283150,2020-12-14T09:14:43.150Z,sell,9.9e-07,969.0,0.00095931
VIB/BTC,1607937313449,2020-12-14T09:15:13.449Z,buy,1e-06,215.0,0.000215
VIB/BTC,1607937352044,2020-12-14T09:15:52.044Z,sell,9.9e-07,118493.0,0.11730807
VIB/BTC,1607937352057,2020-12-14T09:15:52.057Z,buy,9.9e-07,1863.0,0.00184437
VIB/BTC,1607937352061,2020-12-14T09:15:52.061Z,buy,9.9e-07,619.0,0.00061281
VIB/BTC,1607937352080,2020-12-14T09:15:52.080Z,buy,9.9e-07,1297.0,0.00128403
VIB/BTC,1607937366046,2020-12-14T09:16:06.046Z,sell,9.8e-07,83803.0,0.08212694
VIB/BTC,1607937366283,2020-12-14T09:16:06.283Z,sell,9.8e-07,7750.0,0.0075949999999999
VIB/BTC,1607937369023,2020-12-14T09:16:09.023Z,sell,9.8e-07,5680.0,0.0055664
VIB/BTC,1607937371734,2020-12-14T09:16:11.734Z,buy,9.9e-07,2500.0,0.002475
VIB/BTC,1607937371734,2020-12-14T09:16:11.734Z,buy,9.9e-07,417.0,0.00041283
VIB/BTC,1607937372717,2020-12-14T09:16:12.717Z,buy,9.9e-07,4420.0,0.0043758
VIB/BTC,1607937373284,2020-12-14T09:16:13.284Z,sell,9.8e-07,69593.0,0.06820114
VIB/BTC,1607937406209,2020-12-14T09:16:46.209Z,buy,9.8e-07,436.0,0.00042728
VIB/BTC,1607937410927,2020-12-14T09:16:50.927Z,sell,9.7e-07,47771.0,0.04633787
VIB/BTC,1607937410927,2020-12-14T09:16:50.927Z,sell,9.7e-07,21389.0,0.02074733
VIB/BTC,1607937410927,2020-12-14T09:16:50.927Z,sell,9.6e-07,1026.0,0.00098496
VIB/BTC,1607937445422,2020-12-14T09:17:25.422Z,buy,9.8e-07,86588.0,0.08485624
VIB/BTC,1607937448499,2020-12-14T09:17:28.499Z,sell,9.7e-07,78655.0,0.07629535
VIB/BTC,1607937448551,2020-12-14T09:17:28.551Z,buy,9.8e-07,45766.0,0.04485068
VIB/BTC,1607937450451,2020-12-14T09:17:30.451Z,sell,9.8e-07,51439.0,0.05041022
VIB/BTC,1607937450451,2020-12-14T09:17:30.451Z,sell,9.7e-07,31838.0,0.03088286
VIB/BTC,1607937452333,2020-12-14T09:17:32.333Z,sell,9.7e-07,74566.0,0.07232902
VIB/BTC,1607937454877,2020-12-14T09:17:34.877Z,sell,9.7e-07,83277.0,0.08077869
VIB/BTC,1607937458597,2020-12-14T09:17:38.597Z,buy,9.8e-07,38788.0,0.0380122399999999
VIB/BTC,1607937458597,2020-12-14T09:17:38.597Z,buy,9.9e-07,45789.0,0.04533111
VIB/BTC,1607937460973,2020-12-14T09:17:40.973Z,buy,9.9e-07,78322.0,0.07753878
VIB/BTC,1607937463265,2020-12-14T09:17:43.265Z,buy,9.9e-07,84566.0,0.08372034
VIB/BTC,1607937463643,2020-12-14T09:17:43.643Z,sell,9.8e-07,1344.0,0.00131712
VIB/BTC,1607937465736,2020-12-14T09:17:45.736Z,buy,9.8e-07,48655.0,0.0476819
VIB/BTC,1607937466234,2020-12-14T09:17:46.234Z,buy,9.8e-07,1010.0,0.0009897999999999
VIB/BTC,1607937468693,2020-12-14T09:17:48.693Z,buy,9.8e-07,3768.0,0.0036926399999999
VIB/BTC,1607937470031,2020-12-14T09:17:50.031Z,sell,9.7e-07,83277.0,0.08077869
VIB/BTC,1607937471391,2020-12-14T09:17:51.391Z,buy,9.8e-07,1122.0,0.0010995599999999
VIB/BTC,1607937471520,2020-12-14T09:17:51.520Z,buy,9.8e-07,4795.0,0.0046990999999999
VIB/BTC,1607937471567,2020-12-14T09:17:51.567Z,buy,9.8e-07,10204.0,0.0099999199999999
VIB/BTC,1607937471924,2020-12-14T09:17:51.924Z,buy,9.8e-07,2551.0,0.0024999799999999
VIB/BTC,1607937471936,2020-12-14T09:17:51.936Z,buy,9.8e-07,17369.0,0.0170216199999999
VIB/BTC,1607937472038,2020-12-14T09:17:52.038Z,sell,9.7e-07,78655.0,0.07629535
VIB/BTC,1607937474549,2020-12-14T09:17:54.549Z,sell,9.7e-07,84566.0,0.08202902
VIB/BTC,1607937474730,2020-12-14T09:17:54.730Z,buy,9.8e-07,2736.0,0.00268128
VIB/BTC,1607937476698,2020-12-14T09:17:56.698Z,sell,9.7e-07,78322.0,0.07597234
VIB/BTC,1607937477528,2020-12-14T09:17:57.528Z,buy,9.8e-07,112.0,0.0001097599999999
VIB/BTC,1607937481477,2020-12-14T09:18:01.477Z,buy,9.8e-07,83277.0,0.08161146
VIB/BTC,1607937482825,2020-12-14T09:18:02.825Z,buy,9.8e-07,9267.0,0.00908166
VIB/BTC,1607937483084,2020-12-14T09:18:03.084Z,buy,9.8e-07,1878.0,0.0018404399999999
VIB/BTC,1607937483535,2020-12-14T09:18:03.535Z,buy,9.8e-07,74566.0,0.0730746799999999
VIB/BTC,1607937484076,2020-12-14T09:18:04.076Z,buy,9.8e-07,14285.0,0.0139993
VIB/BTC,1607937484552,2020-12-14T09:18:04.552Z,buy,9.8e-07,546.0,0.00053508
VIB/BTC,1607937485987,2020-12-14T09:18:05.987Z,buy,9.8e-07,112.0,0.0001097599999999
VIB/BTC,1607937487260,2020-12-14T09:18:07.260Z,buy,9.8e-07,520.0,0.0005095999999999
VIB/BTC,1607937498646,2020-12-14T09:18:18.646Z,buy,9.8e-07,267.0,0.00026166
VIB/BTC,1607937498770,2020-12-14T09:18:18.770Z,buy,9.8e-07,282.0,0.0002763599999999
VIB/BTC,1607937505758,2020-12-14T09:18:25.758Z,buy,9.8e-07,6428.0,0.00629944
VIB/BTC,1607937544077,2020-12-14T09:19:04.077Z,buy,9.8e-07,163.0,0.0001597399999999
VIB/BTC,1607937567165,2020-12-14T09:19:27.165Z,buy,9.8e-07,519.0,0.00050862
VIB/BTC,1607937573600,2020-12-14T09:19:33.600Z,buy,9.8e-07,8719.0,0.00854462
VIB/BTC,1607937613749,2020-12-14T09:20:13.749Z,buy,9.8e-07,17705.0,0.0173509
VIB/BTC,1607937613749,2020-12-14T09:20:13.749Z,buy,9.8e-07,17705.0,0.0173509
VIB/BTC,1607937627007,2020-12-14T09:20:27.007Z,buy,9.8e-07,44239.0,0.04335422
VIB/BTC,1607937664403,2020-12-14T09:21:04.403Z,buy,9.9e-07,28.0,2.772e-05
VIB/BTC,1607937664408,2020-12-14T09:21:04.408Z,sell,9.8e-07,126.0,0.00012348
VIB/BTC,1607937679519,2020-12-14T09:21:19.519Z,buy,9.9e-07,504.0,0.00049896
VIB/BTC,1607937740056,2020-12-14T09:22:20.056Z,buy,9.9e-07,11303.0,0.01118997
VIB/BTC,1607937742554,2020-12-14T09:22:22.554Z,buy,9.9e-07,1622.0,0.00160578
VIB/BTC,1607937786785,2020-12-14T09:23:06.785Z,buy,9.9e-07,535.0,0.00052965
VIB/BTC,1607937807828,2020-12-14T09:23:27.828Z,sell,9.8e-07,2040.0,0.0019992
VIB/BTC,1607937853192,2020-12-14T09:24:13.192Z,buy,9.9e-07,3003.0,0.00297297
VIB/BTC,1607937854386,2020-12-14T09:24:14.386Z,buy,9.9e-07,1111.0,0.00109989
VIB/BTC,1607938060461,2020-12-14T09:27:40.461Z,sell,9.8e-07,37178.0,0.03643444
VIB/BTC,1607938091778,2020-12-14T09:28:11.778Z,sell,9.8e-07,2328.0,0.00228144
VIB/BTC,1607938094600,2020-12-14T09:28:14.600Z,sell,9.8e-07,209930.0,0.2057313999999999
VIB/BTC,1607938095929,2020-12-14T09:28:15.929Z,sell,9.8e-07,2799.0,0.0027430199999999
VIB/BTC,1607938108459,2020-12-14T09:28:28.459Z,sell,9.8e-07,3093.0,0.00303114
VIB/BTC,1607938108875,2020-12-14T09:28:28.875Z,sell,9.8e-07,3093.0,0.00303114
VIB/BTC,1607938108913,2020-12-14T09:28:28.913Z,sell,9.8e-07,1031.0,0.00101038
VIB/BTC,1607938117818,2020-12-14T09:28:37.818Z,sell,9.8e-07,14937.0,0.0146382599999999
VIB/BTC,1607938117833,2020-12-14T09:28:37.833Z,buy,9.8e-07,1172.0,0.0011485599999999
VIB/BTC,1607938117835,2020-12-14T09:28:37.835Z,buy,9.8e-07,724.0,0.0007095199999999
VIB/BTC,1607938117854,2020-12-14T09:28:37.854Z,buy,9.8e-07,518.0,0.00050764
VIB/BTC,1607938122976,2020-12-14T09:28:42.976Z,sell,9.8e-07,1232.0,0.00120736
VIB/BTC,1607938122991,2020-12-14T09:28:42.991Z,buy,9.8e-07,501.0,0.00049098
VIB/BTC,1607938123041,2020-12-14T09:28:43.041Z,buy,9.8e-07,1360.0,0.0013327999999999
VIB/BTC,1607938136171,2020-12-14T09:28:56.171Z,buy,9.8e-07,3093.0,0.00303114
VIB/BTC,1607938146434,2020-12-14T09:29:06.434Z,buy,9.8e-07,10309.0,0.0101028199999999
VIB/BTC,1607938152882,2020-12-14T09:29:12.882Z,buy,9.8e-07,3093.0,0.00303114
VIB/BTC,1607938258099,2020-12-14T09:30:58.099Z,sell,9.7e-07,9801.0,0.00950697
VIB/BTC,1607938258113,2020-12-14T09:30:58.113Z,sell,9.7e-07,2037.0,0.00197589
VIB/BTC,1607938259183,2020-12-14T09:30:59.183Z,sell,9.7e-07,5493.0,0.00532821
VIB/BTC,1607938378831,2020-12-14T09:32:58.831Z,sell,9.7e-07,8694.0,0.00843318
VIB/BTC,1607938425071,2020-12-14T09:33:45.071Z,sell,9.7e-07,47220.0,0.0458034
VIB/BTC,1607938636620,2020-12-14T09:37:16.620Z,buy,9.8e-07,2482.0,0.0024323599999999
VIB/BTC,1607938641391,2020-12-14T09:37:21.391Z,buy,9.8e-07,14042.0,0.01376116
VIB/BTC,1607938649758,2020-12-14T09:37:29.758Z,buy,9.8e-07,3531.0,0.00346038
VIB/BTC,1607938674409,2020-12-14T09:37:54.409Z,buy,9.8e-07,3030.0,0.0029693999999999
VIB/BTC,1607938680197,2020-12-14T09:38:00.197Z,buy,9.8e-07,9121.0,0.00893858
VIB/BTC,1607938680625,2020-12-14T09:38:00.625Z,buy,9.9e-07,32.0,3.168e-05
VIB/BTC,1607938680739,2020-12-14T09:38:00.739Z,sell,9.8e-07,119.0,0.0001166199999999
VIB/BTC,1607938690049,2020-12-14T09:38:10.049Z,sell,9.8e-07,3061.0,0.0029997799999999
VIB/BTC,1607938695495,2020-12-14T09:38:15.495Z,sell,9.8e-07,3061.0,0.0029997799999999
VIB/BTC,1607938696051,2020-12-14T09:38:16.051Z,buy,9.9e-07,32316.0,0.03199284
VIB/BTC,1607938697288,2020-12-14T09:38:17.288Z,sell,9.8e-07,3061.0,0.0029997799999999
VIB/BTC,1607938866897,2020-12-14T09:41:06.897Z,buy,9.9e-07,78655.0,0.07786845
VIB/BTC,1607938868984,2020-12-14T09:41:08.984Z,buy,9.9e-07,31234.0,0.03092166
VIB/BTC,1607938868993,2020-12-14T09:41:08.993Z,sell,9.9e-07,16374.0,0.01621026
VIB/BTC,1607938868995,2020-12-14T09:41:08.995Z,sell,9.9e-07,4858.0,0.00480942
VIB/BTC,1607938868998,2020-12-14T09:41:08.998Z,sell,9.9e-07,2843.0,0.00281457
VIB/BTC,1607938869001,2020-12-14T09:41:09.001Z,sell,9.9e-07,3289.0,0.00325611
VIB/BTC,1607938873291,2020-12-14T09:41:13.291Z,sell,9.9e-07,27946.0,0.02766654
VIB/BTC,1607938873291,2020-12-14T09:41:13.291Z,sell,9.8e-07,55331.0,0.0542243799999999
VIB/BTC,1607938875234,2020-12-14T09:41:15.234Z,sell,9.8e-07,78187.0,0.07662326
VIB/BTC,1607938875245,2020-12-14T09:41:15.245Z,buy,9.8e-07,468.0,0.0004586399999999
VIB/BTC,1607938877183,2020-12-14T09:41:17.183Z,sell,9.8e-07,2124.0,0.00208152
VIB/BTC,1607938877806,2020-12-14T09:41:17.806Z,buy,9.8e-07,2773.0,0.0027175399999999
VIB/BTC,1607938882907,2020-12-14T09:41:22.907Z,buy,9.8e-07,78655.0,0.0770819
VIB/BTC,1607938887528,2020-12-14T09:41:27.528Z,buy,9.8e-07,84566.0,0.0828746799999999
VIB/BTC,1607938893281,2020-12-14T09:41:33.281Z,buy,9.9e-07,9076.0,0.00898524
VIB/BTC,1607938893281,2020-12-14T09:41:33.281Z,buy,1e-06,75490.0,0.07549
VIB/BTC,1607938897722,2020-12-14T09:41:37.722Z,sell,9.9e-07,1073.0,0.00106227
VIB/BTC,1607938897722,2020-12-14T09:41:37.722Z,sell,9.8e-07,82174.0,0.08053052
VIB/BTC,1607938898535,2020-12-14T09:41:38.535Z,buy,9.8e-07,30.0,2.94e-05
VIB/BTC,1607938902348,2020-12-14T09:41:42.348Z,sell,9.8e-07,9187.0,0.0090032599999999
VIB/BTC,1607938902348,2020-12-14T09:41:42.348Z,sell,9.7e-07,69468.0,0.06738396
VIB/BTC,1607938920456,2020-12-14T09:42:00.456Z,sell,9.8e-07,4131.0,0.00404838
VIB/BTC,1607938935960,2020-12-14T09:42:15.960Z,buy,9.8e-07,211.0,0.00020678
VIB/BTC,1607938970029,2020-12-14T09:42:50.029Z,buy,9.8e-07,22533.0,0.02208234
VIB/BTC,1607939000995,2020-12-14T09:43:20.995Z,buy,9.9e-07,8904.0,0.00881496
VIB/BTC,1607939019177,2020-12-14T09:43:39.177Z,sell,9.8e-07,1009.0,0.0009888199999999
VIB/BTC,1607939050442,2020-12-14T09:44:10.442Z,sell,9.8e-07,55512.0,0.0544017599999999
VIB/BTC,1607939137497,2020-12-14T09:45:37.497Z,sell,9.8e-07,8207.0,0.0080428599999999
VIB/BTC,1607939216324,2020-12-14T09:46:56.324Z,buy,9.9e-07,37394.0,0.03702006
VIB/BTC,1607939287899,2020-12-14T09:48:07.899Z,sell,9.9e-07,104.0,0.00010296
VIB/BTC,1607939362462,2020-12-14T09:49:22.462Z,buy,1e-06,100.0,0.0001
VIB/BTC,1607939422625,2020-12-14T09:50:22.625Z,sell,9.9e-07,128.0,0.00012672
VIB/BTC,1607939450528,2020-12-14T09:50:50.528Z,buy,1e-06,91051.0,0.0910509999999999
VIB/BTC,1607939506288,2020-12-14T09:51:46.288Z,buy,1e-06,626.0,0.0006259999999999
VIB/BTC,1607939562984,2020-12-14T09:52:42.984Z,buy,1e-06,625.0,0.000625
VIB/BTC,1607939620161,2020-12-14T09:53:40.161Z,buy,1e-06,626.0,0.0006259999999999
VIB/BTC,1607939677145,2020-12-14T09:54:37.145Z,buy,1e-06,626.0,0.0006259999999999
VIB/BTC,1607939886820,2020-12-14T09:58:06.820Z,sell,9.9e-07,2131.0,0.00210969
VIB/BTC,1607939915785,2020-12-14T09:58:35.785Z,buy,1e-06,32.0,3.2e-05
VIB/BTC,1607940062103,2020-12-14T10:01:02.103Z,buy,1e-06,4062.0,0.004062
VIB/BTC,1607940127486,2020-12-14T10:02:07.486Z,buy,1e-06,29.0,2.9e-05
VIB/BTC,1607940224432,2020-12-14T10:03:44.432Z,buy,1e-06,17555.0,0.0175549999999999
VIB/BTC,1607940224449,2020-12-14T10:03:44.449Z,sell,1e-06,8539.0,0.008539
VIB/BTC,1607940228628,2020-12-14T10:03:48.628Z,sell,1e-06,4386.0,0.004386
VIB/BTC,1607940233002,2020-12-14T10:03:53.002Z,sell,1e-06,3077.0,0.003077
VIB/BTC,1607940235348,2020-12-14T10:03:55.348Z,sell,1e-06,1.0,1e-06
VIB/BTC,1607940235348,2020-12-14T10:03:55.348Z,sell,9.9e-07,6499.0,0.00643401
VIB/BTC,1607940238031,2020-12-14T10:03:58.031Z,sell,9.9e-07,6500.0,0.006435
VIB/BTC,1607940247269,2020-12-14T10:04:07.269Z,sell,9.9e-07,2551.0,0.00252549
VIB/BTC,1607940346972,2020-12-14T10:05:46.972Z,sell,9.9e-07,600.0,0.000594
VIB/BTC,1607940352281,2020-12-14T10:05:52.281Z,buy,1e-06,100.0,0.0001
VIB/BTC,1607940353921,2020-12-14T10:05:53.921Z,buy,1e-06,1100.0,0.0010999999999999
VIB/BTC,1607940529811,2020-12-14T10:08:49.811Z,buy,1e-06,6046.0,0.006046
VIB/BTC,1607940623904,2020-12-14T10:10:23.904Z,sell,9.9e-07,350.0,0.0003465
VIB/BTC,1607940952509,2020-12-14T10:15:52.509Z,buy,1e-06,100.0,0.0001
VIB/BTC,1607941127552,2020-12-14T10:18:47.552Z,buy,1e-06,13106.0,0.013106
VIB/BTC,1607941128928,2020-12-14T10:18:48.928Z,sell,1e-06,24953.0,0.024953
VIB/BTC,1607941145947,2020-12-14T10:19:05.947Z,sell,1e-06,7842.0,0.007842
VIB/BTC,1607941152722,2020-12-14T10:19:12.722Z,sell,1e-06,4196.0,0.004196
VIB/BTC,1607941196983,2020-12-14T10:19:56.983Z,buy,1.01e-06,5051.0,0.00510151
VIB/BTC,1607941196983,2020-12-14T10:19:56.983Z,buy,1.01e-06,5051.0,0.00510151
VIB/BTC,1607941412725,2020-12-14T10:23:32.725Z,buy,1.01e-06,2579.0,0.00260479
VIB/BTC,1607941419257,2020-12-14T10:23:39.257Z,buy,1.01e-06,119.0,0.00012019
VIB/BTC,1607941496570,2020-12-14T10:24:56.570Z,buy,1.01e-06,29.0,2.929e-05
VIB/BTC,1607941574288,2020-12-14T10:26:14.288Z,buy,1.01e-06,1290.0,0.0013029
VIB/BTC,1607941576652,2020-12-14T10:26:16.652Z,sell,1e-06,101.0,0.000101
VIB/BTC,1607941609539,2020-12-14T10:26:49.539Z,buy,1.01e-06,100.0,0.000101
VIB/BTC,1607941635954,2020-12-14T10:27:15.954Z,sell,1e-06,387.0,0.000387
VIB/BTC,1607941639674,2020-12-14T10:27:19.674Z,buy,1.01e-06,100.0,0.000101
VIB/BTC,1607941662255,2020-12-14T10:27:42.255Z,buy,1.01e-06,3357.0,0.00339057
VIB/BTC,1607941669079,2020-12-14T10:27:49.079Z,sell,1.01e-06,350.0,0.0003535
VIB/BTC,1607941669558,2020-12-14T10:27:49.558Z,sell,1.01e-06,350.0,0.0003535
VIB/BTC,1607941670030,2020-12-14T10:27:50.030Z,sell,1.01e-06,350.0,0.0003535
VIB/BTC,1607941670501,2020-12-14T10:27:50.501Z,sell,1.01e-06,350.0,0.0003535
VIB/BTC,1607941676787,2020-12-14T10:27:56.787Z,sell,1.01e-06,350.0,0.0003535
VIB/BTC,1607941677264,2020-12-14T10:27:57.264Z,sell,1.01e-06,350.0,0.0003535
VIB/BTC,1607941677731,2020-12-14T10:27:57.731Z,sell,1.01e-06,350.0,0.0003535
VIB/BTC,1607941688189,2020-12-14T10:28:08.189Z,buy,1.02e-06,100.0,0.000102
VIB/BTC,1607941701228,2020-12-14T10:28:21.228Z,sell,1.01e-06,404.0,0.00040804
VIB/BTC,1607941704721,2020-12-14T10:28:24.721Z,buy,1.02e-06,100.0,0.000102
VIB/BTC,1607941793580,2020-12-14T10:29:53.580Z,sell,1.01e-06,300.0,0.000303
VIB/BTC,1607941802481,2020-12-14T10:30:02.481Z,sell,1.01e-06,300.0,0.000303
VIB/BTC,1607941806536,2020-12-14T10:30:06.536Z,buy,1.02e-06,100.0,0.000102
VIB/BTC,1607941860418,2020-12-14T10:31:00.418Z,sell,1.01e-06,137.0,0.00013837
VIB/BTC,1607941869519,2020-12-14T10:31:09.519Z,buy,1.02e-06,100.0,0.000102
VIB/BTC,1607941940518,2020-12-14T10:32:20.518Z,sell,1.01e-06,2733.0,0.00276033
VIB/BTC,1607941986100,2020-12-14T10:33:06.100Z,buy,1.02e-06,100.0,0.000102
VIB/BTC,1607942159451,2020-12-14T10:35:59.451Z,sell,1.01e-06,176.0,0.00017776
VIB/BTC,1607942181077,2020-12-14T10:36:21.077Z,buy,1.02e-06,100.0,0.000102
VIB/BTC,1607942446418,2020-12-14T10:40:46.418Z,sell,1.01e-06,311.0,0.00031411
VIB/BTC,1607942548410,2020-12-14T10:42:28.410Z,buy,1.02e-06,100.0,0.000102
VIB/BTC,1607942998196,2020-12-14T10:49:58.196Z,sell,1.01e-06,80000.0,0.0808
VIB/BTC,1607942999410,2020-12-14T10:49:59.410Z,sell,1.01e-06,4953.0,0.00500253
VIB/BTC,1607943028468,2020-12-14T10:50:28.468Z,sell,1.01e-06,1099.0,0.00110999
VIB/BTC,1607943043226,2020-12-14T10:50:43.226Z,sell,1e-06,4790.0,0.00479
VIB/BTC,1607943050240,2020-12-14T10:50:50.240Z,sell,1e-06,1122.0,0.001122
VIB/BTC,1607943170951,2020-12-14T10:52:50.951Z,buy,1.01e-06,100.0,0.000101
VIB/BTC,1607943585625,2020-12-14T10:59:45.625Z,sell,1e-06,100.0,0.0001
VIB/BTC,1607943603779,2020-12-14T11:00:03.779Z,sell,1e-06,100.0,0.0001
VIB/BTC,1607943609438,2020-12-14T11:00:09.438Z,buy,1.01e-06,100.0,0.000101
VIB/BTC,1607943620029,2020-12-14T11:00:20.029Z,buy,1.01e-06,490.0,0.0004949
VIB/BTC,1607943641449,2020-12-14T11:00:41.449Z,sell,1e-06,12159.0,0.012159
VIB/BTC,1607943660967,2020-12-14T11:01:00.967Z,buy,1.01e-06,14124.0,0.01426524
VIB/BTC,1607943685592,2020-12-14T11:01:25.592Z,sell,1e-06,16269.0,0.016269
VIB/BTC,1607943693041,2020-12-14T11:01:33.041Z,buy,1.01e-06,100.0,0.000101
VIB/BTC,1607944758089,2020-12-14T11:19:18.089Z,sell,1e-06,6231.0,0.0062309999999999
VIB/BTC,1607944765015,2020-12-14T11:19:25.015Z,buy,1.01e-06,100.0,0.000101
VIB/BTC,1607944765015,2020-12-14T11:19:25.015Z,buy,1.01e-06,100.0,0.000101
VIB/BTC,1607945813859,2020-12-14T11:36:53.859Z,buy,1.01e-06,3826.0,0.00386426
VIB/BTC,1607945814080,2020-12-14T11:36:54.080Z,sell,1e-06,400.0,0.0003999999999999
VIB/BTC,1607945815174,2020-12-14T11:36:55.174Z,sell,1e-06,268.0,0.000268
VIB/BTC,1607945822924,2020-12-14T11:37:02.924Z,sell,1e-06,299.0,0.000299
VIB/BTC,1607946037872,2020-12-14T11:40:37.872Z,sell,1e-06,363.0,0.000363
VIB/BTC,1607946042280,2020-12-14T11:40:42.280Z,buy,1.01e-06,100.0,0.000101
VIB/BTC,1607946055688,2020-12-14T11:40:55.688Z,buy,1.01e-06,385.0,0.00038885
VIB/BTC,1607946219655,2020-12-14T11:43:39.655Z,buy,1.01e-06,152386.0,0.15390986
VIB/BTC,1607946219668,2020-12-14T11:43:39.668Z,sell,1.01e-06,2659.0,0.00268559
VIB/BTC,1607946219812,2020-12-14T11:43:39.812Z,sell,1.01e-06,771.0,0.00077871
VIB/BTC,1607946219918,2020-12-14T11:43:39.918Z,sell,1.01e-06,1200.0,0.001212
VIB/BTC,1607946220101,2020-12-14T11:43:40.101Z,sell,1.01e-06,4743.0,0.00479043
VIB/BTC,1607946495536,2020-12-14T11:48:15.536Z,buy,1.02e-06,1799.0,0.00183498
VIB/BTC,1607947064029,2020-12-14T11:57:44.029Z,sell,1.01e-06,14109.0,0.01425009
VIB/BTC,1607947080672,2020-12-14T11:58:00.672Z,buy,1.02e-06,100.0,0.000102
VIB/BTC,1607947114083,2020-12-14T11:58:34.083Z,sell,1.01e-06,99009.0,0.09999909
VIB/BTC,1607947161242,2020-12-14T11:59:21.242Z,sell,1.01e-06,100.0,0.000101
VIB/BTC,1607947218402,2020-12-14T12:00:18.402Z,sell,1e-06,100.0,0.0001
VIB/BTC,1607947221738,2020-12-14T12:00:21.738Z,sell,1e-06,100.0,0.0001
VIB/BTC,1607947225883,2020-12-14T12:00:25.883Z,buy,1.02e-06,100.0,0.000102
VIB/BTC,1607947309712,2020-12-14T12:01:49.712Z,buy,1.02e-06,64080.0,0.0653615999999999
VIB/BTC,1607947310297,2020-12-14T12:01:50.297Z,buy,1.02e-06,587.0,0.00059874
VIB/BTC,1607947486807,2020-12-14T12:04:46.807Z,sell,1e-06,4436.0,0.004436
VIB/BTC,1607947618777,2020-12-14T12:06:58.777Z,sell,1e-06,2107.0,0.002107
VIB/BTC,1607947667759,2020-12-14T12:07:47.759Z,buy,1.01e-06,100.0,0.000101
VIB/BTC,1607947924015,2020-12-14T12:12:04.015Z,buy,1.01e-06,617.0,0.00062317
VIB/BTC,1607948051151,2020-12-14T12:14:11.151Z,sell,1e-06,1327.0,0.0013269999999999
VIB/BTC,1607948065842,2020-12-14T12:14:25.842Z,sell,1e-06,46359.0,0.046359
VIB/BTC,1607948089159,2020-12-14T12:14:49.159Z,sell,1e-06,14608.0,0.014608
VIB/BTC,1607948089167,2020-12-14T12:14:49.167Z,buy,1e-06,11162.0,0.011162
VIB/BTC,1607948089176,2020-12-14T12:14:49.176Z,buy,1e-06,9011.0,0.009011
VIB/BTC,1607948089177,2020-12-14T12:14:49.177Z,buy,1e-06,3000.0,0.003
VIB/BTC,1607948135574,2020-12-14T12:15:35.574Z,buy,1e-06,209.0,0.0002089999999999
VIB/BTC,1607948144336,2020-12-14T12:15:44.336Z,buy,1e-06,28.0,2.8e-05
VIB/BTC,1607948167875,2020-12-14T12:16:07.875Z,buy,1e-06,101.0,0.000101
VIB/BTC,1607948167875,2020-12-14T12:16:07.875Z,buy,1e-06,101.0,0.000101
VIB/BTC,1607948379904,2020-12-14T12:19:39.904Z,sell,9.9e-07,198805.0,0.19681695
VIB/BTC,1607948380595,2020-12-14T12:19:40.595Z,sell,9.9e-07,6107.0,0.00604593
VIB/BTC,1607948381143,2020-12-14T12:19:41.143Z,sell,9.9e-07,114.0,0.00011286
VIB/BTC,1607948440681,2020-12-14T12:20:40.681Z,buy,1e-06,107.0,0.000107
VIB/BTC,1607948476533,2020-12-14T12:21:16.533Z,sell,9.9e-07,3030.0,0.0029997
VIB/BTC,1607948526034,2020-12-14T12:22:06.034Z,sell,9.9e-07,13590.0,0.0134541
VIB/BTC,1607948552589,2020-12-14T12:22:32.589Z,buy,1e-06,105.0,0.0001049999999999
VIB/BTC,1607949205739,2020-12-14T12:33:25.739Z,sell,9.9e-07,1057.0,0.00104643
VIB/BTC,1607949404928,2020-12-14T12:36:44.928Z,sell,9.9e-07,411.0,0.00040689
VIB/BTC,1607949412914,2020-12-14T12:36:52.914Z,buy,1e-06,100.0,0.0001
VIB/BTC,1607949928563,2020-12-14T12:45:28.563Z,sell,9.9e-07,938.0,0.00092862
VIB/BTC,1607950008408,2020-12-14T12:46:48.408Z,buy,1e-06,100.0,0.0001
VIB/BTC,1607950918439,2020-12-14T13:01:58.439Z,buy,1e-06,103.0,0.000103
VIB/BTC,1607950918439,2020-12-14T13:01:58.439Z,buy,1e-06,103.0,0.000103
VIB/BTC,1607952037578,2020-12-14T13:20:37.578Z,sell,9.9e-07,3251.0,0.00321849
VIB/BTC,1607952096398,2020-12-14T13:21:36.398Z,buy,1e-06,103.0,0.000103
VIB/BTC,1607952240873,2020-12-14T13:24:00.873Z,buy,1e-06,57113.0,0.057113
VIB/BTC,1607952507325,2020-12-14T13:28:27.325Z,sell,9.9e-07,3000.0,0.00297
VIB/BTC,1607952680410,2020-12-14T13:31:20.410Z,buy,1e-06,31646.0,0.031646
VIB/BTC,1607953256041,2020-12-14T13:40:56.041Z,buy,1e-06,7979.0,0.007979
VIB/BTC,1607953256234,2020-12-14T13:40:56.234Z,buy,1e-06,3421.0,0.003421
VIB/BTC,1607954106923,2020-12-14T13:55:06.923Z,buy,1e-06,1045.0,0.001045
VIB/BTC,1607954144654,2020-12-14T13:55:44.654Z,sell,9.9e-07,248.0,0.00024552
VIB/BTC,1607954338641,2020-12-14T13:58:58.641Z,sell,9.9e-07,406.0,0.00040194
VIB/BTC,1607954345500,2020-12-14T13:59:05.500Z,buy,1e-06,100.0,0.0001
VIB/BTC,1607954382785,2020-12-14T13:59:42.785Z,sell,9.9e-07,5544.0,0.00548856
VIB/BTC,1607954386448,2020-12-14T13:59:46.448Z,buy,1e-06,100.0,0.0001
VIB/BTC,1607954408235,2020-12-14T14:00:08.235Z,buy,1e-06,100.0,0.0001
VIB/BTC,1607954461976,2020-12-14T14:01:01.976Z,buy,1e-06,11071.0,0.011071
VIB/BTC,1607954481489,2020-12-14T14:01:21.489Z,buy,1.01e-06,100.0,0.000101
VIB/BTC,1607954509943,2020-12-14T14:01:49.943Z,buy,1.01e-06,80100.0,0.080901
VIB/BTC,1607954511378,2020-12-14T14:01:51.378Z,buy,1.01e-06,991.0,0.00100091
VIB/BTC,1607954514670,2020-12-14T14:01:54.670Z,buy,1.01e-06,119.0,0.00012019
VIB/BTC,1607954514670,2020-12-14T14:01:54.670Z,buy,1.01e-06,119.0,0.00012019
VIB/BTC,1607954531947,2020-12-14T14:02:11.947Z,buy,1.01e-06,35866.0,0.03622466
VIB/BTC,1607954531957,2020-12-14T14:02:11.957Z,sell,1.01e-06,5798.0,0.00585598
VIB/BTC,1607954531961,2020-12-14T14:02:11.961Z,sell,1.01e-06,2111.0,0.00213211
VIB/BTC,1607954531965,2020-12-14T14:02:11.965Z,sell,1.01e-06,3000.0,0.00303
VIB/BTC,1607954542855,2020-12-14T14:02:22.855Z,sell,1.01e-06,9419.0,0.00951319
VIB/BTC,1607954552224,2020-12-14T14:02:32.224Z,sell,1.01e-06,107.0,0.00010807
VIB/BTC,1607954593824,2020-12-14T14:03:13.824Z,sell,1.01e-06,400.0,0.000404
VIB/BTC,1607954596412,2020-12-14T14:03:16.412Z,sell,1.01e-06,3030.0,0.0030603
VIB/BTC,1607954599311,2020-12-14T14:03:19.311Z,buy,1.02e-06,100.0,0.000102
VIB/BTC,1607955084032,2020-12-14T14:11:24.032Z,buy,1.02e-06,38894.0,0.03967188
VIB/BTC,1607955087581,2020-12-14T14:11:27.581Z,buy,1.02e-06,118.0,0.0001203599999999
VIB/BTC,1607955207605,2020-12-14T14:13:27.605Z,buy,1.02e-06,99.0,0.00010098
VIB/BTC,1607955324671,2020-12-14T14:15:24.671Z,buy,1.02e-06,100.0,0.000102
VIB/BTC,1607955675955,2020-12-14T14:21:15.955Z,sell,1.01e-06,70972.0,0.07168172
VIB/BTC,1607955690997,2020-12-14T14:21:30.997Z,sell,1.01e-06,298.0,0.00030098
VIB/BTC,1607955696055,2020-12-14T14:21:36.055Z,buy,1.02e-06,99.0,0.00010098
VIB/BTC,1607955785111,2020-12-14T14:23:05.111Z,buy,1.02e-06,7687.0,0.00784074
VIB/BTC,1607956071727,2020-12-14T14:27:51.727Z,buy,1.02e-06,37668.0,0.03842136
VIB/BTC,1607956169777,2020-12-14T14:29:29.777Z,buy,1.02e-06,100.0,0.000102
VIB/BTC,1607956202586,2020-12-14T14:30:02.586Z,buy,1.02e-06,99.0,0.00010098
VIB/BTC,1607956374635,2020-12-14T14:32:54.635Z,sell,1.01e-06,100.0,0.000101
VIB/BTC,1607956382825,2020-12-14T14:33:02.825Z,sell,1.01e-06,100.0,0.000101
VIB/BTC,1607956387533,2020-12-14T14:33:07.533Z,buy,1.02e-06,100.0,0.000102
VIB/BTC,1607956537527,2020-12-14T14:35:37.527Z,buy,1.02e-06,99.0,0.00010098
VIB/BTC,1607956556994,2020-12-14T14:35:56.994Z,sell,1.01e-06,148.0,0.00014948
VIB/BTC,1607956562006,2020-12-14T14:36:02.006Z,sell,1.01e-06,149.0,0.00015049
VIB/BTC,1607956566593,2020-12-14T14:36:06.593Z,buy,1.02e-06,99.0,0.00010098
VIB/BTC,1607956653268,2020-12-14T14:37:33.268Z,sell,1.01e-06,517.0,0.00052217
VIB/BTC,1607956697657,2020-12-14T14:38:17.657Z,buy,1.02e-06,100.0,0.000102
VIB/BTC,1607957068206,2020-12-14T14:44:28.206Z,buy,1.02e-06,100.0,0.000102
VIB/BTC,1607957096350,2020-12-14T14:44:56.350Z,sell,1.01e-06,149.0,0.00015049
VIB/BTC,1607957103192,2020-12-14T14:45:03.192Z,sell,1.01e-06,150.0,0.0001515
VIB/BTC,1607957110520,2020-12-14T14:45:10.520Z,buy,1.02e-06,100.0,0.000102
VIB/BTC,1607957392174,2020-12-14T14:49:52.174Z,buy,1.02e-06,142.0,0.00014484
VIB/BTC,1607957398450,2020-12-14T14:49:58.450Z,sell,1.01e-06,100.0,0.000101
VIB/BTC,1607957403025,2020-12-14T14:50:03.025Z,sell,1.01e-06,100.0,0.000101
VIB/BTC,1607957408101,2020-12-14T14:50:08.101Z,buy,1.02e-06,100.0,0.000102
VIB/BTC,1607957598628,2020-12-14T14:53:18.628Z,sell,1.01e-06,198019.0,0.19999919
VIB/BTC,1607957613581,2020-12-14T14:53:33.581Z,buy,1.02e-06,100.0,0.000102
VIB/BTC,1607957654209,2020-12-14T14:54:14.209Z,sell,1.01e-06,2970.0,0.0029997
VIB/BTC,1607957696866,2020-12-14T14:54:56.866Z,buy,1.02e-06,100.0,0.000102
VIB/BTC,1607957713403,2020-12-14T14:55:13.403Z,sell,1.01e-06,2970.0,0.0029997
VIB/BTC,1607957723510,2020-12-14T14:55:23.510Z,sell,1.01e-06,341.0,0.00034441
VIB/BTC,1607957729223,2020-12-14T14:55:29.223Z,buy,1.02e-06,99.0,0.00010098
VIB/BTC,1607957978284,2020-12-14T14:59:38.284Z,buy,1.02e-06,139.0,0.00014178
VIB/BTC,1607957997259,2020-12-14T14:59:57.259Z,sell,1.01e-06,119.0,0.00012019
VIB/BTC,1607958002086,2020-12-14T15:00:02.086Z,sell,1.01e-06,119.0,0.00012019
VIB/BTC,1607958007542,2020-12-14T15:00:07.542Z,buy,1.02e-06,100.0,0.000102
VIB/BTC,1607958007542,2020-12-14T15:00:07.542Z,buy,1.02e-06,100.0,0.000102
VIB/BTC,1607958242737,2020-12-14T15:04:02.737Z,sell,1.01e-06,89108.0,0.08999908
VIB/BTC,1607958256118,2020-12-14T15:04:16.118Z,buy,1.02e-06,100.0,0.000102
VIB/BTC,1607958289470,2020-12-14T15:04:49.470Z,sell,1.01e-06,69306.0,0.06999906
VIB/BTC,1607958302710,2020-12-14T15:05:02.710Z,sell,1.01e-06,100.0,0.000101
VIB/BTC,1607958307760,2020-12-14T15:05:07.760Z,buy,1.02e-06,100.0,0.000102
VIB/BTC,1607958849029,2020-12-14T15:14:09.029Z,sell,1.01e-06,8698.0,0.00878498
VIB/BTC,1607958858158,2020-12-14T15:14:18.158Z,buy,1.02e-06,100.0,0.000102
VIB/BTC,1607958897448,2020-12-14T15:14:57.448Z,sell,1.01e-06,100.0,0.000101
VIB/BTC,1607958902948,2020-12-14T15:15:02.948Z,sell,1.01e-06,100.0,0.000101
VIB/BTC,1607958912371,2020-12-14T15:15:12.371Z,buy,1.02e-06,100.0,0.000102
VIB/BTC,1607959039079,2020-12-14T15:17:19.079Z,sell,1.01e-06,3470.0,0.0035047
VIB/BTC,1607959044753,2020-12-14T15:17:24.753Z,buy,1.02e-06,100.0,0.000102
VIB/BTC,1607959195946,2020-12-14T15:19:55.946Z,sell,1.01e-06,100.0,0.000101
VIB/BTC,1607959205693,2020-12-14T15:20:05.693Z,sell,1.01e-06,100.0,0.000101
VIB/BTC,1607959211608,2020-12-14T15:20:11.608Z,buy,1.02e-06,100.0,0.000102
VIB/BTC,1607959314880,2020-12-14T15:21:54.880Z,buy,1.02e-06,1745.0,0.0017799
VIB/BTC,1607959399925,2020-12-14T15:23:19.925Z,sell,1.01e-06,128712.0,0.12999912
VIB/BTC,1607959417883,2020-12-14T15:23:37.883Z,buy,1.02e-06,100.0,0.000102
VIB/BTC,1607959677090,2020-12-14T15:27:57.090Z,sell,1.01e-06,1499.0,0.00151399
VIB/BTC,1607959709236,2020-12-14T15:28:29.236Z,buy,1.01e-06,205.0,0.00020705
VIB/BTC,1607959987059,2020-12-14T15:33:07.059Z,sell,1e-06,560.0,0.00056
VIB/BTC,1607959999280,2020-12-14T15:33:19.280Z,sell,1e-06,299.0,0.000299
VIB/BTC,1607960003792,2020-12-14T15:33:23.792Z,buy,1.02e-06,100.0,0.000102
VIB/BTC,1607960101129,2020-12-14T15:35:01.129Z,sell,1e-06,200000.0,0.1999999999999999
VIB/BTC,1607960106979,2020-12-14T15:35:06.979Z,buy,1.01e-06,100.0,0.000101
VIB/BTC,1607960301422,2020-12-14T15:38:21.422Z,buy,1.01e-06,4204.0,0.00424604
VIB/BTC,1607960309219,2020-12-14T15:38:29.219Z,buy,1.01e-06,2102.0,0.00212302
VIB/BTC,1607960311529,2020-12-14T15:38:31.529Z,buy,1.01e-06,2103.0,0.00212403
VIB/BTC,1607960388723,2020-12-14T15:39:48.723Z,sell,1e-06,3432.0,0.0034319999999999
VIB/BTC,1607960403122,2020-12-14T15:40:03.122Z,buy,1.01e-06,100.0,0.000101
VIB/BTC,1607960985505,2020-12-14T15:49:45.505Z,sell,1e-06,80020.0,0.08002
VIB/BTC,1607961018969,2020-12-14T15:50:18.969Z,sell,1e-06,300.0,0.0003
VIB/BTC,1607961023670,2020-12-14T15:50:23.670Z,buy,1.01e-06,100.0,0.000101
VIB/BTC,1607961076483,2020-12-14T15:51:16.483Z,sell,1e-06,3000.0,0.003
VIB/BTC,1607961123960,2020-12-14T15:52:03.960Z,buy,1.01e-06,100.0,0.000101
VIB/BTC,1607961247269,2020-12-14T15:54:07.269Z,sell,1e-06,2688.0,0.002688
VIB/BTC,1607961258580,2020-12-14T15:54:18.580Z,buy,1.01e-06,100.0,0.000101
VIB/BTC,1607961319083,2020-12-14T15:55:19.083Z,sell,1e-06,37631.0,0.037631
VIB/BTC,1607961603173,2020-12-14T16:00:03.173Z,sell,1e-06,299.0,0.000299
VIB/BTC,1607961603173,2020-12-14T16:00:03.173Z,sell,1e-06,299.0,0.000299
VIB/BTC,1607961609125,2020-12-14T16:00:09.125Z,buy,1.01e-06,3193.0,0.00322493
VIB/BTC,1607961653839,2020-12-14T16:00:53.839Z,sell,1e-06,182705.0,0.1827049999999999
VIB/BTC,1607961670586,2020-12-14T16:01:10.586Z,buy,1.01e-06,100.0,0.000101
VIB/BTC,1607962162828,2020-12-14T16:09:22.828Z,buy,1.01e-06,296.0,0.00029896
VIB/BTC,1607962163485,2020-12-14T16:09:23.485Z,buy,1.01e-06,8993.0,0.00908293
VIB/BTC,1607962163505,2020-12-14T16:09:23.505Z,buy,1.01e-06,8993.0,0.00908293
VIB/BTC,1607962639533,2020-12-14T16:17:19.533Z,sell,1e-06,17366.0,0.017366
VIB/BTC,1607962639535,2020-12-14T16:17:19.535Z,sell,1e-06,8993.0,0.008993
VIB/BTC,1607962688524,2020-12-14T16:18:08.524Z,buy,1.01e-06,100.0,0.000101
VIB/BTC,1607962984801,2020-12-14T16:23:04.801Z,sell,1e-06,17687.0,0.0176869999999999
VIB/BTC,1607963003643,2020-12-14T16:23:23.643Z,buy,1.01e-06,100.0,0.000101
VIB/BTC,1607963629478,2020-12-14T16:33:49.478Z,sell,1e-06,111.0,0.000111
VIB/BTC,1607963660334,2020-12-14T16:34:20.334Z,sell,1e-06,300.0,0.0003
VIB/BTC,1607963665441,2020-12-14T16:34:25.441Z,buy,1.01e-06,108.0,0.00010908
VIB/BTC,1607964008068,2020-12-14T16:40:08.068Z,buy,1.01e-06,5565.0,0.00562065
VIB/BTC,1607965027864,2020-12-14T16:57:07.864Z,sell,1e-06,3027.0,0.0030269999999999
VIB/BTC,1607965047866,2020-12-14T16:57:27.866Z,buy,1.01e-06,100.0,0.000101
VIB/BTC,1607965047866,2020-12-14T16:57:27.866Z,buy,1.01e-06,100.0,0.000101
VIB/BTC,1607965210583,2020-12-14T17:00:10.583Z,sell,1e-06,4498.0,0.0044979999999999
VIB/BTC,1607965217998,2020-12-14T17:00:17.998Z,buy,1.01e-06,100.0,0.000101
VIB/BTC,1607966068721,2020-12-14T17:14:28.721Z,buy,1e-06,4369.0,0.004369
VIB/BTC,1607966071980,2020-12-14T17:14:31.980Z,buy,1.01e-06,729.0,0.00073629
VIB/BTC,1607966239878,2020-12-14T17:17:19.878Z,buy,1e-06,210.0,0.0002099999999999
VIB/BTC,1607966347890,2020-12-14T17:19:07.890Z,buy,1e-06,101.0,0.000101
VIB/BTC,1607966626656,2020-12-14T17:23:46.656Z,buy,1e-06,28487.0,0.028487
VIB/BTC,1607966633555,2020-12-14T17:23:53.555Z,buy,1e-06,14244.0,0.014244
VIB/BTC,1607966640479,2020-12-14T17:24:00.479Z,buy,1e-06,7122.0,0.007122
VIB/BTC,1607966647470,2020-12-14T17:24:07.470Z,buy,1e-06,3561.0,0.003561
VIB/BTC,1607966654577,2020-12-14T17:24:14.577Z,buy,1e-06,3205.0,0.003205
VIB/BTC,1607967039891,2020-12-14T17:30:39.891Z,buy,1e-06,10483.0,0.010483
VIB/BTC,1607967247346,2020-12-14T17:34:07.346Z,buy,1e-06,2791.0,0.002791
VIB/BTC,1607967247347,2020-12-14T17:34:07.347Z,buy,1e-06,999.0,0.0009989999999999
VIB/BTC,1607967421390,2020-12-14T17:37:01.390Z,buy,1e-06,79940.0,0.07994
VIB/BTC,1607967507579,2020-12-14T17:38:27.579Z,buy,1e-06,302.0,0.0003019999999999
VIB/BTC,1607967526875,2020-12-14T17:38:46.875Z,sell,9.9e-07,297.0,0.00029403
VIB/BTC,1607967550006,2020-12-14T17:39:10.006Z,sell,9.9e-07,308.0,0.00030492
VIB/BTC,1607967554412,2020-12-14T17:39:14.412Z,buy,1e-06,100.0,0.0001
VIB/BTC,1607968235949,2020-12-14T17:50:35.949Z,buy,1e-06,4230.0,0.0042299999999999
VIB/BTC,1607968310503,2020-12-14T17:51:50.503Z,buy,1e-06,654.0,0.000654
VIB/BTC,1607968314487,2020-12-14T17:51:54.487Z,sell,1e-06,115.0,0.0001149999999999
VIB/BTC,1607968315256,2020-12-14T17:51:55.256Z,sell,1e-06,113.0,0.000113
VIB/BTC,1607968315256,2020-12-14T17:51:55.256Z,sell,1e-06,113.0,0.000113
VIB/BTC,1607968784066,2020-12-14T17:59:44.066Z,sell,1e-06,4356.0,0.004356
VIB/BTC,1607968793605,2020-12-14T17:59:53.605Z,sell,1e-06,100.0,0.0001
VIB/BTC,1607968797607,2020-12-14T17:59:57.607Z,buy,1.01e-06,7000.0,0.00707
VIB/BTC,1607968807733,2020-12-14T18:00:07.733Z,buy,1.01e-06,100.0,0.000101
VIB/BTC,1607969836864,2020-12-14T18:17:16.864Z,sell,1e-06,135353.0,0.135353
VIB/BTC,1607969846366,2020-12-14T18:17:26.366Z,buy,1.01e-06,100.0,0.000101
VIB/BTC,1607969964116,2020-12-14T18:19:24.116Z,sell,1e-06,200.0,0.0001999999999999
VIB/BTC,1607969984520,2020-12-14T18:19:44.520Z,buy,1.01e-06,100.0,0.000101
VIB/BTC,1607970147379,2020-12-14T18:22:27.379Z,sell,1e-06,104.0,0.000104
VIB/BTC,1607970201968,2020-12-14T18:23:21.968Z,sell,1e-06,299.0,0.000299
VIB/BTC,1607970208102,2020-12-14T18:23:28.102Z,buy,1.01e-06,100.0,0.000101
VIB/BTC,1607970346180,2020-12-14T18:25:46.180Z,sell,1e-06,112.0,0.000112
VIB/BTC,1607970498600,2020-12-14T18:28:18.600Z,buy,1.01e-06,100.0,0.000101
VIB/BTC,1607970802564,2020-12-14T18:33:22.564Z,buy,1.01e-06,11193.0,0.01130493
VIB/BTC,1607970822722,2020-12-14T18:33:42.722Z,buy,1.01e-06,129.0,0.00013029
VIB/BTC,1607970970137,2020-12-14T18:36:10.137Z,buy,1.01e-06,145.0,0.00014645
VIB/BTC,1607971426020,2020-12-14T18:43:46.020Z,sell,1e-06,1306.0,0.0013059999999999
VIB/BTC,1607971450533,2020-12-14T18:44:10.533Z,sell,1e-06,1832.0,0.0018319999999999
VIB/BTC,1607971561008,2020-12-14T18:46:01.008Z,buy,1.01e-06,100.0,0.000101
VIB/BTC,1607971561008,2020-12-14T18:46:01.008Z,buy,1.01e-06,100.0,0.000101
VIB/BTC,1607972201073,2020-12-14T18:56:41.073Z,sell,1e-06,145.0,0.000145
VIB/BTC,1607972272612,2020-12-14T18:57:52.612Z,buy,1.01e-06,900.0,0.000909
VIB/BTC,1607972393213,2020-12-14T18:59:53.213Z,sell,1e-06,150.0,0.00015
VIB/BTC,1607972403264,2020-12-14T19:00:03.264Z,sell,1e-06,150.0,0.00015
VIB/BTC,1607972408687,2020-12-14T19:00:08.687Z,buy,1.01e-06,100.0,0.000101
VIB/BTC,1607973807980,2020-12-14T19:23:27.980Z,buy,1.01e-06,1533.0,0.00154833
VIB/BTC,1607973807980,2020-12-14T19:23:27.980Z,buy,1.01e-06,1533.0,0.00154833
VIB/BTC,1607975332431,2020-12-14T19:48:52.431Z,buy,1.01e-06,675.0,0.00068175
VIB/BTC,1607975685740,2020-12-14T19:54:45.740Z,sell,1e-06,33016.0,0.033016
VIB/BTC,1607975694864,2020-12-14T19:54:54.864Z,buy,1.01e-06,100.0,0.000101
VIB/BTC,1607975765958,2020-12-14T19:56:05.958Z,sell,1e-06,3000.0,0.003
VIB/BTC,1607975897927,2020-12-14T19:58:17.927Z,buy,1.01e-06,100.0,0.000101
VIB/BTC,1607976028727,2020-12-14T20:00:28.727Z,sell,1e-06,300.0,0.0003
VIB/BTC,1607976033715,2020-12-14T20:00:33.715Z,buy,1.01e-06,100.0,0.000101
VIB/BTC,1607976033715,2020-12-14T20:00:33.715Z,buy,1.01e-06,100.0,0.000101
VIB/BTC,1607978387050,2020-12-14T20:39:47.050Z,sell,1e-06,80604.0,0.080604
VIB/BTC,1607978387513,2020-12-14T20:39:47.513Z,buy,1e-06,701985.0,0.701985
VIB/BTC,1607978387742,2020-12-14T20:39:47.742Z,sell,1e-06,25376.0,0.025376
VIB/BTC,1607978395412,2020-12-14T20:39:55.412Z,sell,1e-06,20909.0,0.020909
VIB/BTC,1607978396145,2020-12-14T20:39:56.145Z,buy,1e-06,619169.0,0.619169
VIB/BTC,1607978403573,2020-12-14T20:40:03.573Z,sell,1e-06,9698.0,0.009698
VIB/BTC,1607978403883,2020-12-14T20:40:03.883Z,buy,1e-06,349922.0,0.349922
VIB/BTC,1607978410143,2020-12-14T20:40:10.143Z,buy,1.01e-06,100.0,0.000101
VIB/BTC,1607978414319,2020-12-14T20:40:14.319Z,sell,1e-06,6714.0,0.0067139999999999
VIB/BTC,1607978414762,2020-12-14T20:40:14.762Z,buy,1e-06,410554.0,0.410554
VIB/BTC,1607978417201,2020-12-14T20:40:17.201Z,buy,1.01e-06,100.0,0.000101
VIB/BTC,1607978422447,2020-12-14T20:40:22.447Z,sell,1e-06,275695.0,0.2756949999999999
VIB/BTC,1607978430495,2020-12-14T20:40:30.495Z,sell,1e-06,299.0,0.000299
VIB/BTC,1607978431144,2020-12-14T20:40:31.144Z,sell,1e-06,55853.0,0.055853
VIB/BTC,1607978431147,2020-12-14T20:40:31.147Z,buy,1e-06,408543.0,0.408543
VIB/BTC,1607978431163,2020-12-14T20:40:31.163Z,sell,1e-06,940.0,0.00094
VIB/BTC,1607978435296,2020-12-14T20:40:35.296Z,buy,1.01e-06,100.0,0.000101
VIB/BTC,1607978438643,2020-12-14T20:40:38.643Z,sell,1e-06,70893.0,0.070893
VIB/BTC,1607978438968,2020-12-14T20:40:38.968Z,buy,1e-06,281542.0,0.281542
VIB/BTC,1607978440279,2020-12-14T20:40:40.279Z,buy,1.01e-06,100.0,0.000101
VIB/BTC,1607978442831,2020-12-14T20:40:42.831Z,sell,1e-06,4204.0,0.0042039999999999
VIB/BTC,1607978445816,2020-12-14T20:40:45.816Z,sell,1e-06,2102.0,0.0021019999999999
VIB/BTC,1607978448319,2020-12-14T20:40:48.319Z,buy,1.01e-06,100.0,0.000101
VIB/BTC,1607978448929,2020-12-14T20:40:48.929Z,sell,1e-06,59823.0,0.0598229999999999
VIB/BTC,1607978449788,2020-12-14T20:40:49.788Z,buy,1e-06,216715.0,0.216715
VIB/BTC,1607978451139,2020-12-14T20:40:51.139Z,sell,1e-06,1051.0,0.0010509999999999
VIB/BTC,1607978453603,2020-12-14T20:40:53.603Z,sell,1e-06,1052.0,0.001052
VIB/BTC,1607978455548,2020-12-14T20:40:55.548Z,sell,1e-06,52174.0,0.052174
VIB/BTC,1607978455957,2020-12-14T20:40:55.957Z,buy,1e-06,132689.0,0.132689
VIB/BTC,1607978460714,2020-12-14T20:41:00.714Z,buy,1.01e-06,100.0,0.000101
VIB/BTC,1607978463125,2020-12-14T20:41:03.125Z,sell,1e-06,52528.0,0.052528
VIB/BTC,1607978464175,2020-12-14T20:41:04.175Z,buy,1e-06,338059.0,0.338059
VIB/BTC,1607978466840,2020-12-14T20:41:06.840Z,sell,1e-06,2847.0,0.0028469999999999
VIB/BTC,1607978470477,2020-12-14T20:41:10.477Z,sell,1e-06,40195.0,0.040195
VIB/BTC,1607978470775,2020-12-14T20:41:10.775Z,buy,1e-06,116666.0,0.1166659999999999
VIB/BTC,1607978471339,2020-12-14T20:41:11.339Z,sell,1e-06,193.0,0.000193
VIB/BTC,1607978474759,2020-12-14T20:41:14.759Z,buy,1.01e-06,100.0,0.000101
VIB/BTC,1607978479090,2020-12-14T20:41:19.090Z,sell,1e-06,37823.0,0.0378229999999999
VIB/BTC,1607978479930,2020-12-14T20:41:19.930Z,buy,1e-06,325908.0,0.325908
VIB/BTC,1607978479956,2020-12-14T20:41:19.956Z,buy,1.01e-06,1059.0,0.00106959
VIB/BTC,1607978481730,2020-12-14T20:41:21.730Z,buy,1.01e-06,100.0,0.000101
VIB/BTC,1607978486463,2020-12-14T20:41:26.463Z,sell,1e-06,41191.0,0.041191
VIB/BTC,1607978487297,2020-12-14T20:41:27.297Z,buy,1e-06,134134.0,0.134134
VIB/BTC,1607978492301,2020-12-14T20:41:32.301Z,sell,1e-06,300.0,0.0003
VIB/BTC,1607978496611,2020-12-14T20:41:36.611Z,buy,1.01e-06,100.0,0.000101
VIB/BTC,1607978513320,2020-12-14T20:41:53.320Z,sell,1e-06,106.0,0.000106
VIB/BTC,1607978516615,2020-12-14T20:41:56.615Z,buy,1.01e-06,100.0,0.000101
VIB/BTC,1607978789429,2020-12-14T20:46:29.429Z,sell,1e-06,59104.0,0.059104
VIB/BTC,1607978789434,2020-12-14T20:46:29.434Z,buy,1e-06,8884.0,0.008884
VIB/BTC,1607978789444,2020-12-14T20:46:29.444Z,buy,1e-06,7224.0,0.0072239999999999
VIB/BTC,1607978789880,2020-12-14T20:46:29.880Z,buy,1e-06,532334.0,0.532334
VIB/BTC,1607978793714,2020-12-14T20:46:33.714Z,sell,1e-06,7414.0,0.007414
VIB/BTC,1607978794973,2020-12-14T20:46:34.973Z,buy,1.01e-06,100.0,0.000101
VIB/BTC,1607978797417,2020-12-14T20:46:37.417Z,sell,1e-06,75164.0,0.075164
VIB/BTC,1607978798166,2020-12-14T20:46:38.166Z,buy,1e-06,338955.0,0.338955
VIB/BTC,1607978805716,2020-12-14T20:46:45.716Z,sell,1e-06,300.0,0.0003
VIB/BTC,1607978810206,2020-12-14T20:46:50.206Z,buy,1.01e-06,100.0,0.000101
VIB/BTC,1607978816582,2020-12-14T20:46:56.582Z,sell,1e-06,119851.0,0.119851
VIB/BTC,1607978816889,2020-12-14T20:46:56.889Z,buy,1e-06,380804.0,0.380804
VIB/BTC,1607978820755,2020-12-14T20:47:00.755Z,buy,1.01e-06,100.0,0.000101
VIB/BTC,1607978829072,2020-12-14T20:47:09.072Z,sell,1e-06,110617.0,0.110617
VIB/BTC,1607978829743,2020-12-14T20:47:09.743Z,buy,1e-06,312509.0,0.312509
VIB/BTC,1607978833318,2020-12-14T20:47:13.318Z,buy,1.01e-06,100.0,0.000101
VIB/BTC,1607978839780,2020-12-14T20:47:19.780Z,sell,1e-06,83867.0,0.083867
VIB/BTC,1607978840206,2020-12-14T20:47:20.206Z,buy,1e-06,229247.0,0.2292469999999999
VIB/BTC,1607978843460,2020-12-14T20:47:23.460Z,sell,1e-06,299.0,0.000299
VIB/BTC,1607978845740,2020-12-14T20:47:25.740Z,sell,1e-06,434201.0,0.434201
VIB/BTC,1607978848536,2020-12-14T20:47:28.536Z,buy,1.01e-06,100.0,0.000101
VIB/BTC,1607978853659,2020-12-14T20:47:33.659Z,sell,1e-06,79584.0,0.079584
VIB/BTC,1607978854296,2020-12-14T20:47:34.296Z,buy,1e-06,277670.0,0.27767
VIB/BTC,1607978861954,2020-12-14T20:47:41.954Z,sell,1e-06,263818.0,0.263818
VIB/BTC,1607978869437,2020-12-14T20:47:49.437Z,sell,1e-06,50936.0,0.0509359999999999
VIB/BTC,1607978870067,2020-12-14T20:47:50.067Z,buy,1e-06,119447.0,0.119447
VIB/BTC,1607978872552,2020-12-14T20:47:52.552Z,buy,1.01e-06,100.0,0.000101
VIB/BTC,1607978984892,2020-12-14T20:49:44.892Z,sell,1e-06,7049.0,0.007049
VIB/BTC,1607978993924,2020-12-14T20:49:53.924Z,buy,1.01e-06,100.0,0.000101
VIB/BTC,1607979255513,2020-12-14T20:54:15.513Z,buy,1.01e-06,141.0,0.00014241
VIB/BTC,1607979417363,2020-12-14T20:56:57.363Z,sell,1e-06,47568.0,0.047568
VIB/BTC,1607979446359,2020-12-14T20:57:26.359Z,buy,1e-06,930.0,0.0009299999999999
VIB/BTC,1607979449506,2020-12-14T20:57:29.506Z,sell,9.9e-07,42155.0,0.04173345
VIB/BTC,1607979450297,2020-12-14T20:57:30.297Z,buy,1e-06,3304.0,0.0033039999999999
VIB/BTC,1607979588694,2020-12-14T20:59:48.694Z,sell,9.9e-07,3304.0,0.00327096
VIB/BTC,1607979603530,2020-12-14T21:00:03.530Z,sell,9.9e-07,150.0,0.0001485
VIB/BTC,1607979624454,2020-12-14T21:00:24.454Z,sell,9.9e-07,300.0,0.000297
VIB/BTC,1607979628731,2020-12-14T21:00:28.731Z,buy,1e-06,100.0,0.0001
VIB/BTC,1607979628731,2020-12-14T21:00:28.731Z,buy,1e-06,100.0,0.0001
VIB/BTC,1607979857311,2020-12-14T21:04:17.311Z,buy,1e-06,636210.0,0.6362099999999999
VIB/BTC,1607979857682,2020-12-14T21:04:17.682Z,buy,1e-06,6537.0,0.0065369999999999
VIB/BTC,1607979867698,2020-12-14T21:04:27.698Z,buy,1e-06,49931.0,0.0499309999999999
VIB/BTC,1607979868094,2020-12-14T21:04:28.094Z,buy,1e-06,465399.0,0.4653989999999999
VIB/BTC,1607979868869,2020-12-14T21:04:28.869Z,buy,1.01e-06,101.0,0.00010201
VIB/BTC,1607979878803,2020-12-14T21:04:38.803Z,sell,1e-06,381081.0,0.381081
VIB/BTC,1607979887041,2020-12-14T21:04:47.041Z,sell,1e-06,53707.0,0.053707
VIB/BTC,1607979887067,2020-12-14T21:04:47.067Z,buy,1e-06,35950.0,0.0359499999999999
VIB/BTC,1607979887324,2020-12-14T21:04:47.324Z,buy,1e-06,363236.0,0.363236
VIB/BTC,1607979895640,2020-12-14T21:04:55.640Z,sell,1e-06,65971.0,0.065971
VIB/BTC,1607979895655,2020-12-14T21:04:55.655Z,buy,1e-06,35950.0,0.0359499999999999
VIB/BTC,1607979896017,2020-12-14T21:04:56.017Z,buy,1e-06,358639.0,0.358639
VIB/BTC,1607979903886,2020-12-14T21:05:03.886Z,sell,1e-06,117011.0,0.1170109999999999
VIB/BTC,1607979904277,2020-12-14T21:05:04.277Z,buy,1e-06,257344.0,0.2573439999999999
VIB/BTC,1607979905350,2020-12-14T21:05:05.350Z,buy,1.01e-06,100.0,0.000101
VIB/BTC,1607979913614,2020-12-14T21:05:13.614Z,sell,1e-06,145613.0,0.145613
VIB/BTC,1607979913648,2020-12-14T21:05:13.648Z,buy,1e-06,16341.0,0.0163409999999999
VIB/BTC,1607979914008,2020-12-14T21:05:14.008Z,buy,1e-06,124778.0,0.124778
VIB/BTC,1607979922456,2020-12-14T21:05:22.456Z,buy,1.01e-06,100.0,0.000101
VIB/BTC,1607979925773,2020-12-14T21:05:25.773Z,sell,1e-06,160065.0,0.1600649999999999
VIB/BTC,1607979926134,2020-12-14T21:05:26.134Z,buy,1e-06,264427.0,0.2644269999999999
VIB/BTC,1607979936683,2020-12-14T21:05:36.683Z,sell,1e-06,1874.0,0.001874
VIB/BTC,1607979939640,2020-12-14T21:05:39.640Z,sell,1e-06,1499.0,0.001499
VIB/BTC,1607979943004,2020-12-14T21:05:43.004Z,sell,1e-06,2624.0,0.002624
VIB/BTC,1607979945649,2020-12-14T21:05:45.649Z,sell,1e-06,600.0,0.0006
VIB/BTC,1607979947012,2020-12-14T21:05:47.012Z,sell,1e-06,1968.0,0.0019679999999999
VIB/BTC,1607979950495,2020-12-14T21:05:50.495Z,buy,1.01e-06,100.0,0.000101
VIB/BTC,1607979951099,2020-12-14T21:05:51.099Z,sell,1e-06,3519.0,0.003519
VIB/BTC,1607979955608,2020-12-14T21:05:55.608Z,sell,1e-06,1783.0,0.0017829999999999
VIB/BTC,1607979957709,2020-12-14T21:05:57.709Z,buy,1.01e-06,100.0,0.000101
VIB/BTC,1607979960046,2020-12-14T21:06:00.046Z,sell,1e-06,16893.0,0.016893
VIB/BTC,1607979963594,2020-12-14T21:06:03.594Z,sell,1e-06,4692.0,0.004692
VIB/BTC,1607979965646,2020-12-14T21:06:05.646Z,buy,1.01e-06,100.0,0.000101
VIB/BTC,1607979969126,2020-12-14T21:06:09.126Z,sell,1e-06,2396.0,0.0023959999999999
VIB/BTC,1607979973549,2020-12-14T21:06:13.549Z,sell,1e-06,710.0,0.00071
VIB/BTC,1607979973927,2020-12-14T21:06:13.927Z,buy,1.01e-06,100.0,0.000101
VIB/BTC,1607979979201,2020-12-14T21:06:19.201Z,sell,1e-06,375.0,0.000375
VIB/BTC,1607979983211,2020-12-14T21:06:23.211Z,sell,1e-06,1642.0,0.001642
VIB/BTC,1607979987722,2020-12-14T21:06:27.722Z,sell,1e-06,703.0,0.000703
VIB/BTC,1607979991171,2020-12-14T21:06:31.171Z,sell,1e-06,6569.0,0.0065689999999999
VIB/BTC,1607979992626,2020-12-14T21:06:32.626Z,sell,1e-06,593.0,0.000593
VIB/BTC,1607979994755,2020-12-14T21:06:34.755Z,buy,1.01e-06,100.0,0.000101
VIB/BTC,1607979996025,2020-12-14T21:06:36.025Z,sell,1e-06,4240.0,0.00424
VIB/BTC,1607979999396,2020-12-14T21:06:39.396Z,sell,1e-06,14096.0,0.014096
VIB/BTC,1607980004919,2020-12-14T21:06:44.919Z,sell,1e-06,187.0,0.000187
VIB/BTC,1607980009871,2020-12-14T21:06:49.871Z,buy,1.01e-06,100.0,0.000101
VIB/BTC,1607980010175,2020-12-14T21:06:50.175Z,sell,1e-06,875.0,0.0008749999999999
VIB/BTC,1607980013456,2020-12-14T21:06:53.456Z,sell,1e-06,1308.0,0.001308
VIB/BTC,1607980015972,2020-12-14T21:06:55.972Z,sell,1e-06,4573.0,0.004573
VIB/BTC,1607980018789,2020-12-14T21:06:58.789Z,sell,1e-06,3148.0,0.0031479999999999
VIB/BTC,1607980021948,2020-12-14T21:07:01.948Z,sell,1e-06,11433.0,0.0114329999999999
VIB/BTC,1607980026933,2020-12-14T21:07:06.933Z,sell,1e-06,914.0,0.000914
VIB/BTC,1607980031379,2020-12-14T21:07:11.379Z,sell,1e-06,8543.0,0.008543
VIB/BTC,1607980035670,2020-12-14T21:07:15.670Z,sell,1e-06,582.0,0.0005819999999999
VIB/BTC,1607980038777,2020-12-14T21:07:18.777Z,sell,1e-06,610.0,0.00061
VIB/BTC,1607980041573,2020-12-14T21:07:21.573Z,sell,1e-06,751.0,0.0007509999999999
VIB/BTC,1607980043443,2020-12-14T21:07:23.443Z,sell,1e-06,3000.0,0.003
VIB/BTC,1607980045439,2020-12-14T21:07:25.439Z,sell,1e-06,798.0,0.000798
VIB/BTC,1607980049852,2020-12-14T21:07:29.852Z,sell,1e-06,914.0,0.000914
VIB/BTC,1607980054428,2020-12-14T21:07:34.428Z,sell,1e-06,3100.0,0.0031
VIB/BTC,1607980059379,2020-12-14T21:07:39.379Z,sell,1e-06,2080.0,0.00208
VIB/BTC,1607980065506,2020-12-14T21:07:45.506Z,sell,1e-06,604.0,0.0006039999999999
VIB/BTC,1607980068943,2020-12-14T21:07:48.943Z,sell,1e-06,3100.0,0.0031
VIB/BTC,1607980074973,2020-12-14T21:07:54.973Z,sell,1e-06,406.0,0.000406
VIB/BTC,1607980080045,2020-12-14T21:08:00.045Z,sell,1e-06,168.0,0.000168
VIB/BTC,1607980085478,2020-12-14T21:08:05.478Z,sell,1e-06,8914.0,0.008914
VIB/BTC,1607980095420,2020-12-14T21:08:15.420Z,sell,1e-06,385.0,0.000385
VIB/BTC,1607980099464,2020-12-14T21:08:19.464Z,sell,1e-06,1471.0,0.0014709999999999
VIB/BTC,1607980105459,2020-12-14T21:08:25.459Z,sell,1e-06,7127.0,0.007127
VIB/BTC,1607980111540,2020-12-14T21:08:31.540Z,sell,1e-06,255.0,0.0002549999999999
VIB/BTC,1607980121109,2020-12-14T21:08:41.109Z,sell,1e-06,3643.0,0.003643
VIB/BTC,1607980128094,2020-12-14T21:08:48.094Z,sell,1e-06,4113.0,0.0041129999999999
VIB/BTC,1607980132756,2020-12-14T21:08:52.756Z,sell,1e-06,6426.0,0.0064259999999999
VIB/BTC,1607980140769,2020-12-14T21:09:00.769Z,sell,1e-06,670.0,0.00067
VIB/BTC,1607980203376,2020-12-14T21:10:03.376Z,buy,1.01e-06,4064.0,0.00410464
VIB/BTC,1607980227454,2020-12-14T21:10:27.454Z,sell,1e-06,23593.0,0.023593
VIB/BTC,1607980445917,2020-12-14T21:14:05.917Z,buy,1.01e-06,589.0,0.00059489
VIB/BTC,1607980518656,2020-12-14T21:15:18.656Z,buy,1.01e-06,3953.0,0.00399253
VIB/BTC,1607980562139,2020-12-14T21:16:02.139Z,buy,1.01e-06,9010.0,0.0091001
VIB/BTC,1607980569426,2020-12-14T21:16:09.426Z,buy,1.01e-06,980.0,0.0009898
VIB/BTC,1607980640631,2020-12-14T21:17:20.631Z,buy,1.01e-06,13514.0,0.01364914
VIB/BTC,1607980787739,2020-12-14T21:19:47.739Z,sell,1e-06,4433.0,0.0044329999999999
VIB/BTC,1607980983963,2020-12-14T21:23:03.963Z,buy,1.01e-06,3600.0,0.003636
VIB/BTC,1607980990437,2020-12-14T21:23:10.437Z,buy,1.01e-06,2394.0,0.00241794
VIB/BTC,1607981064133,2020-12-14T21:24:24.133Z,buy,1.01e-06,3864.0,0.00390264
VIB/BTC,1607981293847,2020-12-14T21:28:13.847Z,sell,1e-06,11869.0,0.011869
VIB/BTC,1607981464337,2020-12-14T21:31:04.337Z,buy,1.01e-06,3466.0,0.00350066
VIB/BTC,1607981610724,2020-12-14T21:33:30.724Z,buy,1.01e-06,48877.0,0.04936577
VIB/BTC,1607981611296,2020-12-14T21:33:31.296Z,buy,1.01e-06,2305.0,0.00232805
VIB/BTC,1607981611860,2020-12-14T21:33:31.860Z,buy,1.01e-06,109.0,0.00011009
VIB/BTC,1607981649690,2020-12-14T21:34:09.690Z,sell,1e-06,4107.0,0.0041069999999999
VIB/BTC,1607981680546,2020-12-14T21:34:40.546Z,sell,1e-06,1851.0,0.001851
VIB/BTC,1607981841381,2020-12-14T21:37:21.381Z,buy,1.01e-06,60484.0,0.06108884
VIB/BTC,1607981909965,2020-12-14T21:38:29.965Z,buy,1.01e-06,1376.0,0.00138976
VIB/BTC,1607982116085,2020-12-14T21:41:56.085Z,buy,1.01e-06,3596.0,0.00363196
VIB/BTC,1607982117522,2020-12-14T21:41:57.522Z,buy,1.01e-06,25584.0,0.02583984
VIB/BTC,1607982117773,2020-12-14T21:41:57.773Z,buy,1.01e-06,13280.0,0.0134128
VIB/BTC,1607982118728,2020-12-14T21:41:58.728Z,buy,1.01e-06,5758.0,0.00581558
VIB/BTC,1607982118964,2020-12-14T21:41:58.964Z,buy,1.01e-06,7892.0,0.00797092
VIB/BTC,1607982118964,2020-12-14T21:41:58.964Z,buy,1.01e-06,7892.0,0.00797092
VIB/BTC,1607983710249,2020-12-14T22:08:30.249Z,buy,1.01e-06,147.0,0.00014847
VIB/BTC,1607984755761,2020-12-14T22:25:55.761Z,buy,1.01e-06,251.0,0.00025351
VIB/BTC,1607985005944,2020-12-14T22:30:05.944Z,buy,1.01e-06,45332.0,0.04578532
VIB/BTC,1607985251706,2020-12-14T22:34:11.706Z,sell,1e-06,587.0,0.000587
VIB/BTC,1607985646488,2020-12-14T22:40:46.488Z,sell,1e-06,226.0,0.000226
VIB/BTC,1607985646488,2020-12-14T22:40:46.488Z,sell,1e-06,226.0,0.000226
VIB/BTC,1607987698852,2020-12-14T23:14:58.852Z,sell,1e-06,100000.0,0.0999999999999999
VIB/BTC,1607987775587,2020-12-14T23:16:15.587Z,sell,1e-06,3000.0,0.003
VIB/BTC,1607987893684,2020-12-14T23:18:13.684Z,sell,1e-06,100000.0,0.0999999999999999
VIB/BTC,1607987951317,2020-12-14T23:19:11.317Z,sell,1e-06,10185.0,0.010185
VIB/BTC,1607987951317,2020-12-14T23:19:11.317Z,sell,1e-06,10185.0,0.010185
VIB/BTC,1607987951319,2020-12-14T23:19:11.319Z,sell,1e-06,10185.0,0.010185
VIB/BTC,1607987951319,2020-12-14T23:19:11.319Z,sell,1e-06,10185.0,0.010185
VIB/BTC,1607990422663,2020-12-15T00:00:22.663Z,sell,1e-06,40000.0,0.04
VIB/BTC,1607990489878,2020-12-15T00:01:29.878Z,sell,1e-06,200.0,0.0001999999999999
VIB/BTC,1607990497709,2020-12-15T00:01:37.709Z,buy,1.01e-06,100.0,0.000101
VIB/BTC,1607990816290,2020-12-15T00:06:56.290Z,buy,1.01e-06,100.0,0.000101
VIB/BTC,1607991352914,2020-12-15T00:15:52.914Z,sell,1e-06,1271.0,0.001271
VIB/BTC,1607991402919,2020-12-15T00:16:42.919Z,buy,1e-06,210.0,0.0002099999999999
VIB/BTC,1607991542501,2020-12-15T00:19:02.501Z,sell,9.9e-07,16963.0,0.01679337
VIB/BTC,1607991542501,2020-12-15T00:19:02.501Z,sell,9.9e-07,16963.0,0.01679337
VIB/BTC,1607991560134,2020-12-15T00:19:20.134Z,sell,9.9e-07,400.0,0.000396
VIB/BTC,1607991565668,2020-12-15T00:19:25.668Z,buy,1e-06,100.0,0.0001
VIB/BTC,1607991685026,2020-12-15T00:21:25.026Z,sell,9.9e-07,3000.0,0.00297
VIB/BTC,1607991699684,2020-12-15T00:21:39.684Z,buy,1e-06,100.0,0.0001
VIB/BTC,1607992725825,2020-12-15T00:38:45.825Z,buy,1e-06,102.0,0.000102
VIB/BTC,1607993106337,2020-12-15T00:45:06.337Z,buy,1e-06,352.0,0.000352
VIB/BTC,1607993110503,2020-12-15T00:45:10.503Z,buy,1e-06,231.0,0.0002309999999999
VIB/BTC,1607993129977,2020-12-15T00:45:29.977Z,buy,1e-06,229.0,0.0002289999999999
VIB/BTC,1607993222475,2020-12-15T00:47:02.475Z,sell,9.9e-07,111245.0,0.11013255
VIB/BTC,1607993253963,2020-12-15T00:47:33.963Z,buy,1e-06,100.0,0.0001
VIB/BTC,1607993273457,2020-12-15T00:47:53.457Z,buy,1e-06,276.0,0.000276
VIB/BTC,1607994056534,2020-12-15T01:00:56.534Z,buy,1e-06,15014.0,0.015014
VIB/BTC,1607994316522,2020-12-15T01:05:16.522Z,sell,9.9e-07,482.0,0.00047718
VIB/BTC,1607994332191,2020-12-15T01:05:32.191Z,buy,1e-06,100.0,0.0001
VIB/BTC,1607994383280,2020-12-15T01:06:23.280Z,sell,9.9e-07,3703.0,0.00366597
VIB/BTC,1607994383280,2020-12-15T01:06:23.280Z,sell,9.8e-07,5192.0,0.0050881599999999
VIB/BTC,1607994383698,2020-12-15T01:06:23.698Z,buy,9.9e-07,1350.0,0.0013365
VIB/BTC,1607994388763,2020-12-15T01:06:28.763Z,buy,9.9e-07,1010.0,0.0009999
VIB/BTC,1607994495226,2020-12-15T01:08:15.226Z,sell,9.9e-07,410.0,0.0004059
VIB/BTC,1607994500951,2020-12-15T01:08:20.951Z,buy,1e-06,100.0,0.0001
VIB/BTC,1607994621198,2020-12-15T01:10:21.198Z,sell,9.9e-07,564.0,0.00055836
VIB/BTC,1607994627939,2020-12-15T01:10:27.939Z,buy,1e-06,100.0,0.0001
VIB/BTC,1607994627939,2020-12-15T01:10:27.939Z,buy,1e-06,100.0,0.0001
VIB/BTC,1607996151842,2020-12-15T01:35:51.842Z,sell,9.9e-07,2056.0,0.00203544
VIB/BTC,1607996167929,2020-12-15T01:36:07.929Z,buy,9.9e-07,102.0,0.00010098
VIB/BTC,1607996178050,2020-12-15T01:36:18.050Z,buy,1e-06,100.0,0.0001
VIB/BTC,1607996237023,2020-12-15T01:37:17.023Z,sell,9.8e-07,3030.0,0.0029693999999999
VIB/BTC,1607996243560,2020-12-15T01:37:23.560Z,buy,9.9e-07,100.0,9.9e-05
VIB/BTC,1607996268233,2020-12-15T01:37:48.233Z,buy,9.9e-07,308.0,0.00030492
VIB/BTC,1607996296492,2020-12-15T01:38:16.492Z,sell,9.8e-07,129869.0,0.12727162
VIB/BTC,1607996323194,2020-12-15T01:38:43.194Z,buy,9.9e-07,110.0,0.0001089
VIB/BTC,1607996360357,2020-12-15T01:39:20.357Z,sell,9.8e-07,8583.0,0.00841134
VIB/BTC,1607996360368,2020-12-15T01:39:20.368Z,buy,9.9e-07,36.0,3.5640000000000004e-05
VIB/BTC,1607996363517,2020-12-15T01:39:23.517Z,sell,9.8e-07,17407.0,0.01705886
VIB/BTC,1607996363524,2020-12-15T01:39:23.524Z,buy,9.8e-07,597.0,0.00058506
VIB/BTC,1607996363524,2020-12-15T01:39:23.524Z,buy,9.8e-07,597.0,0.00058506
VIB/BTC,1607996363525,2020-12-15T01:39:23.525Z,buy,9.8e-07,597.0,0.00058506
VIB/BTC,1607996363525,2020-12-15T01:39:23.525Z,buy,9.8e-07,597.0,0.00058506
VIB/BTC,1607996363525,2020-12-15T01:39:23.525Z,buy,9.8e-07,597.0,0.00058506
VIB/BTC,1607996363525,2020-12-15T01:39:23.525Z,buy,9.8e-07,597.0,0.00058506
VIB/BTC,1607996363525,2020-12-15T01:39:23.525Z,buy,9.8e-07,597.0,0.00058506
VIB/BTC,1607996363525,2020-12-15T01:39:23.525Z,buy,9.8e-07,597.0,0.00058506
VIB/BTC,1607996363525,2020-12-15T01:39:23.525Z,buy,9.8e-07,597.0,0.00058506
VIB/BTC,1607996363525,2020-12-15T01:39:23.525Z,buy,9.8e-07,597.0,0.00058506
VIB/BTC,1607996363525,2020-12-15T01:39:23.525Z,buy,9.8e-07,597.0,0.00058506
VIB/BTC,1607996363526,2020-12-15T01:39:23.526Z,buy,9.8e-07,597.0,0.00058506
VIB/BTC,1607996363526,2020-12-15T01:39:23.526Z,buy,9.8e-07,597.0,0.00058506
VIB/BTC,1607996363526,2020-12-15T01:39:23.526Z,buy,9.8e-07,597.0,0.00058506
VIB/BTC,1607996363526,2020-12-15T01:39:23.526Z,buy,9.8e-07,597.0,0.00058506
VIB/BTC,1607996363527,2020-12-15T01:39:23.527Z,buy,9.8e-07,597.0,0.00058506
VIB/BTC,1607996363527,2020-12-15T01:39:23.527Z,buy,9.8e-07,597.0,0.00058506
VIB/BTC,1607996363527,2020-12-15T01:39:23.527Z,buy,9.8e-07,597.0,0.00058506
VIB/BTC,1607996363527,2020-12-15T01:39:23.527Z,buy,9.8e-07,597.0,0.00058506
VIB/BTC,1607996363528,2020-12-15T01:39:23.528Z,buy,9.8e-07,597.0,0.00058506
VIB/BTC,1607996363528,2020-12-15T01:39:23.528Z,buy,9.8e-07,597.0,0.00058506
VIB/BTC,1607996363528,2020-12-15T01:39:23.528Z,buy,9.8e-07,597.0,0.00058506
VIB/BTC,1607996363528,2020-12-15T01:39:23.528Z,buy,9.8e-07,597.0,0.00058506
VIB/BTC,1607996363528,2020-12-15T01:39:23.528Z,buy,9.8e-07,597.0,0.00058506
VIB/BTC,1607996363529,2020-12-15T01:39:23.529Z,buy,9.8e-07,597.0,0.00058506
VIB/BTC,1607996363529,2020-12-15T01:39:23.529Z,buy,9.8e-07,597.0,0.00058506
VIB/BTC,1607996363529,2020-12-15T01:39:23.529Z,buy,9.8e-07,597.0,0.00058506
VIB/BTC,1607996363529,2020-12-15T01:39:23.529Z,buy,9.8e-07,597.0,0.00058506
VIB/BTC,1607996363529,2020-12-15T01:39:23.529Z,buy,9.8e-07,597.0,0.00058506
VIB/BTC,1607996363529,2020-12-15T01:39:23.529Z,buy,9.8e-07,597.0,0.00058506
VIB/BTC,1607996363529,2020-12-15T01:39:23.529Z,buy,9.8e-07,597.0,0.00058506
VIB/BTC,1607996363529,2020-12-15T01:39:23.529Z,buy,9.8e-07,597.0,0.00058506
VIB/BTC,1607996363529,2020-12-15T01:39:23.529Z,buy,9.8e-07,597.0,0.00058506
VIB/BTC,1607996363530,2020-12-15T01:39:23.530Z,buy,9.8e-07,597.0,0.00058506
VIB/BTC,1607996363530,2020-12-15T01:39:23.530Z,buy,9.8e-07,597.0,0.00058506
VIB/BTC,1607996363530,2020-12-15T01:39:23.530Z,buy,9.8e-07,597.0,0.00058506
VIB/BTC,1607996363531,2020-12-15T01:39:23.531Z,buy,9.8e-07,597.0,0.00058506
VIB/BTC,1607996363532,2020-12-15T01:39:23.532Z,buy,9.8e-07,597.0,0.00058506
VIB/BTC,1607996363532,2020-12-15T01:39:23.532Z,buy,9.8e-07,597.0,0.00058506
VIB/BTC,1607996363532,2020-12-15T01:39:23.532Z,buy,9.8e-07,597.0,0.00058506
VIB/BTC,1607996363532,2020-12-15T01:39:23.532Z,buy,9.8e-07,597.0,0.00058506
VIB/BTC,1607996363533,2020-12-15T01:39:23.533Z,buy,9.8e-07,597.0,0.00058506
VIB/BTC,1607996363534,2020-12-15T01:39:23.534Z,buy,9.8e-07,7257.0,0.0071118599999999
VIB/BTC,1607996363534,2020-12-15T01:39:23.534Z,buy,9.8e-07,597.0,0.00058506
VIB/BTC,1607996363536,2020-12-15T01:39:23.536Z,buy,9.8e-07,597.0,0.00058506
VIB/BTC,1607996363537,2020-12-15T01:39:23.537Z,buy,9.8e-07,597.0,0.00058506
VIB/BTC,1607996363970,2020-12-15T01:39:23.970Z,buy,9.8e-07,4441.0,0.00435218
VIB/BTC,1607996364115,2020-12-15T01:39:24.115Z,buy,9.8e-07,9887.0,0.00968926
VIB/BTC,1607996364973,2020-12-15T01:39:24.973Z,buy,9.8e-07,1360.0,0.0013327999999999
VIB/BTC,1607996375138,2020-12-15T01:39:35.138Z,buy,9.8e-07,1122.0,0.0010995599999999
VIB/BTC,1607996408691,2020-12-15T01:40:08.691Z,buy,9.8e-07,64546.0,0.0632550799999999
VIB/BTC,1607996419206,2020-12-15T01:40:19.206Z,sell,9.8e-07,3658.0,0.0035848399999999
VIB/BTC,1607996557483,2020-12-15T01:42:37.483Z,sell,9.8e-07,364.0,0.00035672
VIB/BTC,1607996611333,2020-12-15T01:43:31.333Z,sell,9.8e-07,900.0,0.000882
VIB/BTC,1607996693379,2020-12-15T01:44:53.379Z,sell,9.8e-07,800.0,0.000784
VIB/BTC,1607996762424,2020-12-15T01:46:02.424Z,sell,9.8e-07,561.0,0.0005497799999999
VIB/BTC,1607996891964,2020-12-15T01:48:11.964Z,sell,9.8e-07,813.0,0.00079674
VIB/BTC,1607996900892,2020-12-15T01:48:20.892Z,sell,9.8e-07,6616.0,0.0064836799999999
VIB/BTC,1607997344644,2020-12-15T01:55:44.644Z,buy,9.9e-07,432.0,0.00042768
VIB/BTC,1607997561414,2020-12-15T01:59:21.414Z,buy,9.9e-07,418.0,0.00041382
VIB/BTC,1607997561414,2020-12-15T01:59:21.414Z,buy,9.9e-07,418.0,0.00041382
VIB/BTC,1607998752578,2020-12-15T02:19:12.578Z,sell,9.8e-07,9248.0,0.00906304
VIB/BTC,1607999259493,2020-12-15T02:27:39.493Z,sell,9.8e-07,4995.0,0.0048950999999999
VIB/BTC,1607999481534,2020-12-15T02:31:21.534Z,sell,9.8e-07,146.0,0.00014308
VIB/BTC,1607999682603,2020-12-15T02:34:42.603Z,sell,9.8e-07,40479.0,0.03966942
VIB/BTC,1608000085784,2020-12-15T02:41:25.784Z,buy,9.9e-07,315.0,0.00031185
VIB/BTC,1608001022909,2020-12-15T02:57:02.909Z,sell,9.8e-07,8061.0,0.0078997799999999
VIB/BTC,1608001022909,2020-12-15T02:57:02.909Z,sell,9.8e-07,8061.0,0.0078997799999999
VIB/BTC,1608001386872,2020-12-15T03:03:06.872Z,sell,9.8e-07,15930.0,0.0156114
VIB/BTC,1608001448001,2020-12-15T03:04:08.001Z,buy,9.8e-07,213.0,0.0002087399999999
VIB/BTC,1608001743607,2020-12-15T03:09:03.607Z,buy,9.8e-07,2551.0,0.0024999799999999
VIB/BTC,1608002003671,2020-12-15T03:13:23.671Z,buy,9.8e-07,15994.0,0.01567412
VIB/BTC,1608002463486,2020-12-15T03:21:03.486Z,buy,9.8e-07,2551.0,0.0024999799999999
VIB/BTC,1608002704823,2020-12-15T03:25:04.823Z,sell,9.7e-07,59452.0,0.05766844
VIB/BTC,1608002705161,2020-12-15T03:25:05.161Z,sell,9.7e-07,11111.0,0.01077767
VIB/BTC,1608003714019,2020-12-15T03:41:54.019Z,buy,9.8e-07,53369.0,0.0523016199999999
VIB/BTC,1608003714019,2020-12-15T03:41:54.019Z,buy,9.8e-07,53369.0,0.0523016199999999
VIB/BTC,1608007413551,2020-12-15T04:43:33.551Z,buy,9.8e-07,3889.0,0.0038112199999999
VIB/BTC,1608007443026,2020-12-15T04:44:03.026Z,sell,9.7e-07,27305.0,0.02648585
VIB/BTC,1608007506826,2020-12-15T04:45:06.826Z,buy,9.8e-07,13885.0,0.0136073
VIB/BTC,1608007506826,2020-12-15T04:45:06.826Z,buy,9.8e-07,13885.0,0.0136073
VIB/BTC,1608008050595,2020-12-15T04:54:10.595Z,buy,9.8e-07,706.0,0.00069188
VIB/BTC,1608009590533,2020-12-15T05:19:50.533Z,sell,9.7e-07,11807.0,0.01145279
VIB/BTC,1608009590533,2020-12-15T05:19:50.533Z,sell,9.7e-07,11807.0,0.01145279
VIB/BTC,1608012655676,2020-12-15T06:10:55.676Z,buy,9.8e-07,1135.0,0.0011122999999999
VIB/BTC,1608012860041,2020-12-15T06:14:20.041Z,buy,9.8e-07,1122.0,0.0010995599999999
VIB/BTC,1608012860041,2020-12-15T06:14:20.041Z,buy,9.8e-07,1122.0,0.0010995599999999
VIB/BTC,1608013693142,2020-12-15T06:28:13.142Z,sell,9.7e-07,4718.0,0.00457646
VIB/BTC,1608014798968,2020-12-15T06:46:38.968Z,buy,9.8e-07,2437.0,0.0023882599999999
VIB/BTC,1608016143916,2020-12-15T07:09:03.916Z,buy,9.8e-07,961.0,0.0009417799999999
VIB/BTC,1608016143921,2020-12-15T07:09:03.921Z,buy,9.8e-07,4085.0,0.0040033
VIB/BTC,1608016267154,2020-12-15T07:11:07.154Z,buy,9.8e-07,427.0,0.0004184599999999
VIB/BTC,1608016267154,2020-12-15T07:11:07.154Z,buy,9.8e-07,427.0,0.0004184599999999
VIB/BTC,1608016267155,2020-12-15T07:11:07.155Z,buy,9.8e-07,427.0,0.0004184599999999
VIB/BTC,1608016267155,2020-12-15T07:11:07.155Z,buy,9.8e-07,427.0,0.0004184599999999
VIB/BTC,1608016267155,2020-12-15T07:11:07.155Z,buy,9.8e-07,427.0,0.0004184599999999
VIB/BTC,1608016267155,2020-12-15T07:11:07.155Z,buy,9.8e-07,427.0,0.0004184599999999
VIB/BTC,1608016267155,2020-12-15T07:11:07.155Z,buy,9.8e-07,427.0,0.0004184599999999
VIB/BTC,1608016267155,2020-12-15T07:11:07.155Z,buy,9.8e-07,427.0,0.0004184599999999
VIB/BTC,1608016267155,2020-12-15T07:11:07.155Z,buy,9.8e-07,427.0,0.0004184599999999
VIB/BTC,1608016267156,2020-12-15T07:11:07.156Z,buy,9.8e-07,427.0,0.0004184599999999
VIB/BTC,1608016267156,2020-12-15T07:11:07.156Z,buy,9.8e-07,427.0,0.0004184599999999
VIB/BTC,1608016267157,2020-12-15T07:11:07.157Z,buy,9.8e-07,427.0,0.0004184599999999
VIB/BTC,1608016267157,2020-12-15T07:11:07.157Z,buy,9.8e-07,427.0,0.0004184599999999
VIB/BTC,1608016267157,2020-12-15T07:11:07.157Z,buy,9.8e-07,427.0,0.0004184599999999
VIB/BTC,1608016267157,2020-12-15T07:11:07.157Z,buy,9.8e-07,427.0,0.0004184599999999
VIB/BTC,1608016267158,2020-12-15T07:11:07.158Z,buy,9.8e-07,19209.0,0.01882482
VIB/BTC,1608016267159,2020-12-15T07:11:07.159Z,buy,9.8e-07,427.0,0.0004184599999999
VIB/BTC,1608016267159,2020-12-15T07:11:07.159Z,buy,9.8e-07,427.0,0.0004184599999999
VIB/BTC,1608016267159,2020-12-15T07:11:07.159Z,buy,9.8e-07,427.0,0.0004184599999999
VIB/BTC,1608016267159,2020-12-15T07:11:07.159Z,buy,9.8e-07,427.0,0.0004184599999999
VIB/BTC,1608016267159,2020-12-15T07:11:07.159Z,buy,9.8e-07,427.0,0.0004184599999999
VIB/BTC,1608016267160,2020-12-15T07:11:07.160Z,buy,9.8e-07,427.0,0.0004184599999999
VIB/BTC,1608016267160,2020-12-15T07:11:07.160Z,buy,9.8e-07,427.0,0.0004184599999999
VIB/BTC,1608016267160,2020-12-15T07:11:07.160Z,buy,9.8e-07,427.0,0.0004184599999999
VIB/BTC,1608016267160,2020-12-15T07:11:07.160Z,buy,9.8e-07,427.0,0.0004184599999999
VIB/BTC,1608016267160,2020-12-15T07:11:07.160Z,buy,9.8e-07,427.0,0.0004184599999999
VIB/BTC,1608016267160,2020-12-15T07:11:07.160Z,buy,9.8e-07,427.0,0.0004184599999999
VIB/BTC,1608016267161,2020-12-15T07:11:07.161Z,buy,9.8e-07,427.0,0.0004184599999999
VIB/BTC,1608016267161,2020-12-15T07:11:07.161Z,buy,9.8e-07,427.0,0.0004184599999999
VIB/BTC,1608016267161,2020-12-15T07:11:07.161Z,buy,9.8e-07,950.0,0.000931
VIB/BTC,1608016267161,2020-12-15T07:11:07.161Z,buy,9.8e-07,427.0,0.0004184599999999
VIB/BTC,1608016267161,2020-12-15T07:11:07.161Z,buy,9.8e-07,427.0,0.0004184599999999
VIB/BTC,1608016267161,2020-12-15T07:11:07.161Z,buy,9.8e-07,427.0,0.0004184599999999
VIB/BTC,1608016267162,2020-12-15T07:11:07.162Z,buy,9.8e-07,427.0,0.0004184599999999
VIB/BTC,1608016267162,2020-12-15T07:11:07.162Z,buy,9.8e-07,427.0,0.0004184599999999
VIB/BTC,1608016267162,2020-12-15T07:11:07.162Z,buy,9.8e-07,427.0,0.0004184599999999
VIB/BTC,1608016267162,2020-12-15T07:11:07.162Z,buy,9.8e-07,427.0,0.0004184599999999
VIB/BTC,1608016267162,2020-12-15T07:11:07.162Z,buy,9.8e-07,9469.0,0.0092796199999999
VIB/BTC,1608016267163,2020-12-15T07:11:07.163Z,buy,9.8e-07,427.0,0.0004184599999999
VIB/BTC,1608016267163,2020-12-15T07:11:07.163Z,buy,9.8e-07,427.0,0.0004184599999999
VIB/BTC,1608016267163,2020-12-15T07:11:07.163Z,buy,9.8e-07,427.0,0.0004184599999999
VIB/BTC,1608016267163,2020-12-15T07:11:07.163Z,buy,9.8e-07,427.0,0.0004184599999999
VIB/BTC,1608016267163,2020-12-15T07:11:07.163Z,buy,9.8e-07,427.0,0.0004184599999999
VIB/BTC,1608016267163,2020-12-15T07:11:07.163Z,buy,9.8e-07,427.0,0.0004184599999999
VIB/BTC,1608016267165,2020-12-15T07:11:07.165Z,buy,9.8e-07,427.0,0.0004184599999999
VIB/BTC,1608016267166,2020-12-15T07:11:07.166Z,buy,9.8e-07,427.0,0.0004184599999999
VIB/BTC,1608016267168,2020-12-15T07:11:07.168Z,buy,9.8e-07,427.0,0.0004184599999999
VIB/BTC,1608016267169,2020-12-15T07:11:07.169Z,buy,9.8e-07,427.0,0.0004184599999999
VIB/BTC,1608016267172,2020-12-15T07:11:07.172Z,buy,9.8e-07,1365.0,0.0013376999999999
VIB/BTC,1608016267174,2020-12-15T07:11:07.174Z,buy,9.8e-07,548.0,0.0005370399999999
VIB/BTC,1608016267176,2020-12-15T07:11:07.176Z,buy,9.8e-07,4247.0,0.0041620599999999
VIB/BTC,1608016267186,2020-12-15T07:11:07.186Z,buy,9.8e-07,550.0,0.000539
VIB/BTC,1608016267186,2020-12-15T07:11:07.186Z,buy,9.8e-07,550.0,0.000539
VIB/BTC,1608016473585,2020-12-15T07:14:33.585Z,buy,9.8e-07,96938.0,0.09499924
VIB/BTC,1608016495938,2020-12-15T07:14:55.938Z,buy,9.8e-07,20337.0,0.0199302599999999
VIB/BTC,1608016495944,2020-12-15T07:14:55.944Z,sell,9.8e-07,12380.0,0.0121324
VIB/BTC,1608016495954,2020-12-15T07:14:55.954Z,sell,9.8e-07,961.0,0.0009417799999999
VIB/BTC,1608016495962,2020-12-15T07:14:55.962Z,sell,9.8e-07,2896.0,0.0028380799999999
VIB/BTC,1608016495964,2020-12-15T07:14:55.964Z,sell,9.8e-07,13017.0,0.01275666
VIB/BTC,1608016495975,2020-12-15T07:14:55.975Z,sell,9.8e-07,12381.0,0.01213338
VIB/BTC,1608016495986,2020-12-15T07:14:55.986Z,sell,9.8e-07,550.0,0.000539
VIB/BTC,1608016496063,2020-12-15T07:14:56.063Z,sell,9.8e-07,18784.0,0.01840832
VIB/BTC,1608016496128,2020-12-15T07:14:56.128Z,sell,9.8e-07,2326.0,0.00227948
VIB/BTC,1608016496425,2020-12-15T07:14:56.425Z,sell,9.8e-07,5270.0,0.0051645999999999
VIB/BTC,1608016502800,2020-12-15T07:15:02.800Z,sell,9.8e-07,141.0,0.0001381799999999
VIB/BTC,1608016514212,2020-12-15T07:15:14.212Z,buy,9.9e-07,158.0,0.00015642
VIB/BTC,1608016811754,2020-12-15T07:20:11.754Z,buy,9.9e-07,33.0,3.2670000000000004e-05
VIB/BTC,1608018482767,2020-12-15T07:48:02.767Z,sell,9.8e-07,503.0,0.00049294
VIB/BTC,1608018684096,2020-12-15T07:51:24.096Z,sell,9.8e-07,183.0,0.00017934
VIB/BTC,1608018943903,2020-12-15T07:55:43.903Z,sell,9.8e-07,978.0,0.00095844
VIB/BTC,1608019109510,2020-12-15T07:58:29.510Z,sell,9.8e-07,1743.0,0.00170814
VIB/BTC,1608019382676,2020-12-15T08:03:02.676Z,sell,9.8e-07,10167.0,0.00996366
VIB/BTC,1608019772364,2020-12-15T08:09:32.364Z,buy,9.9e-07,177.0,0.00017523
VIB/BTC,1608019772364,2020-12-15T08:09:32.364Z,buy,9.9e-07,177.0,0.00017523
VIB/BTC,1608020694532,2020-12-15T08:24:54.532Z,buy,9.9e-07,12626.0,0.01249974
VIB/BTC,1608020836363,2020-12-15T08:27:16.363Z,buy,9.9e-07,22080.0,0.0218592
VIB/BTC,1608021536199,2020-12-15T08:38:56.199Z,sell,9.8e-07,145902.0,0.14298396
VIB/BTC,1608021536664,2020-12-15T08:38:56.664Z,buy,9.8e-07,28072.0,0.02751056
VIB/BTC,1608021536865,2020-12-15T08:38:56.865Z,sell,9.8e-07,363.0,0.0003557399999999
VIB/BTC,1608021542661,2020-12-15T08:39:02.661Z,sell,9.8e-07,196.0,0.00019208
VIB/BTC,1608021548716,2020-12-15T08:39:08.716Z,sell,9.8e-07,28631.0,0.0280583799999999
VIB/BTC,1608021591100,2020-12-15T08:39:51.100Z,sell,9.8e-07,13753.0,0.0134779399999999
VIB/BTC,1608021591656,2020-12-15T08:39:51.656Z,buy,9.8e-07,367292.0,0.3599461599999999
VIB/BTC,1608021595463,2020-12-15T08:39:55.463Z,sell,9.8e-07,91823.0,0.0899865399999999
VIB/BTC,1608021608467,2020-12-15T08:40:08.467Z,sell,9.8e-07,78258.0,0.07669284
VIB/BTC,1608021610217,2020-12-15T08:40:10.217Z,sell,9.8e-07,259068.0,0.25388664
VIB/BTC,1608021614026,2020-12-15T08:40:14.026Z,buy,9.8e-07,20388.0,0.01998024
VIB/BTC,1608021634400,2020-12-15T08:40:34.400Z,sell,9.8e-07,5134.0,0.00503132
VIB/BTC,1608021634895,2020-12-15T08:40:34.895Z,sell,9.8e-07,106.0,0.0001038799999999
VIB/BTC,1608021677941,2020-12-15T08:41:17.941Z,sell,9.8e-07,283165.0,0.2775016999999999
VIB/BTC,1608021685183,2020-12-15T08:41:25.183Z,buy,9.9e-07,698436.0,0.69145164
VIB/BTC,1608021709127,2020-12-15T08:41:49.127Z,sell,9.8e-07,547098.0,0.53615604
VIB/BTC,1608021710559,2020-12-15T08:41:50.559Z,sell,9.8e-07,540.0,0.0005292
VIB/BTC,1608021710574,2020-12-15T08:41:50.574Z,sell,9.8e-07,2184.0,0.00214032
VIB/BTC,1608021710973,2020-12-15T08:41:50.973Z,sell,9.8e-07,2194.0,0.0021501199999999
VIB/BTC,1608021718364,2020-12-15T08:41:58.364Z,buy,9.9e-07,270590.0,0.2678841
VIB/BTC,1608022119994,2020-12-15T08:48:39.994Z,buy,9.9e-07,158.0,0.00015642
VIB/BTC,1608022149908,2020-12-15T08:49:09.908Z,sell,9.8e-07,305535.0,0.2994243
VIB/BTC,1608022165099,2020-12-15T08:49:25.099Z,sell,9.8e-07,397017.0,0.3890766599999999
VIB/BTC,1608022214662,2020-12-15T08:50:14.662Z,buy,9.9e-07,172595.0,0.17086905
VIB/BTC,1608022220750,2020-12-15T08:50:20.750Z,buy,9.9e-07,99242.0,0.09824958
VIB/BTC,1608022228114,2020-12-15T08:50:28.114Z,buy,9.9e-07,56568.0,0.05600232
VIB/BTC,1608022232072,2020-12-15T08:50:32.072Z,buy,9.9e-07,54871.0,0.05432229
VIB/BTC,1608022596048,2020-12-15T08:56:36.048Z,buy,9.9e-07,1011275.0,1.00116225
VIB/BTC,1608022606299,2020-12-15T08:56:46.299Z,buy,9.9e-07,11014.0,0.01090386
VIB/BTC,1608022606315,2020-12-15T08:56:46.315Z,sell,9.9e-07,3001.0,0.00297099
VIB/BTC,1608022606432,2020-12-15T08:56:46.432Z,sell,9.9e-07,531554.0,0.5262384600000001
VIB/BTC,1608022609311,2020-12-15T08:56:49.311Z,buy,9.9e-07,2000.0,0.00198
VIB/BTC,1608022611665,2020-12-15T08:56:51.665Z,buy,9.9e-07,2000.0,0.00198
VIB/BTC,1608022614206,2020-12-15T08:56:54.206Z,buy,9.9e-07,422.0,0.00041778
VIB/BTC,1608022621978,2020-12-15T08:57:01.978Z,buy,1e-06,158.0,0.000158
VIB/BTC,1608022622337,2020-12-15T08:57:02.337Z,sell,9.9e-07,4578.0,0.00453222
VIB/BTC,1608022622770,2020-12-15T08:57:02.770Z,buy,9.9e-07,419897.0,0.41569803
VIB/BTC,1608022632032,2020-12-15T08:57:12.032Z,buy,9.9e-07,358840.0,0.3552516
VIB/BTC,1608022644866,2020-12-15T08:57:24.866Z,buy,9.9e-07,12407.0,0.01228293
VIB/BTC,1608022651311,2020-12-15T08:57:31.311Z,buy,9.9e-07,9205.0,0.00911295
VIB/BTC,1608022657716,2020-12-15T08:57:37.716Z,buy,9.9e-07,2184.0,0.00216216
VIB/BTC,1608022659411,2020-12-15T08:57:39.411Z,buy,9.9e-07,102.0,0.00010098
VIB/BTC,1608022663220,2020-12-15T08:57:43.220Z,buy,9.9e-07,6553.0,0.00648747
VIB/BTC,1608022666548,2020-12-15T08:57:46.548Z,buy,9.9e-07,1341.0,0.00132759
VIB/BTC,1608022672112,2020-12-15T08:57:52.112Z,buy,9.9e-07,1560.0,0.0015444
VIB/BTC,1608022676567,2020-12-15T08:57:56.567Z,buy,9.9e-07,5179.0,0.00512721
VIB/BTC,1608022684493,2020-12-15T08:58:04.493Z,sell,9.9e-07,608965.0,0.60287535
VIB/BTC,1608022684564,2020-12-15T08:58:04.564Z,buy,9.9e-07,38.0,3.762e-05
VIB/BTC,1608022694517,2020-12-15T08:58:14.517Z,buy,9.9e-07,6085.0,0.00602415
VIB/BTC,1608022697944,2020-12-15T08:58:17.944Z,buy,9.9e-07,3120.0,0.0030888
VIB/BTC,1608022702346,2020-12-15T08:58:22.346Z,buy,9.9e-07,1872.0,0.00185328
VIB/BTC,1608022706621,2020-12-15T08:58:26.621Z,buy,9.9e-07,5461.0,0.00540639
VIB/BTC,1608022712438,2020-12-15T08:58:32.438Z,buy,9.9e-07,468.0,0.00046332
VIB/BTC,1608022726734,2020-12-15T08:58:46.734Z,buy,9.9e-07,126.0,0.00012474
VIB/BTC,1608022732041,2020-12-15T08:58:52.041Z,buy,9.9e-07,234.0,0.00023166
VIB/BTC,1608022734995,2020-12-15T08:58:54.995Z,buy,9.9e-07,390.0,0.0003861
VIB/BTC,1608022737802,2020-12-15T08:58:57.802Z,buy,9.9e-07,670.0,0.0006633
VIB/BTC,1608022741145,2020-12-15T08:59:01.145Z,buy,9.9e-07,936.0,0.00092664
VIB/BTC,1608022745122,2020-12-15T08:59:05.122Z,buy,9.9e-07,218.0,0.00021582
VIB/BTC,1608022749276,2020-12-15T08:59:09.276Z,buy,9.9e-07,327.0,0.00032373
VIB/BTC,1608022792882,2020-12-15T08:59:52.882Z,buy,9.9e-07,389977.0,0.38607723
VIB/BTC,1608022800525,2020-12-15T09:00:00.525Z,buy,9.9e-07,212833.0,0.21070467
VIB/BTC,1608022806898,2020-12-15T09:00:06.898Z,buy,9.9e-07,148023.0,0.14654277
VIB/BTC,1608022816415,2020-12-15T09:00:16.415Z,buy,9.9e-07,230041.0,0.22774059
VIB/BTC,1608022826360,2020-12-15T09:00:26.360Z,buy,9.9e-07,545124.0,0.53967276
VIB/BTC,1608022836174,2020-12-15T09:00:36.174Z,buy,9.9e-07,550912.0,0.54540288
VIB/BTC,1608022836185,2020-12-15T09:00:36.185Z,sell,9.9e-07,1854.0,0.00183546
VIB/BTC,1608022836191,2020-12-15T09:00:36.191Z,sell,9.9e-07,5571.0,0.00551529
VIB/BTC,1608022836258,2020-12-15T09:00:36.258Z,sell,9.9e-07,190933.0,0.18902367
VIB/BTC,1608022861455,2020-12-15T09:01:01.455Z,sell,9.9e-07,4215.0,0.00417285
VIB/BTC,1608022861788,2020-12-15T09:01:01.788Z,sell,9.8e-07,950.0,0.000931
VIB/BTC,1608022865732,2020-12-15T09:01:05.732Z,buy,9.9e-07,84825.0,0.08397675
VIB/BTC,1608022868691,2020-12-15T09:01:08.691Z,buy,9.9e-07,67860.0,0.0671814
VIB/BTC,1608022879620,2020-12-15T09:01:19.620Z,buy,9.9e-07,271439.0,0.26872461
VIB/BTC,1608022882147,2020-12-15T09:01:22.147Z,buy,9.9e-07,169748.0,0.16805052
VIB/BTC,1608022884810,2020-12-15T09:01:24.810Z,buy,9.9e-07,123453.0,0.12221847
VIB/BTC,1608022887823,2020-12-15T09:01:27.823Z,buy,9.9e-07,61727.0,0.06110973
VIB/BTC,1608022889262,2020-12-15T09:01:29.262Z,sell,9.8e-07,950.0,0.000931
VIB/BTC,1608022955008,2020-12-15T09:02:35.008Z,sell,9.8e-07,165010.0,0.1617098
VIB/BTC,1608022972923,2020-12-15T09:02:52.923Z,buy,9.8e-07,472233.0,0.4627883399999999
VIB/BTC,1608022974916,2020-12-15T09:02:54.916Z,buy,9.8e-07,321118.0,0.31469564
VIB/BTC,1608022976980,2020-12-15T09:02:56.980Z,buy,9.8e-07,151115.0,0.1480927
VIB/BTC,1608022978977,2020-12-15T09:02:58.977Z,buy,9.8e-07,113336.0,0.1110692799999999
VIB/BTC,1608022980630,2020-12-15T09:03:00.630Z,buy,9.8e-07,66113.0,0.06479074
VIB/BTC,1608022982422,2020-12-15T09:03:02.422Z,buy,9.8e-07,198338.0,0.19437124
VIB/BTC,1608022983839,2020-12-15T09:03:03.839Z,buy,9.8e-07,132225.0,0.1295805
VIB/BTC,1608022986381,2020-12-15T09:03:06.381Z,buy,9.8e-07,85002.0,0.08330196
VIB/BTC,1608022988385,2020-12-15T09:03:08.385Z,buy,9.8e-07,56668.0,0.0555346399999999
VIB/BTC,1608023025697,2020-12-15T09:03:45.697Z,buy,9.8e-07,211.0,0.00020678
VIB/BTC,1608023258194,2020-12-15T09:07:38.194Z,sell,9.7e-07,84616.0,0.08207752
VIB/BTC,1608023259312,2020-12-15T09:07:39.312Z,buy,9.7e-07,1691.0,0.00164027
VIB/BTC,1608023265483,2020-12-15T09:07:45.483Z,buy,9.7e-07,24859.0,0.02411323
VIB/BTC,1608023319682,2020-12-15T09:08:39.682Z,sell,9.7e-07,201283.0,0.19524451
VIB/BTC,1608023319682,2020-12-15T09:08:39.682Z,sell,9.7e-07,201283.0,0.19524451
VIB/BTC,1608023393738,2020-12-15T09:09:53.738Z,buy,9.8e-07,352.0,0.0003449599999999
VIB/BTC,1608023397906,2020-12-15T09:09:57.906Z,buy,9.8e-07,219.0,0.0002146199999999
VIB/BTC,1608023403861,2020-12-15T09:10:03.861Z,buy,9.8e-07,1123.0,0.00110054
VIB/BTC,1608023409666,2020-12-15T09:10:09.666Z,buy,9.8e-07,130.0,0.0001273999999999
VIB/BTC,1608023412444,2020-12-15T09:10:12.444Z,buy,9.8e-07,587.0,0.00057526
VIB/BTC,1608023418503,2020-12-15T09:10:18.503Z,buy,9.8e-07,507.0,0.00049686
VIB/BTC,1608023421635,2020-12-15T09:10:21.635Z,buy,9.8e-07,198.0,0.0001940399999999
VIB/BTC,1608023426701,2020-12-15T09:10:26.701Z,buy,9.8e-07,671.0,0.00065758
VIB/BTC,1608023430288,2020-12-15T09:10:30.288Z,buy,9.8e-07,197.0,0.00019306
VIB/BTC,1608023435206,2020-12-15T09:10:35.206Z,buy,9.8e-07,972.0,0.00095256
VIB/BTC,1608023437663,2020-12-15T09:10:37.663Z,buy,9.8e-07,256.0,0.00025088
VIB/BTC,1608023544625,2020-12-15T09:12:24.625Z,buy,9.8e-07,347.0,0.00034006
VIB/BTC,1608023549663,2020-12-15T09:12:29.663Z,buy,9.8e-07,713.0,0.00069874
VIB/BTC,1608023552761,2020-12-15T09:12:32.761Z,sell,9.7e-07,13467.0,0.01306299
VIB/BTC,1608023552780,2020-12-15T09:12:32.780Z,sell,9.7e-07,53867.0,0.05225099
VIB/BTC,1608023557015,2020-12-15T09:12:37.015Z,buy,9.8e-07,175.0,0.0001715
VIB/BTC,1608023697897,2020-12-15T09:14:57.897Z,sell,9.7e-07,67334.0,0.06531398
VIB/BTC,1608023734947,2020-12-15T09:15:34.947Z,sell,9.7e-07,212265.0,0.20589705
VIB/BTC,1608023751442,2020-12-15T09:15:51.442Z,buy,9.8e-07,394.0,0.00038612
VIB/BTC,1608023754426,2020-12-15T09:15:54.426Z,buy,9.8e-07,511.0,0.0005007799999999
VIB/BTC,1608023758213,2020-12-15T09:15:58.213Z,buy,9.8e-07,1089.0,0.00106722
VIB/BTC,1608023762321,2020-12-15T09:16:02.321Z,buy,9.8e-07,416.0,0.00040768
VIB/BTC,1608023764821,2020-12-15T09:16:04.821Z,buy,9.8e-07,550.0,0.000539
VIB/BTC,1608023768397,2020-12-15T09:16:08.397Z,buy,9.8e-07,214.0,0.00020972
VIB/BTC,1608023771738,2020-12-15T09:16:11.738Z,buy,9.8e-07,161.0,0.00015778
VIB/BTC,1608023776989,2020-12-15T09:16:16.989Z,buy,9.8e-07,1047.0,0.0010260599999999
VIB/BTC,1608023783210,2020-12-15T09:16:23.210Z,buy,9.8e-07,523.0,0.0005125399999999
VIB/BTC,1608023812930,2020-12-15T09:16:52.930Z,sell,9.7e-07,15841.0,0.01536577
VIB/BTC,1608023822913,2020-12-15T09:17:02.913Z,buy,9.8e-07,389.0,0.00038122
VIB/BTC,1608023829460,2020-12-15T09:17:09.460Z,buy,9.8e-07,174.0,0.00017052
VIB/BTC,1608023835597,2020-12-15T09:17:15.597Z,buy,9.8e-07,335.0,0.0003282999999999
VIB/BTC,1608023839237,2020-12-15T09:17:19.237Z,buy,9.8e-07,241.0,0.0002361799999999
VIB/BTC,1608023843734,2020-12-15T09:17:23.734Z,buy,9.8e-07,884.0,0.00086632
VIB/BTC,1608023849081,2020-12-15T09:17:29.081Z,buy,9.8e-07,120.0,0.0001175999999999
VIB/BTC,1608024096744,2020-12-15T09:21:36.744Z,sell,9.7e-07,100000.0,0.097
VIB/BTC,1608024096780,2020-12-15T09:21:36.780Z,buy,9.7e-07,1000.0,0.00097
VIB/BTC,1608024168616,2020-12-15T09:22:48.616Z,buy,9.7e-07,212.0,0.00020564
VIB/BTC,1608024324455,2020-12-15T09:25:24.455Z,sell,9.6e-07,3167.0,0.0030403199999999
VIB/BTC,1608024664377,2020-12-15T09:31:04.377Z,buy,9.7e-07,7116.0,0.00690252
VIB/BTC,1608024900404,2020-12-15T09:35:00.404Z,buy,9.8e-07,149678.0,0.14668444
VIB/BTC,1608024921483,2020-12-15T09:35:21.483Z,buy,9.8e-07,540.0,0.0005292
VIB/BTC,1608025171489,2020-12-15T09:39:31.489Z,buy,9.8e-07,1010.0,0.0009897999999999
VIB/BTC,1608025172219,2020-12-15T09:39:32.219Z,buy,9.8e-07,100204.0,0.09819992
VIB/BTC,1608025314588,2020-12-15T09:41:54.588Z,sell,9.7e-07,53786.0,0.05217242
VIB/BTC,1608025321887,2020-12-15T09:42:01.887Z,buy,9.7e-07,433.0,0.00042001
VIB/BTC,1608025353350,2020-12-15T09:42:33.350Z,sell,9.7e-07,28013.0,0.02717261
VIB/BTC,1608025427836,2020-12-15T09:43:47.836Z,buy,9.7e-07,2935.0,0.00284695
VIB/BTC,1608025488228,2020-12-15T09:44:48.228Z,sell,9.7e-07,2935.0,0.00284695
VIB/BTC,1608025672848,2020-12-15T09:47:52.848Z,buy,9.7e-07,258.0,0.00025026
VIB/BTC,1608025852492,2020-12-15T09:50:52.492Z,sell,9.6e-07,154.0,0.00014784
VIB/BTC,1608025864004,2020-12-15T09:51:04.004Z,buy,9.7e-07,155213.0,0.15055661
VIB/BTC,1608025865779,2020-12-15T09:51:05.779Z,sell,9.7e-07,2913.0,0.00282561
VIB/BTC,1608025899191,2020-12-15T09:51:39.191Z,buy,9.7e-07,73937.0,0.07171889
VIB/BTC,1608025906631,2020-12-15T09:51:46.631Z,buy,9.7e-07,6634.0,0.00643498
VIB/BTC,1608025929466,2020-12-15T09:52:09.466Z,buy,9.7e-07,26643.0,0.02584371
VIB/BTC,1608025949194,2020-12-15T09:52:29.194Z,buy,9.7e-07,4066.0,0.00394402
VIB/BTC,1608025979930,2020-12-15T09:52:59.930Z,sell,9.7e-07,217.0,0.00021049
VIB/BTC,1608025982883,2020-12-15T09:53:02.883Z,buy,9.8e-07,77224.0,0.07567952
VIB/BTC,1608026087296,2020-12-15T09:54:47.296Z,buy,9.8e-07,101263.0,0.0992377399999999
VIB/BTC,1608026095497,2020-12-15T09:54:55.497Z,buy,9.8e-07,96679.0,0.09474542
VIB/BTC,1608026095504,2020-12-15T09:54:55.504Z,sell,9.8e-07,25035.0,0.0245343
VIB/BTC,1608026095504,2020-12-15T09:54:55.504Z,sell,9.8e-07,25035.0,0.0245343
VIB/BTC,1608026095510,2020-12-15T09:54:55.510Z,sell,9.8e-07,683.0,0.0006693399999999
VIB/BTC,1608026128156,2020-12-15T09:55:28.156Z,buy,9.9e-07,3260.0,0.0032274
VIB/BTC,1608026129979,2020-12-15T09:55:29.979Z,sell,9.8e-07,1081.0,0.00105938
VIB/BTC,1608026187346,2020-12-15T09:56:27.346Z,buy,9.8e-07,1010.0,0.0009897999999999
VIB/BTC,1608026189103,2020-12-15T09:56:29.103Z,buy,9.8e-07,1010.0,0.0009897999999999
VIB/BTC,1608026189763,2020-12-15T09:56:29.763Z,buy,9.8e-07,5051.0,0.00494998
VIB/BTC,1608026230871,2020-12-15T09:57:10.871Z,buy,9.8e-07,1848.0,0.0018110399999999
VIB/BTC,1608026302296,2020-12-15T09:58:22.296Z,buy,9.9e-07,3059.0,0.00302841
VIB/BTC,1608026602462,2020-12-15T10:03:22.462Z,sell,9.8e-07,1070.0,0.0010486
VIB/BTC,1608026734480,2020-12-15T10:05:34.480Z,sell,9.8e-07,20589.0,0.02017722
VIB/BTC,1608026755649,2020-12-15T10:05:55.649Z,sell,9.8e-07,116.0,0.00011368
VIB/BTC,1608026792206,2020-12-15T10:06:32.206Z,sell,9.8e-07,31790.0,0.0311541999999999
VIB/BTC,1608026792206,2020-12-15T10:06:32.206Z,sell,9.8e-07,31790.0,0.0311541999999999
VIB/BTC,1608027055661,2020-12-15T10:10:55.661Z,buy,9.8e-07,138.0,0.0001352399999999
VIB/BTC,1608027155181,2020-12-15T10:12:35.181Z,buy,9.8e-07,97341.0,0.09539418
VIB/BTC,1608027588168,2020-12-15T10:19:48.168Z,buy,9.8e-07,105960.0,0.1038408
VIB/BTC,1608027600641,2020-12-15T10:20:00.641Z,buy,9.8e-07,19621.0,0.01922858
VIB/BTC,1608027643428,2020-12-15T10:20:43.428Z,buy,9.9e-07,73812.0,0.07307388
VIB/BTC,1608027662106,2020-12-15T10:21:02.106Z,buy,9.9e-07,221436.0,0.21922164
VIB/BTC,1608027679593,2020-12-15T10:21:19.593Z,buy,9.9e-07,535.0,0.00052965
VIB/BTC,1608029000205,2020-12-15T10:43:20.205Z,buy,9.9e-07,405.0,0.00040095
VIB/BTC,1608029196927,2020-12-15T10:46:36.927Z,buy,9.9e-07,16582.0,0.01641618
VIB/BTC,1608029196943,2020-12-15T10:46:36.943Z,buy,9.9e-07,13017.0,0.01288683
VIB/BTC,1608029196943,2020-12-15T10:46:36.943Z,buy,9.9e-07,13017.0,0.01288683
VIB/BTC,1608030610027,2020-12-15T11:10:10.027Z,buy,9.9e-07,3964.0,0.00392436
VIB/BTC,1608030734380,2020-12-15T11:12:14.380Z,buy,9.9e-07,14001.0,0.01386099
VIB/BTC,1608030740424,2020-12-15T11:12:20.424Z,sell,9.8e-07,18000.0,0.01764
VIB/BTC,1608031267957,2020-12-15T11:21:07.957Z,sell,9.8e-07,3395.0,0.0033271
VIB/BTC,1608031382823,2020-12-15T11:23:02.823Z,sell,9.8e-07,3784.0,0.0037083199999999
VIB/BTC,1608031525606,2020-12-15T11:25:25.606Z,sell,9.8e-07,6455.0,0.0063259
VIB/BTC,1608031808801,2020-12-15T11:30:08.801Z,sell,9.8e-07,197821.0,0.1938645799999999
VIB/BTC,1608031810173,2020-12-15T11:30:10.173Z,sell,9.8e-07,110.0,0.0001077999999999
VIB/BTC,1608032204730,2020-12-15T11:36:44.730Z,sell,9.8e-07,112.0,0.0001097599999999
VIB/BTC,1608032414616,2020-12-15T11:40:14.616Z,sell,9.8e-07,3148.0,0.00308504
VIB/BTC,1608032414616,2020-12-15T11:40:14.616Z,sell,9.8e-07,3148.0,0.00308504
VIB/BTC,1608034147801,2020-12-15T12:09:07.801Z,sell,9.8e-07,148.0,0.0001450399999999
VIB/BTC,1608034438514,2020-12-15T12:13:58.514Z,buy,9.9e-07,1286.0,0.00127314
VIB/BTC,1608034544923,2020-12-15T12:15:44.923Z,buy,9.9e-07,17351.0,0.01717749
VIB/BTC,1608034545444,2020-12-15T12:15:45.444Z,buy,9.9e-07,15690.0,0.0155331
VIB/BTC,1608035321404,2020-12-15T12:28:41.404Z,buy,9.9e-07,3031.0,0.00300069
VIB/BTC,1608035442157,2020-12-15T12:30:42.157Z,sell,9.8e-07,327.0,0.00032046
VIB/BTC,1608035628935,2020-12-15T12:33:48.935Z,sell,9.8e-07,10306.0,0.0100998799999999
VIB/BTC,1608035981473,2020-12-15T12:39:41.473Z,sell,9.8e-07,982.0,0.0009623599999999
VIB/BTC,1608035981473,2020-12-15T12:39:41.473Z,sell,9.8e-07,982.0,0.0009623599999999
VIB/BTC,1608036575591,2020-12-15T12:49:35.591Z,sell,9.8e-07,1533.0,0.0015023399999999
VIB/BTC,1608038772361,2020-12-15T13:26:12.361Z,sell,9.8e-07,4038.0,0.00395724
VIB/BTC,1608038772928,2020-12-15T13:26:12.928Z,sell,9.8e-07,3434.0,0.0033653199999999
VIB/BTC,1608039128474,2020-12-15T13:32:08.474Z,sell,9.8e-07,674.0,0.0006605199999999
VIB/BTC,1608039128474,2020-12-15T13:32:08.474Z,sell,9.8e-07,674.0,0.0006605199999999
VIB/BTC,1608040252163,2020-12-15T13:50:52.163Z,buy,9.9e-07,14160.0,0.0140184
VIB/BTC,1608040270550,2020-12-15T13:51:10.550Z,buy,9.9e-07,12029.0,0.01190871
VIB/BTC,1608040270837,2020-12-15T13:51:10.837Z,buy,9.9e-07,11564.0,0.01144836
VIB/BTC,1608041707998,2020-12-15T14:15:07.998Z,buy,9.9e-07,8469.0,0.00838431
VIB/BTC,1608041905390,2020-12-15T14:18:25.390Z,buy,9.9e-07,5669.0,0.00561231
VIB/BTC,1608042258049,2020-12-15T14:24:18.049Z,buy,9.9e-07,2492.0,0.00246708
VIB/BTC,1608042258049,2020-12-15T14:24:18.049Z,buy,9.9e-07,2492.0,0.00246708
VIB/BTC,1608043597401,2020-12-15T14:46:37.401Z,sell,9.8e-07,686.0,0.0006722799999999
VIB/BTC,1608043597401,2020-12-15T14:46:37.401Z,sell,9.8e-07,686.0,0.0006722799999999
VIB/BTC,1608045900752,2020-12-15T15:25:00.752Z,sell,9.8e-07,22521.0,0.02207058
VIB/BTC,1608045961457,2020-12-15T15:26:01.457Z,sell,9.8e-07,1354.0,0.0013269199999999
VIB/BTC,1608045969293,2020-12-15T15:26:09.293Z,sell,9.8e-07,114.0,0.00011172
VIB/BTC,1608046081703,2020-12-15T15:28:01.703Z,sell,9.8e-07,744.0,0.00072912
VIB/BTC,1608046583918,2020-12-15T15:36:23.918Z,sell,9.8e-07,112.0,0.0001097599999999
VIB/BTC,1608046754075,2020-12-15T15:39:14.075Z,sell,9.8e-07,4743.0,0.0046481399999999
VIB/BTC,1608046754075,2020-12-15T15:39:14.075Z,sell,9.8e-07,4743.0,0.0046481399999999
VIB/BTC,1608047693902,2020-12-15T15:54:53.902Z,sell,9.8e-07,7332.0,0.0071853599999999
VIB/BTC,1608049963664,2020-12-15T16:32:43.664Z,sell,9.8e-07,609.0,0.00059682
VIB/BTC,1608050083201,2020-12-15T16:34:43.201Z,sell,9.8e-07,145.0,0.0001420999999999
VIB/BTC,1608050083201,2020-12-15T16:34:43.201Z,sell,9.8e-07,145.0,0.0001420999999999
VIB/BTC,1608051038588,2020-12-15T16:50:38.588Z,sell,9.8e-07,4592.0,0.00450016
VIB/BTC,1608051124462,2020-12-15T16:52:04.462Z,sell,9.8e-07,18309.0,0.0179428199999999
VIB/BTC,1608052093618,2020-12-15T17:08:13.618Z,sell,9.8e-07,2510.0,0.0024598
VIB/BTC,1608052914431,2020-12-15T17:21:54.431Z,sell,9.8e-07,4641.0,0.00454818
VIB/BTC,1608053296326,2020-12-15T17:28:16.326Z,sell,9.8e-07,254.0,0.0002489199999999
VIB/BTC,1608053296326,2020-12-15T17:28:16.326Z,sell,9.8e-07,254.0,0.0002489199999999
VIB/BTC,1608054607557,2020-12-15T17:50:07.557Z,sell,9.8e-07,21002.0,0.02058196
VIB/BTC,1608054607569,2020-12-15T17:50:07.569Z,buy,9.8e-07,963.0,0.00094374
VIB/BTC,1608054639443,2020-12-15T17:50:39.443Z,buy,9.8e-07,212.0,0.0002077599999999
VIB/BTC,1608054757032,2020-12-15T17:52:37.032Z,buy,9.8e-07,14921.0,0.01462258
VIB/BTC,1608054757751,2020-12-15T17:52:37.751Z,sell,9.8e-07,81420.0,0.0797915999999999
VIB/BTC,1608054823624,2020-12-15T17:53:43.624Z,buy,9.8e-07,92376.0,0.09052848
VIB/BTC,1608055221483,2020-12-15T18:00:21.483Z,buy,9.8e-07,109.0,0.00010682
VIB/BTC,1608055225043,2020-12-15T18:00:25.043Z,sell,9.7e-07,109.0,0.00010573
VIB/BTC,1608055502275,2020-12-15T18:05:02.275Z,buy,9.8e-07,132.0,0.00012936
VIB/BTC,1608055522719,2020-12-15T18:05:22.719Z,buy,9.8e-07,714.0,0.0006997199999999
VIB/BTC,1608055559642,2020-12-15T18:05:59.642Z,buy,9.8e-07,108.0,0.0001058399999999
VIB/BTC,1608055563635,2020-12-15T18:06:03.635Z,sell,9.7e-07,108.0,0.00010476
VIB/BTC,1608056546852,2020-12-15T18:22:26.852Z,sell,9.7e-07,150824.0,0.14629928
VIB/BTC,1608056546852,2020-12-15T18:22:26.852Z,sell,9.7e-07,150824.0,0.14629928
VIB/BTC,1608056959483,2020-12-15T18:29:19.483Z,buy,9.8e-07,333.0,0.00032634
VIB/BTC,1608057005650,2020-12-15T18:30:05.650Z,sell,9.7e-07,108.0,0.00010476
VIB/BTC,1608058212800,2020-12-15T18:50:12.800Z,sell,9.7e-07,14309.0,0.01387973
VIB/BTC,1608058443896,2020-12-15T18:54:03.896Z,buy,9.7e-07,213.0,0.00020661
VIB/BTC,1608058548351,2020-12-15T18:55:48.351Z,buy,9.7e-07,206.0,0.00019982
VIB/BTC,1608058935894,2020-12-15T19:02:15.894Z,sell,9.6e-07,14121.0,0.01355616
VIB/BTC,1608059429262,2020-12-15T19:10:29.262Z,sell,9.6e-07,2469.0,0.0023702399999999
VIB/BTC,1608059429262,2020-12-15T19:10:29.262Z,sell,9.6e-07,2469.0,0.0023702399999999
VIB/BTC,1608060146861,2020-12-15T19:22:26.861Z,buy,9.7e-07,972.0,0.00094284
VIB/BTC,1608060146873,2020-12-15T19:22:26.873Z,buy,9.7e-07,972.0,0.00094284
VIB/BTC,1608060146885,2020-12-15T19:22:26.885Z,buy,9.7e-07,556.0,0.00053932
VIB/BTC,1608060146899,2020-12-15T19:22:26.899Z,buy,9.7e-07,417.0,0.00040449
VIB/BTC,1608060162201,2020-12-15T19:22:42.201Z,buy,9.7e-07,417.0,0.00040449
VIB/BTC,1608060162217,2020-12-15T19:22:42.217Z,buy,9.7e-07,374.0,0.00036278
VIB/BTC,1608060184359,2020-12-15T19:23:04.359Z,buy,9.7e-07,10675.0,0.01035475
VIB/BTC,1608060203985,2020-12-15T19:23:23.985Z,buy,9.7e-07,108.0,0.00010476
VIB/BTC,1608060208082,2020-12-15T19:23:28.082Z,sell,9.6e-07,107.0,0.0001027199999999
VIB/BTC,1608060222985,2020-12-15T19:23:42.985Z,buy,9.7e-07,688.0,0.00066736
VIB/BTC,1608060227442,2020-12-15T19:23:47.442Z,sell,9.6e-07,27914.0,0.02679744
VIB/BTC,1608060634120,2020-12-15T19:30:34.120Z,buy,9.7e-07,62426.0,0.06055322
VIB/BTC,1608060731623,2020-12-15T19:32:11.623Z,buy,9.7e-07,105.0,0.00010185
VIB/BTC,1608060740284,2020-12-15T19:32:20.284Z,sell,9.6e-07,105.0,0.0001008
VIB/BTC,1608061095546,2020-12-15T19:38:15.546Z,buy,9.7e-07,93619.0,0.09081043
VIB/BTC,1608061551483,2020-12-15T19:45:51.483Z,sell,9.7e-07,17351.0,0.01683047
VIB/BTC,1608061826626,2020-12-15T19:50:26.626Z,sell,9.7e-07,208.0,0.00020176
VIB/BTC,1608062206091,2020-12-15T19:56:46.091Z,sell,9.7e-07,15690.0,0.0152193
VIB/BTC,1608062216354,2020-12-15T19:56:56.354Z,sell,9.7e-07,14160.0,0.0137352
VIB/BTC,1608062216519,2020-12-15T19:56:56.519Z,sell,9.7e-07,11564.0,0.01121708
VIB/BTC,1608062220816,2020-12-15T19:57:00.816Z,sell,9.7e-07,12029.0,0.01166813
VIB/BTC,1608062459499,2020-12-15T20:00:59.499Z,sell,9.7e-07,1828.0,0.00177316
VIB/BTC,1608062912864,2020-12-15T20:08:32.864Z,sell,9.7e-07,3386.0,0.00328442
VIB/BTC,1608062912864,2020-12-15T20:08:32.864Z,sell,9.7e-07,3386.0,0.00328442
VIB/BTC,1608064372046,2020-12-15T20:32:52.046Z,buy,9.8e-07,61775.0,0.0605394999999999
VIB/BTC,1608064684543,2020-12-15T20:38:04.543Z,buy,9.8e-07,25363.0,0.0248557399999999
VIB/BTC,1608064802729,2020-12-15T20:40:02.729Z,buy,9.8e-07,484929.0,0.47523042
VIB/BTC,1608064811890,2020-12-15T20:40:11.890Z,sell,9.8e-07,7383.0,0.00723534
VIB/BTC,1608064812224,2020-12-15T20:40:12.224Z,buy,9.8e-07,366012.0,0.3586917599999999
VIB/BTC,1608064817633,2020-12-15T20:40:17.633Z,sell,9.8e-07,18876.0,0.0184984799999999
VIB/BTC,1608064817924,2020-12-15T20:40:17.924Z,buy,9.8e-07,441807.0,0.4329708599999999
VIB/BTC,1608064818179,2020-12-15T20:40:18.179Z,sell,9.8e-07,18498.0,0.0181280399999999
VIB/BTC,1608064832992,2020-12-15T20:40:32.992Z,buy,9.8e-07,261726.0,0.25649148
VIB/BTC,1608064839480,2020-12-15T20:40:39.480Z,buy,9.8e-07,497205.0,0.4872608999999999
VIB/BTC,1608064846843,2020-12-15T20:40:46.843Z,buy,9.8e-07,392792.0,0.3849361599999999
VIB/BTC,1608064854644,2020-12-15T20:40:54.644Z,buy,9.8e-07,26401.0,0.0258729799999999
VIB/BTC,1608064854759,2020-12-15T20:40:54.759Z,sell,9.8e-07,233646.0,0.22897308
VIB/BTC,1608064860410,2020-12-15T20:41:00.410Z,buy,9.8e-07,325535.0,0.3190243
VIB/BTC,1608064863833,2020-12-15T20:41:03.833Z,buy,9.8e-07,22614.0,0.02216172
VIB/BTC,1608064868172,2020-12-15T20:41:08.172Z,sell,9.8e-07,2896.0,0.0028380799999999
VIB/BTC,1608064868468,2020-12-15T20:41:08.468Z,buy,9.8e-07,406919.0,0.39878062
VIB/BTC,1608064881519,2020-12-15T20:41:21.519Z,sell,9.8e-07,445967.0,0.4370476599999999
VIB/BTC,1608064895573,2020-12-15T20:41:35.573Z,buy,9.8e-07,238542.0,0.2337711599999999
VIB/BTC,1608065110884,2020-12-15T20:45:10.884Z,buy,9.8e-07,33187.0,0.03252326
VIB/BTC,1608065161999,2020-12-15T20:46:01.999Z,sell,9.8e-07,1556.0,0.00152488
VIB/BTC,1608065255888,2020-12-15T20:47:35.888Z,sell,9.8e-07,3313.0,0.0032467399999999
VIB/BTC,1608065331051,2020-12-15T20:48:51.051Z,sell,9.8e-07,7940.0,0.0077811999999999
VIB/BTC,1608065339767,2020-12-15T20:48:59.767Z,sell,9.8e-07,7855.0,0.0076979
VIB/BTC,1608065500156,2020-12-15T20:51:40.156Z,buy,9.8e-07,431956.0,0.4233168799999999
VIB/BTC,1608065511692,2020-12-15T20:51:51.692Z,buy,9.8e-07,345565.0,0.3386537
VIB/BTC,1608065519428,2020-12-15T20:51:59.428Z,buy,9.8e-07,307769.0,0.3016136199999999
VIB/BTC,1608065521505,2020-12-15T20:52:01.505Z,sell,9.7e-07,7742.0,0.00750974
VIB/BTC,1608065527608,2020-12-15T20:52:07.608Z,buy,9.8e-07,259174.0,0.25399052
VIB/BTC,1608065548544,2020-12-15T20:52:28.544Z,buy,9.8e-07,1565.0,0.0015336999999999
VIB/BTC,1608065552278,2020-12-15T20:52:32.278Z,buy,9.8e-07,426.0,0.0004174799999999
VIB/BTC,1608065555103,2020-12-15T20:52:35.103Z,buy,9.8e-07,1349.0,0.00132202
VIB/BTC,1608065559552,2020-12-15T20:52:39.552Z,buy,9.8e-07,701.0,0.0006869799999999
VIB/BTC,1608065562848,2020-12-15T20:52:42.848Z,buy,9.8e-07,199.0,0.0001950199999999
VIB/BTC,1608065566196,2020-12-15T20:52:46.196Z,buy,9.8e-07,302.0,0.00029596
VIB/BTC,1608065571096,2020-12-15T20:52:51.096Z,buy,9.8e-07,280.0,0.0002744
VIB/BTC,1608065573665,2020-12-15T20:52:53.665Z,buy,9.8e-07,562.0,0.00055076
VIB/BTC,1608065578354,2020-12-15T20:52:58.354Z,buy,9.8e-07,3239.0,0.0031742199999999
VIB/BTC,1608065583578,2020-12-15T20:53:03.578Z,buy,9.8e-07,809.0,0.00079282
VIB/BTC,1608065586687,2020-12-15T20:53:06.687Z,buy,9.8e-07,1457.0,0.00142786
VIB/BTC,1608065592606,2020-12-15T20:53:12.606Z,buy,9.8e-07,134.0,0.0001313199999999
VIB/BTC,1608065595791,2020-12-15T20:53:15.791Z,buy,9.8e-07,647.0,0.00063406
VIB/BTC,1608065600807,2020-12-15T20:53:20.807Z,buy,9.8e-07,755.0,0.0007398999999999
VIB/BTC,1608065606056,2020-12-15T20:53:26.056Z,buy,9.8e-07,215.0,0.0002107
VIB/BTC,1608066508104,2020-12-15T21:08:28.104Z,buy,9.8e-07,539760.0,0.5289648
VIB/BTC,1608066508104,2020-12-15T21:08:28.104Z,buy,9.8e-07,539760.0,0.5289648
VIB/BTC,1608066520594,2020-12-15T21:08:40.594Z,buy,9.8e-07,277433.0,0.27188434
VIB/BTC,1608066530775,2020-12-15T21:08:50.775Z,buy,9.8e-07,379158.0,0.3715748399999999
VIB/BTC,1608066537295,2020-12-15T21:08:57.295Z,buy,9.8e-07,300552.0,0.2945409599999999
VIB/BTC,1608066553549,2020-12-15T21:09:13.549Z,buy,9.8e-07,2311.0,0.0022647799999999
VIB/BTC,1608066556814,2020-12-15T21:09:16.814Z,buy,9.8e-07,1248.0,0.0012230399999999
VIB/BTC,1608066560310,2020-12-15T21:09:20.310Z,buy,9.8e-07,3745.0,0.0036701
VIB/BTC,1608066565148,2020-12-15T21:09:25.148Z,buy,9.8e-07,286.0,0.00028028
VIB/BTC,1608066567727,2020-12-15T21:09:27.727Z,buy,9.8e-07,693.0,0.00067914
VIB/BTC,1608066571452,2020-12-15T21:09:31.452Z,buy,9.8e-07,1616.0,0.0015836799999999
VIB/BTC,1608066576385,2020-12-15T21:09:36.385Z,buy,9.8e-07,1386.0,0.00135828
VIB/BTC,1608066580783,2020-12-15T21:09:40.783Z,buy,9.8e-07,1710.0,0.0016757999999999
VIB/BTC,1608066585034,2020-12-15T21:09:45.034Z,buy,9.8e-07,1460.0,0.0014307999999999
VIB/BTC,1608066588585,2020-12-15T21:09:48.585Z,buy,9.8e-07,286.0,0.00028028
VIB/BTC,1608066591698,2020-12-15T21:09:51.698Z,buy,9.8e-07,263.0,0.00025774
VIB/BTC,1608066594435,2020-12-15T21:09:54.435Z,buy,9.8e-07,383.0,0.00037534
VIB/BTC,1608066599296,2020-12-15T21:09:59.296Z,buy,9.8e-07,1460.0,0.0014307999999999
VIB/BTC,1608066604012,2020-12-15T21:10:04.012Z,buy,9.8e-07,5707.0,0.00559286
VIB/BTC,1608066723491,2020-12-15T21:12:03.491Z,sell,9.7e-07,71213.0,0.06907661
VIB/BTC,1608066736260,2020-12-15T21:12:16.260Z,sell,9.7e-07,38207.0,0.03706079
VIB/BTC,1608066779616,2020-12-15T21:12:59.616Z,sell,9.7e-07,85367.0,0.08280599
VIB/BTC,1608066779630,2020-12-15T21:12:59.630Z,buy,9.7e-07,4455.0,0.00432135
VIB/BTC,1608066779916,2020-12-15T21:12:59.916Z,buy,9.7e-07,134533.0,0.13049701
VIB/BTC,1608066781956,2020-12-15T21:13:01.956Z,sell,9.7e-07,4455.0,0.00432135
VIB/BTC,1608066799766,2020-12-15T21:13:19.766Z,sell,9.7e-07,113.0,0.00010961
VIB/BTC,1608066813300,2020-12-15T21:13:33.300Z,buy,9.8e-07,2490.0,0.0024402
VIB/BTC,1608066840969,2020-12-15T21:14:00.969Z,sell,9.7e-07,22353.0,0.02168241
VIB/BTC,1608066844492,2020-12-15T21:14:04.492Z,sell,9.7e-07,26079.0,0.02529663
VIB/BTC,1608066847281,2020-12-15T21:14:07.281Z,sell,9.7e-07,14902.0,0.01445494
VIB/BTC,1608066856912,2020-12-15T21:14:16.912Z,sell,9.7e-07,29804.0,0.02890988
VIB/BTC,1608066868994,2020-12-15T21:14:28.994Z,sell,9.7e-07,11301.0,0.01096197
VIB/BTC,1608066869320,2020-12-15T21:14:29.320Z,buy,9.7e-07,361250.0,0.3504125
VIB/BTC,1608066879646,2020-12-15T21:14:39.646Z,sell,9.7e-07,33466.0,0.03246202
VIB/BTC,1608066880052,2020-12-15T21:14:40.052Z,buy,9.7e-07,273229.0,0.26503213
VIB/BTC,1608066891415,2020-12-15T21:14:51.415Z,sell,9.7e-07,29124.0,0.02825028
VIB/BTC,1608066892135,2020-12-15T21:14:52.135Z,buy,9.7e-07,233230.0,0.2262331
VIB/BTC,1608066919144,2020-12-15T21:15:19.144Z,sell,9.7e-07,33403.0,0.03240091
VIB/BTC,1608066919196,2020-12-15T21:15:19.196Z,buy,9.7e-07,191230.0,0.1854931
VIB/BTC,1608066926933,2020-12-15T21:15:26.933Z,sell,9.7e-07,36615.0,0.03551655
VIB/BTC,1608066928647,2020-12-15T21:15:28.647Z,buy,9.7e-07,199066.0,0.19309402
VIB/BTC,1608066931764,2020-12-15T21:15:31.764Z,sell,9.7e-07,2935.0,0.00284695
VIB/BTC,1608066935344,2020-12-15T21:15:35.344Z,sell,9.7e-07,30781.0,0.02985757
VIB/BTC,1608066935776,2020-12-15T21:15:35.776Z,buy,9.7e-07,87999.0,0.08535903
VIB/BTC,1608066941809,2020-12-15T21:15:41.809Z,sell,9.7e-07,22788.0,0.02210436
VIB/BTC,1608066942107,2020-12-15T21:15:42.107Z,buy,9.7e-07,70009.0,0.06790873
VIB/BTC,1608066948171,2020-12-15T21:15:48.171Z,sell,9.7e-07,23513.0,0.02280761
VIB/BTC,1608066948507,2020-12-15T21:15:48.507Z,buy,9.7e-07,43300.0,0.042001
VIB/BTC,1608066955531,2020-12-15T21:15:55.531Z,sell,9.7e-07,28138.0,0.02729386
VIB/BTC,1608066955930,2020-12-15T21:15:55.930Z,buy,9.7e-07,86930.0,0.0843221
VIB/BTC,1608066976964,2020-12-15T21:16:16.964Z,sell,9.7e-07,25484.0,0.02471948
VIB/BTC,1608066988901,2020-12-15T21:16:28.901Z,buy,9.8e-07,1688.0,0.00165424
VIB/BTC,1608066993354,2020-12-15T21:16:33.354Z,buy,9.8e-07,246.0,0.00024108
VIB/BTC,1608066998601,2020-12-15T21:16:38.601Z,buy,9.8e-07,661.0,0.0006477799999999
VIB/BTC,1608067002598,2020-12-15T21:16:42.598Z,buy,9.8e-07,420.0,0.0004116
VIB/BTC,1608067010025,2020-12-15T21:16:50.025Z,buy,9.8e-07,239.0,0.00023422
VIB/BTC,1608067016761,2020-12-15T21:16:56.761Z,buy,9.8e-07,162.0,0.0001587599999999
VIB/BTC,1608067020076,2020-12-15T21:17:00.076Z,buy,9.8e-07,347.0,0.00034006
VIB/BTC,1608067023140,2020-12-15T21:17:03.140Z,buy,9.8e-07,157.0,0.00015386
VIB/BTC,1608067026371,2020-12-15T21:17:06.371Z,buy,9.8e-07,524.0,0.00051352
VIB/BTC,1608067030112,2020-12-15T21:17:10.112Z,buy,9.8e-07,321.0,0.0003145799999999
VIB/BTC,1608067032818,2020-12-15T21:17:12.818Z,buy,9.8e-07,220.0,0.0002155999999999
VIB/BTC,1608067036696,2020-12-15T21:17:16.696Z,buy,9.8e-07,158.0,0.00015484
VIB/BTC,1608067070844,2020-12-15T21:17:50.844Z,sell,9.7e-07,14516.0,0.01408052
VIB/BTC,1608067118700,2020-12-15T21:18:38.700Z,buy,9.7e-07,25359.0,0.02459823
VIB/BTC,1608067210280,2020-12-15T21:20:10.280Z,buy,9.7e-07,213.0,0.00020661
VIB/BTC,1608067222905,2020-12-15T21:20:22.905Z,buy,9.7e-07,37191.0,0.03607527
VIB/BTC,1608067231779,2020-12-15T21:20:31.779Z,buy,9.7e-07,37191.0,0.03607527
VIB/BTC,1608067289687,2020-12-15T21:21:29.687Z,buy,9.7e-07,32.0,3.104e-05
VIB/BTC,1608067470339,2020-12-15T21:24:30.339Z,buy,9.7e-07,31.0,3.007e-05
VIB/BTC,1608067777244,2020-12-15T21:29:37.244Z,buy,9.7e-07,250.0,0.0002425
VIB/BTC,1608069066166,2020-12-15T21:51:06.166Z,buy,9.7e-07,12935.0,0.01254695
VIB/BTC,1608069071919,2020-12-15T21:51:11.919Z,buy,9.7e-07,207.0,0.00020079
VIB/BTC,1608069189097,2020-12-15T21:53:09.097Z,buy,9.7e-07,2384.0,0.00231248
VIB/BTC,1608069190144,2020-12-15T21:53:10.144Z,sell,9.6e-07,593.0,0.0005692799999999
VIB/BTC,1608069190144,2020-12-15T21:53:10.144Z,sell,9.6e-07,593.0,0.0005692799999999
VIB/BTC,1608073083360,2020-12-15T22:58:03.360Z,buy,9.7e-07,972.0,0.00094284
VIB/BTC,1608073083372,2020-12-15T22:58:03.372Z,buy,9.7e-07,555.0,0.00053835
VIB/BTC,1608073083385,2020-12-15T22:58:03.385Z,buy,9.7e-07,417.0,0.00040449
VIB/BTC,1608073083385,2020-12-15T22:58:03.385Z,buy,9.7e-07,417.0,0.00040449
VIB/BTC,1608073977152,2020-12-15T23:12:57.152Z,buy,9.7e-07,47366.0,0.04594502
VIB/BTC,1608073977156,2020-12-15T23:12:57.156Z,buy,9.7e-07,19083.0,0.01851051
VIB/BTC,1608073977210,2020-12-15T23:12:57.210Z,buy,9.8e-07,5074.0,0.0049725199999999
VIB/BTC,1608073977519,2020-12-15T23:12:57.519Z,buy,9.7e-07,1059.0,0.00102723
VIB/BTC,1608073977519,2020-12-15T23:12:57.519Z,buy,9.7e-07,1059.0,0.00102723
VIB/BTC,1608077088792,2020-12-16T00:04:48.792Z,sell,9.7e-07,700.0,0.000679
VIB/BTC,1608077088792,2020-12-16T00:04:48.792Z,sell,9.7e-07,700.0,0.000679
VIB/BTC,1608078065585,2020-12-16T00:21:05.585Z,sell,9.7e-07,300.0,0.000291
VIB/BTC,1608078065585,2020-12-16T00:21:05.585Z,sell,9.6e-07,117.0,0.00011232
VIB/BTC,1608078511673,2020-12-16T00:28:31.673Z,sell,9.6e-07,1788.0,0.0017164799999999
VIB/BTC,1608078511864,2020-12-16T00:28:31.864Z,sell,9.6e-07,4551.0,0.00436896
VIB/BTC,1608078511864,2020-12-16T00:28:31.864Z,sell,9.6e-07,4551.0,0.00436896
VIB/BTC,1608081949882,2020-12-16T01:25:49.882Z,buy,9.7e-07,140.0,0.0001358
VIB/BTC,1608081949882,2020-12-16T01:25:49.882Z,buy,9.7e-07,140.0,0.0001358
VIB/BTC,1608082386950,2020-12-16T01:33:06.950Z,buy,9.7e-07,88659.0,0.08599923
VIB/BTC,1608082418265,2020-12-16T01:33:38.265Z,buy,9.7e-07,9860.0,0.0095642
VIB/BTC,1608082420387,2020-12-16T01:33:40.387Z,sell,9.7e-07,121.0,0.00011737
VIB/BTC,1608082436931,2020-12-16T01:33:56.931Z,buy,9.8e-07,95794.0,0.09387812
VIB/BTC,1608082436938,2020-12-16T01:33:56.938Z,sell,9.8e-07,7143.0,0.0070001399999999
VIB/BTC,1608082440078,2020-12-16T01:34:00.078Z,sell,9.7e-07,7143.0,0.00692871
VIB/BTC,1608082440511,2020-12-16T01:34:00.511Z,buy,9.8e-07,27033.0,0.02649234
VIB/BTC,1608082440518,2020-12-16T01:34:00.518Z,sell,9.8e-07,7287.0,0.0071412599999999
VIB/BTC,1608082440520,2020-12-16T01:34:00.520Z,sell,9.8e-07,6479.0,0.00634942
VIB/BTC,1608082440527,2020-12-16T01:34:00.527Z,sell,9.8e-07,13171.0,0.0129075799999999
VIB/BTC,1608082440531,2020-12-16T01:34:00.531Z,sell,9.8e-07,8557.0,0.00838586
VIB/BTC,1608082441136,2020-12-16T01:34:01.136Z,sell,9.8e-07,1616.0,0.0015836799999999
VIB/BTC,1608082441246,2020-12-16T01:34:01.246Z,sell,9.8e-07,1267.0,0.00124166
VIB/BTC,1608082446850,2020-12-16T01:34:06.850Z,buy,9.9e-07,158.0,0.00015642
VIB/BTC,1608082485877,2020-12-16T01:34:45.877Z,buy,9.9e-07,2223.0,0.00220077
VIB/BTC,1608082511972,2020-12-16T01:35:11.972Z,buy,9.9e-07,113868.0,0.11272932
VIB/BTC,1608082520334,2020-12-16T01:35:20.334Z,buy,9.9e-07,4392.0,0.00434808
VIB/BTC,1608082520350,2020-12-16T01:35:20.350Z,sell,9.9e-07,624.0,0.00061776
VIB/BTC,1608082520353,2020-12-16T01:35:20.353Z,sell,9.9e-07,481.0,0.00047619
VIB/BTC,1608082577115,2020-12-16T01:36:17.115Z,buy,9.9e-07,1920.0,0.0019008
VIB/BTC,1608082747899,2020-12-16T01:39:07.899Z,sell,9.9e-07,103.0,0.00010197
VIB/BTC,1608082816245,2020-12-16T01:40:16.245Z,buy,1e-06,101.0,0.000101
VIB/BTC,1608083230636,2020-12-16T01:47:10.636Z,sell,9.9e-07,1286.0,0.00127314
VIB/BTC,1608083237524,2020-12-16T01:47:17.524Z,sell,9.9e-07,2551.0,0.00252549
VIB/BTC,1608083239501,2020-12-16T01:47:19.501Z,sell,9.9e-07,2551.0,0.00252549
VIB/BTC,1608083383079,2020-12-16T01:49:43.079Z,sell,9.9e-07,98144.0,0.09716256
VIB/BTC,1608083389668,2020-12-16T01:49:49.668Z,buy,9.9e-07,26189.0,0.02592711
VIB/BTC,1608083423604,2020-12-16T01:50:23.604Z,sell,9.9e-07,128961.0,0.12767139
VIB/BTC,1608083515537,2020-12-16T01:51:55.537Z,sell,9.9e-07,1557.0,0.00154143
VIB/BTC,1608083532178,2020-12-16T01:52:12.178Z,sell,9.9e-07,3190.0,0.0031581
VIB/BTC,1608083539038,2020-12-16T01:52:19.038Z,sell,9.9e-07,5155.0,0.00510345
VIB/BTC,1608083540412,2020-12-16T01:52:20.412Z,sell,9.9e-07,3158.0,0.00312642
VIB/BTC,1608083540972,2020-12-16T01:52:20.972Z,sell,9.9e-07,9910.0,0.0098109
VIB/BTC,1608083549632,2020-12-16T01:52:29.632Z,buy,1e-06,101.0,0.000101
VIB/BTC,1608083553339,2020-12-16T01:52:33.339Z,buy,1e-06,101.0,0.000101
VIB/BTC,1608083572890,2020-12-16T01:52:52.890Z,buy,1e-06,25.0,2.5e-05
VIB/BTC,1608083578161,2020-12-16T01:52:58.161Z,buy,1e-06,36.0,3.6e-05
VIB/BTC,1608083581926,2020-12-16T01:53:01.926Z,buy,1e-06,25.0,2.5e-05
VIB/BTC,1608083584342,2020-12-16T01:53:04.342Z,buy,1e-06,45.0,4.5e-05
VIB/BTC,1608083587520,2020-12-16T01:53:07.520Z,buy,1e-06,25.0,2.5e-05
VIB/BTC,1608083594486,2020-12-16T01:53:14.486Z,buy,1e-06,25.0,2.5e-05
VIB/BTC,1608083597733,2020-12-16T01:53:17.733Z,buy,1e-06,68.0,6.8e-05
VIB/BTC,1608083601812,2020-12-16T01:53:21.812Z,buy,1e-06,58.0,5.8e-05
VIB/BTC,1608083605634,2020-12-16T01:53:25.634Z,sell,9.9e-07,3323.0,0.00328977
VIB/BTC,1608083607356,2020-12-16T01:53:27.356Z,buy,1e-06,25.0,2.5e-05
VIB/BTC,1608083611585,2020-12-16T01:53:31.585Z,buy,1e-06,38.0,3.8e-05
VIB/BTC,1608083618761,2020-12-16T01:53:38.761Z,sell,9.9e-07,1525.0,0.00150975
VIB/BTC,1608083619031,2020-12-16T01:53:39.031Z,buy,1e-06,28.0,2.8e-05
VIB/BTC,1608083619450,2020-12-16T01:53:39.450Z,sell,9.9e-07,12466.0,0.01234134
VIB/BTC,1608083621463,2020-12-16T01:53:41.463Z,sell,9.9e-07,7964.0,0.00788436
VIB/BTC,1608083621861,2020-12-16T01:53:41.861Z,buy,1e-06,36.0,3.6e-05
VIB/BTC,1608083624168,2020-12-16T01:53:44.168Z,buy,1e-06,25.0,2.5e-05
VIB/BTC,1608083626044,2020-12-16T01:53:46.044Z,buy,1e-06,36.0,3.6e-05
VIB/BTC,1608083627241,2020-12-16T01:53:47.241Z,sell,9.9e-07,6431.0,0.00636669
VIB/BTC,1608083628808,2020-12-16T01:53:48.808Z,buy,1e-06,25.0,2.5e-05
VIB/BTC,1608083630917,2020-12-16T01:53:50.917Z,buy,1e-06,25.0,2.5e-05
VIB/BTC,1608083637448,2020-12-16T01:53:57.448Z,buy,1e-06,158.0,0.000158
VIB/BTC,1608083641160,2020-12-16T01:54:01.160Z,buy,1e-06,163.0,0.000163
VIB/BTC,1608083695797,2020-12-16T01:54:55.797Z,sell,9.9e-07,7879.0,0.00780021
VIB/BTC,1608083752357,2020-12-16T01:55:52.357Z,buy,1e-06,100.0,0.0001
VIB/BTC,1608083757604,2020-12-16T01:55:57.604Z,buy,1e-06,100.0,0.0001
VIB/BTC,1608083763286,2020-12-16T01:56:03.286Z,buy,1e-06,100.0,0.0001
VIB/BTC,1608083804964,2020-12-16T01:56:44.964Z,buy,1e-06,100.0,0.0001
VIB/BTC,1608084466022,2020-12-16T02:07:46.022Z,buy,1e-06,170.0,0.0001699999999999
VIB/BTC,1608084620673,2020-12-16T02:10:20.673Z,sell,9.9e-07,174376.0,0.17263224
VIB/BTC,1608084910511,2020-12-16T02:15:10.511Z,sell,9.9e-07,124.0,0.00012276
VIB/BTC,1608084921329,2020-12-16T02:15:21.329Z,sell,9.9e-07,158.0,0.00015642
VIB/BTC,1608084922829,2020-12-16T02:15:22.829Z,buy,1e-06,58.0,5.8e-05
VIB/BTC,1608084926031,2020-12-16T02:15:26.031Z,buy,1e-06,25.0,2.5e-05
VIB/BTC,1608084959650,2020-12-16T02:15:59.650Z,buy,1e-06,25.0,2.5e-05
VIB/BTC,1608084965158,2020-12-16T02:16:05.158Z,sell,9.9e-07,4220.0,0.0041778
VIB/BTC,1608084965376,2020-12-16T02:16:05.376Z,buy,1e-06,25.0,2.5e-05
VIB/BTC,1608084979229,2020-12-16T02:16:19.229Z,sell,9.9e-07,178.0,0.00017622
VIB/BTC,1608084985278,2020-12-16T02:16:25.278Z,buy,1e-06,36.0,3.6e-05
VIB/BTC,1608084990797,2020-12-16T02:16:30.797Z,buy,1e-06,25.0,2.5e-05
VIB/BTC,1608084993096,2020-12-16T02:16:33.096Z,buy,1e-06,36.0,3.6e-05
VIB/BTC,1608084999538,2020-12-16T02:16:39.538Z,buy,1e-06,49.0,4.9e-05
VIB/BTC,1608085304183,2020-12-16T02:21:44.183Z,sell,9.9e-07,204.0,0.00020196
VIB/BTC,1608085304183,2020-12-16T02:21:44.183Z,sell,9.9e-07,204.0,0.00020196
VIB/BTC,1608085691707,2020-12-16T02:28:11.707Z,sell,9.9e-07,114.0,0.00011286
VIB/BTC,1608088512388,2020-12-16T03:15:12.388Z,buy,1e-06,94132.0,0.094132
VIB/BTC,1608088517129,2020-12-16T03:15:17.129Z,buy,1e-06,29814.0,0.029814
VIB/BTC,1608088517137,2020-12-16T03:15:17.137Z,sell,1e-06,5533.0,0.005533
VIB/BTC,1608088517146,2020-12-16T03:15:17.146Z,sell,1e-06,8385.0,0.008385
VIB/BTC,1608088517149,2020-12-16T03:15:17.149Z,sell,1e-06,5200.0,0.0052
VIB/BTC,1608088517329,2020-12-16T03:15:17.329Z,sell,1e-06,10193.0,0.0101929999999999
VIB/BTC,1608088517669,2020-12-16T03:15:17.669Z,sell,1e-06,7135.0,0.007135
VIB/BTC,1608088519099,2020-12-16T03:15:19.099Z,sell,1e-06,350.0,0.00035
VIB/BTC,1608088519607,2020-12-16T03:15:19.607Z,sell,1e-06,350.0,0.00035
VIB/BTC,1608088520500,2020-12-16T03:15:20.500Z,sell,1e-06,3639.0,0.003639
VIB/BTC,1608088520547,2020-12-16T03:15:20.547Z,buy,1e-06,150.0,0.00015
VIB/BTC,1608088520547,2020-12-16T03:15:20.547Z,buy,1.01e-06,6984.0,0.00705384
VIB/BTC,1608088528099,2020-12-16T03:15:28.099Z,buy,1e-06,111612.0,0.1116119999999999
VIB/BTC,1608088550440,2020-12-16T03:15:50.440Z,buy,1.01e-06,169.0,0.00017069
VIB/BTC,1608088552435,2020-12-16T03:15:52.435Z,sell,1e-06,101.0,0.000101
VIB/BTC,1608088555480,2020-12-16T03:15:55.480Z,sell,1e-06,9271.0,0.009271
VIB/BTC,1608088558032,2020-12-16T03:15:58.032Z,sell,1e-06,1010.0,0.00101
VIB/BTC,1608088569523,2020-12-16T03:16:09.523Z,buy,1.01e-06,33423.0,0.03375723
VIB/BTC,1608088569533,2020-12-16T03:16:09.533Z,sell,1.01e-06,5287.0,0.00533987
VIB/BTC,1608088569536,2020-12-16T03:16:09.536Z,sell,1.01e-06,6219.0,0.00628119
VIB/BTC,1608088569539,2020-12-16T03:16:09.539Z,sell,1.01e-06,5287.0,0.00533987
VIB/BTC,1608088569667,2020-12-16T03:16:09.667Z,sell,1.01e-06,15443.0,0.01559743
VIB/BTC,1608088572982,2020-12-16T03:16:12.982Z,sell,1.01e-06,5015.0,0.00506515
VIB/BTC,1608088579759,2020-12-16T03:16:19.759Z,sell,1.01e-06,4511.0,0.00455611
VIB/BTC,1608088586362,2020-12-16T03:16:26.362Z,sell,1.01e-06,315.0,0.00031815
VIB/BTC,1608088602547,2020-12-16T03:16:42.547Z,buy,1.02e-06,28242.0,0.02880684
VIB/BTC,1608088619695,2020-12-16T03:16:59.695Z,buy,1.02e-06,17734.0,0.01808868
VIB/BTC,1608088619708,2020-12-16T03:16:59.708Z,sell,1.02e-06,915.0,0.0009333
VIB/BTC,1608088619733,2020-12-16T03:16:59.733Z,sell,1.02e-06,914.0,0.00093228
VIB/BTC,1608088622214,2020-12-16T03:17:02.214Z,sell,1.02e-06,1338.0,0.00136476
VIB/BTC,1608088626240,2020-12-16T03:17:06.240Z,sell,1.02e-06,584.0,0.00059568
VIB/BTC,1608088631103,2020-12-16T03:17:11.103Z,sell,1.02e-06,58170.0,0.0593334
VIB/BTC,1608088636825,2020-12-16T03:17:16.825Z,buy,1.03e-06,100.0,0.000103
VIB/BTC,1608088639088,2020-12-16T03:17:19.088Z,sell,1.02e-06,1078.0,0.00109956
VIB/BTC,1608088664028,2020-12-16T03:17:44.028Z,sell,1.02e-06,2988.0,0.00304776
VIB/BTC,1608088673700,2020-12-16T03:17:53.700Z,sell,1.02e-06,10304.0,0.01051008
VIB/BTC,1608088675145,2020-12-16T03:17:55.145Z,sell,1.01e-06,102.0,0.00010302
VIB/BTC,1608088679088,2020-12-16T03:17:59.088Z,sell,1.01e-06,207.0,0.00020907
VIB/BTC,1608088691404,2020-12-16T03:18:11.404Z,sell,1.01e-06,402.0,0.00040602
VIB/BTC,1608088691576,2020-12-16T03:18:11.576Z,sell,1.01e-06,2220.0,0.0022422
VIB/BTC,1608088749444,2020-12-16T03:19:09.444Z,buy,1.02e-06,100443.0,0.1024518599999999
VIB/BTC,1608088756675,2020-12-16T03:19:16.675Z,sell,1.02e-06,1527.0,0.00155754
VIB/BTC,1608088757627,2020-12-16T03:19:17.627Z,sell,1.02e-06,1546.0,0.0015769199999999
VIB/BTC,1608088764240,2020-12-16T03:19:24.240Z,buy,1.03e-06,2136.0,0.00220008
VIB/BTC,1608088785279,2020-12-16T03:19:45.279Z,sell,1.02e-06,13285.0,0.0135506999999999
VIB/BTC,1608088785279,2020-12-16T03:19:45.279Z,sell,1.02e-06,13285.0,0.0135506999999999
VIB/BTC,1608088987915,2020-12-16T03:23:07.915Z,sell,1.02e-06,101.0,0.00010302
VIB/BTC,1608089140918,2020-12-16T03:25:40.918Z,sell,1.02e-06,714.0,0.00072828
VIB/BTC,1608089167785,2020-12-16T03:26:07.785Z,sell,1.02e-06,2624.0,0.0026764799999999
VIB/BTC,1608089167785,2020-12-16T03:26:07.785Z,sell,1.01e-06,66847.0,0.06751547
VIB/BTC,1608089167797,2020-12-16T03:26:07.797Z,buy,1.01e-06,2624.0,0.00265024
VIB/BTC,1608089167800,2020-12-16T03:26:07.800Z,buy,1.01e-06,2624.0,0.00265024
VIB/BTC,1608089181026,2020-12-16T03:26:21.026Z,sell,1e-06,2244.0,0.002244
VIB/BTC,1608089204077,2020-12-16T03:26:44.077Z,buy,1.01e-06,210.0,0.0002121
VIB/BTC,1608089309454,2020-12-16T03:28:29.454Z,buy,1.01e-06,26173.0,0.02643473
VIB/BTC,1608089522020,2020-12-16T03:32:02.020Z,buy,1.01e-06,37.0,3.737e-05
VIB/BTC,1608089570498,2020-12-16T03:32:50.498Z,buy,1.01e-06,18257.0,0.01843957
VIB/BTC,1608089804985,2020-12-16T03:36:44.985Z,buy,1.01e-06,29.0,2.929e-05
VIB/BTC,1608089961359,2020-12-16T03:39:21.359Z,buy,1.01e-06,11071.0,0.01118171
VIB/BTC,1608090015779,2020-12-16T03:40:15.779Z,buy,1.01e-06,100.0,0.000101
VIB/BTC,1608090912178,2020-12-16T03:55:12.178Z,buy,1.01e-06,8286.0,0.00836886
VIB/BTC,1608091897659,2020-12-16T04:11:37.659Z,sell,1e-06,232.0,0.000232
VIB/BTC,1608091967184,2020-12-16T04:12:47.184Z,sell,1e-06,149.0,0.000149
VIB/BTC,1608091967184,2020-12-16T04:12:47.184Z,sell,1e-06,149.0,0.000149
VIB/BTC,1608092760788,2020-12-16T04:26:00.788Z,sell,1e-06,4286.0,0.004286
VIB/BTC,1608094033936,2020-12-16T04:47:13.936Z,sell,1e-06,2796.0,0.002796
VIB/BTC,1608094485880,2020-12-16T04:54:45.880Z,buy,1.01e-06,100.0,0.000101
VIB/BTC,1608094485880,2020-12-16T04:54:45.880Z,buy,1.01e-06,100.0,0.000101
VIB/BTC,1608096776590,2020-12-16T05:32:56.590Z,sell,1e-06,199.0,0.0001989999999999
VIB/BTC,1608096856248,2020-12-16T05:34:16.248Z,sell,1e-06,215.0,0.000215
VIB/BTC,1608098057516,2020-12-16T05:54:17.516Z,sell,1e-06,78232.0,0.078232
VIB/BTC,1608098057516,2020-12-16T05:54:17.516Z,sell,1e-06,78232.0,0.078232
VIB/BTC,1608098183347,2020-12-16T05:56:23.347Z,buy,1e-06,210.0,0.0002099999999999
VIB/BTC,1608098823786,2020-12-16T06:07:03.786Z,buy,1e-06,70000.0,0.0699999999999999
VIB/BTC,1608099631741,2020-12-16T06:20:31.741Z,buy,1e-06,3003.0,0.003003
VIB/BTC,1608099631743,2020-12-16T06:20:31.743Z,buy,1e-06,8344.0,0.0083439999999999
VIB/BTC,1608099785919,2020-12-16T06:23:05.919Z,buy,1e-06,228.0,0.0002279999999999
VIB/BTC,1608099785919,2020-12-16T06:23:05.919Z,buy,1e-06,228.0,0.0002279999999999
VIB/BTC,1608101919697,2020-12-16T06:58:39.697Z,buy,1e-06,655.0,0.000655
VIB/BTC,1608102958862,2020-12-16T07:15:58.862Z,buy,1e-06,7873.0,0.007873
VIB/BTC,1608102958862,2020-12-16T07:15:58.862Z,buy,1e-06,7873.0,0.007873
VIB/BTC,1608103522905,2020-12-16T07:25:22.905Z,sell,9.9e-07,2482.0,0.00245718
VIB/BTC,1608105709107,2020-12-16T08:01:49.107Z,buy,1e-06,96000.0,0.096
VIB/BTC,1608105715866,2020-12-16T08:01:55.866Z,buy,1e-06,196950.0,0.19695
VIB/BTC,1608105716236,2020-12-16T08:01:56.236Z,sell,1e-06,2926.0,0.0029259999999999
VIB/BTC,1608105726001,2020-12-16T08:02:06.001Z,buy,1e-06,40874.0,0.040874
VIB/BTC,1608105802811,2020-12-16T08:03:22.811Z,sell,1e-06,23288.0,0.023288
VIB/BTC,1608105809533,2020-12-16T08:03:29.533Z,buy,1.01e-06,108.0,0.00010908
VIB/BTC,1608105849315,2020-12-16T08:04:09.315Z,sell,1e-06,2953.0,0.002953
VIB/BTC,1608105866475,2020-12-16T08:04:26.475Z,sell,1e-06,3114.0,0.003114
VIB/BTC,1608106535005,2020-12-16T08:15:35.005Z,sell,1e-06,1278.0,0.0012779999999999
VIB/BTC,1608106535005,2020-12-16T08:15:35.005Z,sell,1e-06,1278.0,0.0012779999999999
VIB/BTC,1608106643312,2020-12-16T08:17:23.312Z,sell,1e-06,108.0,0.000108
VIB/BTC,1608107049758,2020-12-16T08:24:09.758Z,buy,1.01e-06,134.0,0.00013534
VIB/BTC,1608107310846,2020-12-16T08:28:30.846Z,sell,1e-06,110.0,0.0001099999999999
VIB/BTC,1608108035659,2020-12-16T08:40:35.659Z,sell,1e-06,268598.0,0.268598
VIB/BTC,1608108036823,2020-12-16T08:40:36.823Z,sell,1e-06,4507.0,0.004507
VIB/BTC,1608108037441,2020-12-16T08:40:37.441Z,sell,1e-06,20546.0,0.020546
VIB/BTC,1608108047976,2020-12-16T08:40:47.976Z,sell,1e-06,503732.0,0.503732
VIB/BTC,1608108055284,2020-12-16T08:40:55.284Z,sell,1e-06,129732.0,0.129732
VIB/BTC,1608108081826,2020-12-16T08:41:21.826Z,buy,1.01e-06,328937.0,0.33222637
VIB/BTC,1608108091146,2020-12-16T08:41:31.146Z,buy,1.01e-06,104961.0,0.10601061
VIB/BTC,1608108097791,2020-12-16T08:41:37.791Z,buy,1.01e-06,191028.0,0.19293828
VIB/BTC,1608108112422,2020-12-16T08:41:52.422Z,sell,1e-06,405358.0,0.405358
VIB/BTC,1608108113444,2020-12-16T08:41:53.444Z,buy,1e-06,228274.0,0.2282739999999999
VIB/BTC,1608108113979,2020-12-16T08:41:53.979Z,sell,1e-06,71398.0,0.071398
VIB/BTC,1608108123606,2020-12-16T08:42:03.606Z,sell,1e-06,299672.0,0.299672
VIB/BTC,1608108130928,2020-12-16T08:42:10.928Z,sell,1e-06,125862.0,0.125862
VIB/BTC,1608108135822,2020-12-16T08:42:15.822Z,sell,1e-06,50944.0,0.0509439999999999
VIB/BTC,1608108138842,2020-12-16T08:42:18.842Z,sell,1e-06,26970.0,0.0269699999999999
VIB/BTC,1608108142289,2020-12-16T08:42:22.289Z,sell,1e-06,11987.0,0.011987
VIB/BTC,1608108144348,2020-12-16T08:42:24.348Z,sell,1e-06,23974.0,0.023974
VIB/BTC,1608108148315,2020-12-16T08:42:28.315Z,sell,1e-06,14984.0,0.0149839999999999
VIB/BTC,1608108151073,2020-12-16T08:42:31.073Z,sell,1e-06,11987.0,0.011987
VIB/BTC,1608108158979,2020-12-16T08:42:38.979Z,sell,1e-06,8990.0,0.00899
VIB/BTC,1608108164134,2020-12-16T08:42:44.134Z,sell,1e-06,4984.0,0.004984
VIB/BTC,1608108547781,2020-12-16T08:49:07.781Z,sell,1e-06,257857.0,0.257857
VIB/BTC,1608108564721,2020-12-16T08:49:24.721Z,buy,1.01e-06,362163.0,0.36578463
VIB/BTC,1608108577020,2020-12-16T08:49:37.020Z,buy,1.01e-06,86919.0,0.08778819
VIB/BTC,1608108849652,2020-12-16T08:54:09.652Z,buy,1.01e-06,196.0,0.00019796
VIB/BTC,1608108948203,2020-12-16T08:55:48.203Z,buy,1.01e-06,273.0,0.00027573
VIB/BTC,1608109435445,2020-12-16T09:03:55.445Z,buy,1.01e-06,125.0,0.00012625
VIB/BTC,1608109709828,2020-12-16T09:08:29.828Z,buy,1.01e-06,158.0,0.00015958
VIB/BTC,1608109722851,2020-12-16T09:08:42.851Z,buy,1.01e-06,97035.0,0.09800535
VIB/BTC,1608109747066,2020-12-16T09:09:07.066Z,buy,1.01e-06,499784.0,0.50478184
VIB/BTC,1608109759010,2020-12-16T09:09:19.010Z,buy,1.01e-06,3998.0,0.00403798
VIB/BTC,1608109764943,2020-12-16T09:09:24.943Z,buy,1.01e-06,1045.0,0.00105545
VIB/BTC,1608109789626,2020-12-16T09:09:49.626Z,sell,1e-06,372167.0,0.3721669999999999
VIB/BTC,1608109822161,2020-12-16T09:10:22.161Z,buy,1.01e-06,647417.0,0.6538911700000001
VIB/BTC,1608109836130,2020-12-16T09:10:36.130Z,buy,1.01e-06,474565.0,0.47931065
VIB/BTC,1608109844700,2020-12-16T09:10:44.700Z,buy,1.01e-06,312583.0,0.31570883
VIB/BTC,1608109861802,2020-12-16T09:11:01.802Z,buy,1.01e-06,40964.0,0.04137364
VIB/BTC,1608109869859,2020-12-16T09:11:09.859Z,buy,1.01e-06,27309.0,0.02758209
VIB/BTC,1608109872814,2020-12-16T09:11:12.814Z,buy,1.01e-06,54618.0,0.05516418
VIB/BTC,1608109886107,2020-12-16T09:11:26.107Z,buy,1.01e-06,682726.0,0.6895532600000001
VIB/BTC,1608109890867,2020-12-16T09:11:30.867Z,buy,1.01e-06,51418.0,0.05193218
VIB/BTC,1608109894048,2020-12-16T09:11:34.048Z,buy,1.01e-06,12855.0,0.01298355
VIB/BTC,1608109902993,2020-12-16T09:11:42.993Z,buy,1.01e-06,32136.0,0.03245736
VIB/BTC,1608109905681,2020-12-16T09:11:45.681Z,buy,1.01e-06,19282.0,0.01947482
VIB/BTC,1608110108373,2020-12-16T09:15:08.373Z,buy,1.01e-06,494899.0,0.49984799
VIB/BTC,1608110121833,2020-12-16T09:15:21.833Z,buy,1.01e-06,195966.0,0.19792566
VIB/BTC,1608110121833,2020-12-16T09:15:21.833Z,buy,1.01e-06,195966.0,0.19792566
VIB/BTC,1608110137365,2020-12-16T09:15:37.365Z,buy,1.01e-06,196694.0,0.19866094
VIB/BTC,1608110149027,2020-12-16T09:15:49.027Z,buy,1.01e-06,211713.0,0.21383013
VIB/BTC,1608110164905,2020-12-16T09:16:04.905Z,sell,1e-06,2953.0,0.002953
VIB/BTC,1608110173934,2020-12-16T09:16:13.934Z,buy,1.01e-06,14591.0,0.01473691
VIB/BTC,1608110181316,2020-12-16T09:16:21.316Z,buy,1.01e-06,228.0,0.00023028
VIB/BTC,1608110188268,2020-12-16T09:16:28.268Z,buy,1.01e-06,1799.0,0.00181699
VIB/BTC,1608110194275,2020-12-16T09:16:34.275Z,buy,1.01e-06,5366.0,0.00541966
VIB/BTC,1608110199284,2020-12-16T09:16:39.284Z,buy,1.01e-06,5912.0,0.00597112
VIB/BTC,1608110202917,2020-12-16T09:16:42.917Z,buy,1.01e-06,1556.0,0.00157156
VIB/BTC,1608110205603,2020-12-16T09:16:45.603Z,buy,1.01e-06,1278.0,0.00129078
VIB/BTC,1608110210614,2020-12-16T09:16:50.614Z,buy,1.01e-06,316.0,0.00031916
VIB/BTC,1608110214974,2020-12-16T09:16:54.974Z,buy,1.01e-06,875.0,0.00088375
VIB/BTC,1608110218819,2020-12-16T09:16:58.819Z,buy,1.01e-06,680.0,0.0006868
VIB/BTC,1608110222203,2020-12-16T09:17:02.203Z,buy,1.01e-06,340.0,0.0003434
VIB/BTC,1608110225455,2020-12-16T09:17:05.455Z,buy,1.01e-06,3891.0,0.00392991
VIB/BTC,1608110228757,2020-12-16T09:17:08.757Z,buy,1.01e-06,1750.0,0.0017675
VIB/BTC,1608110231555,2020-12-16T09:17:11.555Z,buy,1.01e-06,414.0,0.00041814
VIB/BTC,1608110235074,2020-12-16T09:17:15.074Z,buy,1.01e-06,785.0,0.00079285
VIB/BTC,1608110238638,2020-12-16T09:17:18.638Z,buy,1.01e-06,1577.0,0.00159277
VIB/BTC,1608110242513,2020-12-16T09:17:22.513Z,buy,1.01e-06,888.0,0.00089688
VIB/BTC,1608110242992,2020-12-16T09:17:22.992Z,sell,1e-06,3535.0,0.003535
VIB/BTC,1608110245490,2020-12-16T09:17:25.490Z,buy,1.01e-06,354.0,0.00035754
VIB/BTC,1608110248653,2020-12-16T09:17:28.653Z,buy,1.01e-06,5247.0,0.00529947
VIB/BTC,1608110251492,2020-12-16T09:17:31.492Z,sell,1e-06,21367.0,0.021367
VIB/BTC,1608110252767,2020-12-16T09:17:32.767Z,buy,1.01e-06,1027.0,0.00103727
VIB/BTC,1608110256531,2020-12-16T09:17:36.531Z,buy,1.01e-06,887.0,0.00089587
VIB/BTC,1608110259139,2020-12-16T09:17:39.139Z,buy,1.01e-06,472.0,0.00047672
VIB/BTC,1608110264730,2020-12-16T09:17:44.730Z,buy,1.01e-06,412.0,0.00041612
VIB/BTC,1608110268491,2020-12-16T09:17:48.491Z,sell,1e-06,65215.0,0.065215
VIB/BTC,1608110281666,2020-12-16T09:18:01.666Z,buy,1.01e-06,4567.0,0.00461267
VIB/BTC,1608110288098,2020-12-16T09:18:08.098Z,buy,1.01e-06,2148.0,0.00216948
VIB/BTC,1608110293914,2020-12-16T09:18:13.914Z,buy,1.01e-06,4407.0,0.00445107
VIB/BTC,1608110299254,2020-12-16T09:18:19.254Z,buy,1.01e-06,990.0,0.0009999
VIB/BTC,1608110303920,2020-12-16T09:18:23.920Z,buy,1.01e-06,2147.0,0.00216847
VIB/BTC,1608110309331,2020-12-16T09:18:29.331Z,buy,1.01e-06,330.0,0.0003333
VIB/BTC,1608110315190,2020-12-16T09:18:35.190Z,buy,1.01e-06,357.0,0.00036057
VIB/BTC,1608110322743,2020-12-16T09:18:42.743Z,buy,1.01e-06,5509.0,0.00556409
VIB/BTC,1608110329691,2020-12-16T09:18:49.691Z,buy,1.01e-06,357.0,0.00036057
VIB/BTC,1608110333973,2020-12-16T09:18:53.973Z,buy,1.01e-06,1301.0,0.00131401
VIB/BTC,1608110339158,2020-12-16T09:18:59.158Z,buy,1.01e-06,325.0,0.00032825
VIB/BTC,1608110343490,2020-12-16T09:19:03.490Z,buy,1.01e-06,2414.0,0.00243814
VIB/BTC,1608110347779,2020-12-16T09:19:07.779Z,buy,1.01e-06,826.0,0.00083426
VIB/BTC,1608110352900,2020-12-16T09:19:12.900Z,buy,1.01e-06,440.0,0.0004444
VIB/BTC,1608110356766,2020-12-16T09:19:16.766Z,buy,1.01e-06,661.0,0.00066761
VIB/BTC,1608110361806,2020-12-16T09:19:21.806Z,buy,1.01e-06,475.0,0.00047975
VIB/BTC,1608110390091,2020-12-16T09:19:50.091Z,sell,1e-06,5872.0,0.005872
VIB/BTC,1608110416185,2020-12-16T09:20:16.185Z,buy,1e-06,4128.0,0.004128
VIB/BTC,1608110432481,2020-12-16T09:20:32.481Z,sell,1e-06,872.0,0.0008719999999999
VIB/BTC,1608110432481,2020-12-16T09:20:32.481Z,sell,9.9e-07,1006.0,0.00099594
VIB/BTC,1608110473790,2020-12-16T09:21:13.790Z,buy,1e-06,1341.0,0.001341
VIB/BTC,1608110568315,2020-12-16T09:22:48.315Z,buy,1e-06,211.0,0.0002109999999999
VIB/BTC,1608111385689,2020-12-16T09:36:25.689Z,buy,1e-06,956.0,0.0009559999999999
VIB/BTC,1608112099675,2020-12-16T09:48:19.675Z,buy,1e-06,26351.0,0.026351
VIB/BTC,1608112211076,2020-12-16T09:50:11.076Z,buy,1e-06,219.0,0.0002189999999999
VIB/BTC,1608112598004,2020-12-16T09:56:38.004Z,buy,1e-06,20036.0,0.0200359999999999
VIB/BTC,1608112601008,2020-12-16T09:56:41.008Z,buy,1e-06,15854.0,0.015854
VIB/BTC,1608112601008,2020-12-16T09:56:41.008Z,buy,1e-06,15854.0,0.015854
VIB/BTC,1608113924028,2020-12-16T10:18:44.028Z,sell,9.9e-07,16803.0,0.01663497
VIB/BTC,1608113924156,2020-12-16T10:18:44.156Z,sell,9.9e-07,15509.0,0.01535391
VIB/BTC,1608113949767,2020-12-16T10:19:09.767Z,sell,9.9e-07,8355.0,0.00827145
VIB/BTC,1608113950646,2020-12-16T10:19:10.646Z,sell,9.9e-07,26070.0,0.0258093
VIB/BTC,1608114013598,2020-12-16T10:20:13.598Z,sell,9.8e-07,3145.0,0.0030821
VIB/BTC,1608114015235,2020-12-16T10:20:15.235Z,sell,9.8e-07,2983.0,0.00292334
VIB/BTC,1608114061646,2020-12-16T10:21:01.646Z,buy,9.9e-07,310.0,0.0003069
VIB/BTC,1608114081384,2020-12-16T10:21:21.384Z,sell,9.8e-07,20934.0,0.02051532
VIB/BTC,1608114081384,2020-12-16T10:21:21.384Z,sell,9.7e-07,40647.0,0.03942759
VIB/BTC,1608114081690,2020-12-16T10:21:21.690Z,buy,9.8e-07,962.0,0.00094276
VIB/BTC,1608114082136,2020-12-16T10:21:22.136Z,buy,9.8e-07,671.0,0.00065758
VIB/BTC,1608114082146,2020-12-16T10:21:22.146Z,buy,9.8e-07,550.0,0.000539
VIB/BTC,1608114082160,2020-12-16T10:21:22.160Z,buy,9.8e-07,550.0,0.000539
VIB/BTC,1608114082170,2020-12-16T10:21:22.170Z,buy,9.8e-07,412.0,0.0004037599999999
VIB/BTC,1608114082185,2020-12-16T10:21:22.185Z,buy,9.8e-07,412.0,0.0004037599999999
VIB/BTC,1608114427888,2020-12-16T10:27:07.888Z,buy,9.8e-07,103.0,0.0001009399999999
VIB/BTC,1608114587689,2020-12-16T10:29:47.689Z,buy,9.8e-07,216.0,0.0002116799999999
VIB/BTC,1608114792497,2020-12-16T10:33:12.497Z,buy,9.8e-07,200000.0,0.1959999999999999
VIB/BTC,1608116171500,2020-12-16T10:56:11.500Z,buy,9.8e-07,137.0,0.0001342599999999
VIB/BTC,1608116171500,2020-12-16T10:56:11.500Z,buy,9.8e-07,137.0,0.0001342599999999
VIB/BTC,1608116222297,2020-12-16T10:57:02.297Z,sell,9.7e-07,4004.0,0.00388388
VIB/BTC,1608116527315,2020-12-16T11:02:07.315Z,sell,9.7e-07,6503.0,0.00630791
VIB/BTC,1608116601821,2020-12-16T11:03:21.821Z,sell,9.7e-07,51848.0,0.05029256
VIB/BTC,1608116601974,2020-12-16T11:03:21.974Z,sell,9.7e-07,395.0,0.00038315
VIB/BTC,1608116679713,2020-12-16T11:04:39.713Z,buy,9.8e-07,51267.0,0.0502416599999999
VIB/BTC,1608116718395,2020-12-16T11:05:18.395Z,buy,9.8e-07,540.0,0.0005292
VIB/BTC,1608116718395,2020-12-16T11:05:18.395Z,buy,9.8e-07,540.0,0.0005292
VIB/BTC,1608121156962,2020-12-16T12:19:16.962Z,sell,9.7e-07,8302.0,0.00805294
VIB/BTC,1608121156962,2020-12-16T12:19:16.962Z,sell,9.7e-07,968.0,0.00093896
VIB/BTC,1608121369397,2020-12-16T12:22:49.397Z,sell,9.7e-07,31119.0,0.03018543
VIB/BTC,1608121369413,2020-12-16T12:22:49.413Z,buy,9.7e-07,972.0,0.00094284
VIB/BTC,1608121369428,2020-12-16T12:22:49.428Z,buy,9.7e-07,1241.0,0.00120377
VIB/BTC,1608121369473,2020-12-16T12:22:49.473Z,buy,9.7e-07,1240.0,0.0012028
VIB/BTC,1608121369512,2020-12-16T12:22:49.512Z,buy,9.7e-07,1240.0,0.0012028
VIB/BTC,1608121369547,2020-12-16T12:22:49.547Z,buy,9.7e-07,1239.0,0.00120183
VIB/BTC,1608121369574,2020-12-16T12:22:49.574Z,buy,9.7e-07,606.0,0.00058782
VIB/BTC,1608121372053,2020-12-16T12:22:52.053Z,sell,9.6e-07,2035.0,0.0019535999999999
VIB/BTC,1608121372053,2020-12-16T12:22:52.053Z,sell,9.6e-07,177834.0,0.1707206399999999
VIB/BTC,1608121476058,2020-12-16T12:24:36.058Z,sell,9.6e-07,13559.0,0.01301664
VIB/BTC,1608121476058,2020-12-16T12:24:36.058Z,sell,9.6e-07,13559.0,0.01301664
VIB/BTC,1608121659304,2020-12-16T12:27:39.304Z,sell,9.6e-07,11059.0,0.0106166399999999
VIB/BTC,1608122037932,2020-12-16T12:33:57.932Z,sell,9.6e-07,96665.0,0.0927983999999999
VIB/BTC,1608122052503,2020-12-16T12:34:12.503Z,sell,9.6e-07,3035.0,0.0029135999999999
VIB/BTC,1608122059144,2020-12-16T12:34:19.144Z,sell,9.6e-07,3200.0,0.0030719999999999
VIB/BTC,1608122117276,2020-12-16T12:35:17.276Z,buy,9.7e-07,213.0,0.00020661
VIB/BTC,1608122453329,2020-12-16T12:40:53.329Z,buy,9.7e-07,122.0,0.00011834
VIB/BTC,1608123938836,2020-12-16T13:05:38.836Z,sell,9.6e-07,1935.0,0.0018575999999999
VIB/BTC,1608124205976,2020-12-16T13:10:05.976Z,buy,9.6e-07,6173.0,0.0059260799999999
VIB/BTC,1608124206211,2020-12-16T13:10:06.211Z,buy,9.6e-07,12000.0,0.0115199999999999
VIB/BTC,1608124206350,2020-12-16T13:10:06.350Z,buy,9.6e-07,2807.0,0.00269472
VIB/BTC,1608124213682,2020-12-16T13:10:13.682Z,buy,9.6e-07,205.0,0.0001967999999999
VIB/BTC,1608124298355,2020-12-16T13:11:38.355Z,sell,9.5e-07,42723.0,0.04058685
VIB/BTC,1608124708701,2020-12-16T13:18:28.701Z,sell,9.5e-07,18160.0,0.017252
VIB/BTC,1608124708701,2020-12-16T13:18:28.701Z,sell,9.5e-07,18160.0,0.017252
VIB/BTC,1608125474713,2020-12-16T13:31:14.713Z,sell,9.5e-07,1821.0,0.00172995
VIB/BTC,1608126255122,2020-12-16T13:44:15.122Z,sell,9.5e-07,12065.0,0.01146175
VIB/BTC,1608126255276,2020-12-16T13:44:15.276Z,buy,9.5e-07,3843.0,0.00365085
VIB/BTC,1608126264353,2020-12-16T13:44:24.353Z,buy,9.5e-07,1211.0,0.00115045
VIB/BTC,1608126265829,2020-12-16T13:44:25.829Z,sell,9.4e-07,85499.0,0.08036906
VIB/BTC,1608126284684,2020-12-16T13:44:44.684Z,buy,9.5e-07,2629.0,0.00249755
VIB/BTC,1608126285568,2020-12-16T13:44:45.568Z,buy,9.5e-07,2629.0,0.00249755
VIB/BTC,1608126307788,2020-12-16T13:45:07.788Z,sell,9.4e-07,3257.0,0.00306158
VIB/BTC,1608126330648,2020-12-16T13:45:30.648Z,buy,9.4e-07,3004.0,0.00282376
VIB/BTC,1608126330943,2020-12-16T13:45:30.943Z,buy,9.4e-07,1000.0,0.00094
VIB/BTC,1608126331020,2020-12-16T13:45:31.020Z,buy,9.4e-07,1000.0,0.00094
VIB/BTC,1608126385204,2020-12-16T13:46:25.204Z,buy,9.4e-07,35.0,3.29e-05
VIB/BTC,1608126403389,2020-12-16T13:46:43.389Z,sell,9.3e-07,2994.0,0.00278442
VIB/BTC,1608126437418,2020-12-16T13:47:17.418Z,sell,9.3e-07,14270.0,0.0132711
VIB/BTC,1608126522036,2020-12-16T13:48:42.036Z,buy,9.4e-07,351.0,0.00032994
VIB/BTC,1608126529639,2020-12-16T13:48:49.639Z,buy,9.4e-07,351.0,0.00032994
VIB/BTC,1608126530519,2020-12-16T13:48:50.519Z,buy,9.4e-07,351.0,0.00032994
VIB/BTC,1608126531660,2020-12-16T13:48:51.660Z,buy,9.4e-07,351.0,0.00032994
VIB/BTC,1608126532183,2020-12-16T13:48:52.183Z,buy,9.4e-07,351.0,0.00032994
VIB/BTC,1608126610878,2020-12-16T13:50:10.878Z,buy,9.4e-07,782.0,0.00073508
VIB/BTC,1608126681822,2020-12-16T13:51:21.822Z,sell,9.3e-07,1543.0,0.00143499
VIB/BTC,1608126682065,2020-12-16T13:51:22.065Z,sell,9.3e-07,2598.0,0.0024161399999999
VIB/BTC,1608126702656,2020-12-16T13:51:42.656Z,sell,9.3e-07,9788.0,0.00910284
VIB/BTC,1608126768424,2020-12-16T13:52:48.424Z,sell,9.3e-07,2403.0,0.00223479
VIB/BTC,1608126784188,2020-12-16T13:53:04.188Z,sell,9.3e-07,1958.0,0.00182094
VIB/BTC,1608126953283,2020-12-16T13:55:53.283Z,buy,9.4e-07,177.0,0.00016638
VIB/BTC,1608127119868,2020-12-16T13:58:39.868Z,buy,9.4e-07,2220.0,0.0020868
VIB/BTC,1608127120382,2020-12-16T13:58:40.382Z,buy,9.4e-07,8720.0,0.0081968
VIB/BTC,1608127120425,2020-12-16T13:58:40.425Z,buy,9.4e-07,8715.0,0.0081921
VIB/BTC,1608127120447,2020-12-16T13:58:40.447Z,buy,9.4e-07,6445.0,0.0060583
VIB/BTC,1608127120459,2020-12-16T13:58:40.459Z,buy,9.4e-07,6434.0,0.00604796
VIB/BTC,1608127122532,2020-12-16T13:58:42.532Z,buy,9.4e-07,2220.0,0.0020868
VIB/BTC,1608127262584,2020-12-16T14:01:02.584Z,buy,9.4e-07,10599.0,0.00996306
VIB/BTC,1608127264988,2020-12-16T14:01:04.988Z,buy,9.4e-07,24782.0,0.02329508
VIB/BTC,1608127394406,2020-12-16T14:03:14.406Z,buy,9.4e-07,1170.0,0.0010998
VIB/BTC,1608127466768,2020-12-16T14:04:26.768Z,buy,9.4e-07,19855.0,0.0186637
VIB/BTC,1608127468682,2020-12-16T14:04:28.682Z,buy,9.4e-07,8720.0,0.0081968
VIB/BTC,1608127468722,2020-12-16T14:04:28.722Z,buy,9.4e-07,8720.0,0.0081968
VIB/BTC,1608127468774,2020-12-16T14:04:28.774Z,buy,9.4e-07,8720.0,0.0081968
VIB/BTC,1608127468801,2020-12-16T14:04:28.801Z,buy,9.4e-07,6677.0,0.00627638
VIB/BTC,1608127469679,2020-12-16T14:04:29.679Z,buy,9.4e-07,8719.0,0.00819586
VIB/BTC,1608127469707,2020-12-16T14:04:29.707Z,buy,9.4e-07,8720.0,0.0081968
VIB/BTC,1608127469730,2020-12-16T14:04:29.730Z,buy,9.4e-07,1607.0,0.00151058
VIB/BTC,1608127475885,2020-12-16T14:04:35.885Z,buy,9.4e-07,480.0,0.0004512
VIB/BTC,1608127479022,2020-12-16T14:04:39.022Z,buy,9.4e-07,353.0,0.00033182
VIB/BTC,1608127695219,2020-12-16T14:08:15.219Z,buy,9.4e-07,750.0,0.000705
VIB/BTC,1608127749996,2020-12-16T14:09:09.996Z,buy,9.4e-07,25522.0,0.02399068
VIB/BTC,1608127981284,2020-12-16T14:13:01.284Z,buy,9.4e-07,202.0,0.00018988
VIB/BTC,1608128097791,2020-12-16T14:14:57.791Z,sell,9.3e-07,3869.0,0.00359817
VIB/BTC,1608128125910,2020-12-16T14:15:25.910Z,sell,9.3e-07,23936.0,0.02226048
VIB/BTC,1608128203228,2020-12-16T14:16:43.228Z,sell,9.3e-07,7158.0,0.00665694
VIB/BTC,1608128218899,2020-12-16T14:16:58.899Z,sell,9.3e-07,8000.0,0.0074399999999999
VIB/BTC,1608128246749,2020-12-16T14:17:26.749Z,buy,9.4e-07,17300.0,0.016262
VIB/BTC,1608128290413,2020-12-16T14:18:10.413Z,sell,9.3e-07,3317.0,0.00308481
VIB/BTC,1608128290413,2020-12-16T14:18:10.413Z,sell,9.3e-07,3317.0,0.00308481
VIB/BTC,1608128474281,2020-12-16T14:21:14.281Z,buy,9.4e-07,278.0,0.00026132
VIB/BTC,1608128509072,2020-12-16T14:21:49.072Z,sell,9.3e-07,6121.0,0.00569253
VIB/BTC,1608128897549,2020-12-16T14:28:17.549Z,sell,9.3e-07,2000.0,0.0018599999999999
VIB/BTC,1608129030909,2020-12-16T14:30:30.909Z,sell,9.3e-07,1978.0,0.00183954
VIB/BTC,1608129167971,2020-12-16T14:32:47.971Z,buy,9.4e-07,1904.0,0.00178976
VIB/BTC,1608130075063,2020-12-16T14:47:55.063Z,sell,9.3e-07,197.0,0.00018321
VIB/BTC,1608130084726,2020-12-16T14:48:04.726Z,sell,9.3e-07,297.0,0.00027621
VIB/BTC,1608130201924,2020-12-16T14:50:01.924Z,sell,9.3e-07,2503.0,0.00232779
VIB/BTC,1608130648750,2020-12-16T14:57:28.750Z,sell,9.3e-07,240.0,0.0002232
VIB/BTC,1608130860162,2020-12-16T15:01:00.162Z,sell,9.3e-07,2391.0,0.00222363
VIB/BTC,1608131248138,2020-12-16T15:07:28.138Z,sell,9.3e-07,999.0,0.0009290699999999
VIB/BTC,1608131457192,2020-12-16T15:10:57.192Z,sell,9.3e-07,135.0,0.00012555
VIB/BTC,1608131845771,2020-12-16T15:17:25.771Z,sell,9.3e-07,5507.0,0.00512151
VIB/BTC,1608131845775,2020-12-16T15:17:25.775Z,sell,9.3e-07,5699.0,0.00530007
VIB/BTC,1608131864964,2020-12-16T15:17:44.964Z,sell,9.3e-07,5235.0,0.00486855
VIB/BTC,1608131864964,2020-12-16T15:17:44.964Z,sell,9.2e-07,908.0,0.0008353599999999
VIB/BTC,1608131864964,2020-12-16T15:17:44.964Z,sell,9.2e-07,860.0,0.0007911999999999
VIB/BTC,1608131864964,2020-12-16T15:17:44.964Z,sell,9.2e-07,13283.0,0.01222036
VIB/BTC,1608131864964,2020-12-16T15:17:44.964Z,sell,9.3e-07,5235.0,0.00486855
VIB/BTC,1608131864964,2020-12-16T15:17:44.964Z,sell,9.2e-07,908.0,0.0008353599999999
VIB/BTC,1608131864964,2020-12-16T15:17:44.964Z,sell,9.2e-07,860.0,0.0007911999999999
VIB/BTC,1608131864964,2020-12-16T15:17:44.964Z,sell,9.2e-07,13283.0,0.01222036
VIB/BTC,1608132049661,2020-12-16T15:20:49.661Z,sell,9.2e-07,163.0,0.00014996
VIB/BTC,1608132064664,2020-12-16T15:21:04.664Z,sell,9.2e-07,132.0,0.00012144
VIB/BTC,1608132074511,2020-12-16T15:21:14.511Z,buy,9.3e-07,327.0,0.00030411
VIB/BTC,1608132074685,2020-12-16T15:21:14.685Z,sell,9.2e-07,156.0,0.00014352
VIB/BTC,1608132089684,2020-12-16T15:21:29.684Z,sell,9.2e-07,186.0,0.00017112
VIB/BTC,1608132109658,2020-12-16T15:21:49.658Z,sell,9.2e-07,285.0,0.0002622
VIB/BTC,1608132134676,2020-12-16T15:22:14.676Z,sell,9.2e-07,148.0,0.00013616
VIB/BTC,1608132149787,2020-12-16T15:22:29.787Z,sell,9.2e-07,131.0,0.0001205199999999
VIB/BTC,1608132169832,2020-12-16T15:22:49.832Z,sell,9.2e-07,185.0,0.0001702
VIB/BTC,1608132172662,2020-12-16T15:22:52.662Z,sell,9.2e-07,205.0,0.0001886
VIB/BTC,1608132194849,2020-12-16T15:23:14.849Z,sell,9.2e-07,131.0,0.0001205199999999
VIB/BTC,1608132229830,2020-12-16T15:23:49.830Z,sell,9.2e-07,136.0,0.00012512
VIB/BTC,1608132249869,2020-12-16T15:24:09.869Z,sell,9.2e-07,131.0,0.0001205199999999
VIB/BTC,1608132274857,2020-12-16T15:24:34.857Z,sell,9.2e-07,133.0,0.00012236
VIB/BTC,1608132289862,2020-12-16T15:24:49.862Z,sell,9.2e-07,131.0,0.0001205199999999
VIB/BTC,1608132309855,2020-12-16T15:25:09.855Z,sell,9.2e-07,131.0,0.0001205199999999
VIB/BTC,1608132329846,2020-12-16T15:25:29.846Z,sell,9.2e-07,131.0,0.0001205199999999
VIB/BTC,1608132349860,2020-12-16T15:25:49.860Z,sell,9.2e-07,176.0,0.00016192
VIB/BTC,1608132368971,2020-12-16T15:26:08.971Z,sell,9.2e-07,966.0,0.00088872
VIB/BTC,1608132379880,2020-12-16T15:26:19.880Z,sell,9.2e-07,163.0,0.00014996
VIB/BTC,1608132409844,2020-12-16T15:26:49.844Z,sell,9.2e-07,131.0,0.0001205199999999
VIB/BTC,1608132424835,2020-12-16T15:27:04.835Z,sell,9.2e-07,193.0,0.00017756
VIB/BTC,1608132442293,2020-12-16T15:27:22.293Z,sell,9.2e-07,798.0,0.00073416
VIB/BTC,1608132454901,2020-12-16T15:27:34.901Z,sell,9.2e-07,131.0,0.0001205199999999
VIB/BTC,1608132458768,2020-12-16T15:27:38.768Z,sell,9.2e-07,2093.0,0.00192556
VIB/BTC,1608132469839,2020-12-16T15:27:49.839Z,sell,9.2e-07,190.0,0.0001748
VIB/BTC,1608132494857,2020-12-16T15:28:14.857Z,sell,9.2e-07,155.0,0.0001426
VIB/BTC,1608132509862,2020-12-16T15:28:29.862Z,sell,9.2e-07,214.0,0.00019688
VIB/BTC,1608132529849,2020-12-16T15:28:49.849Z,sell,9.2e-07,131.0,0.0001205199999999
VIB/BTC,1608132549904,2020-12-16T15:29:09.904Z,sell,9.2e-07,131.0,0.0001205199999999
VIB/BTC,1608132563293,2020-12-16T15:29:23.293Z,sell,9.2e-07,196000.0,0.18032
VIB/BTC,1608132569139,2020-12-16T15:29:29.139Z,sell,9.2e-07,4000.0,0.00368
VIB/BTC,1608132569856,2020-12-16T15:29:29.856Z,sell,9.2e-07,161.0,0.0001481199999999
VIB/BTC,1608132589848,2020-12-16T15:29:49.848Z,sell,9.2e-07,3287.0,0.00302404
VIB/BTC,1608132614870,2020-12-16T15:30:14.870Z,sell,9.2e-07,1268.0,0.00116656
VIB/BTC,1608132629862,2020-12-16T15:30:29.862Z,sell,9.2e-07,2403.0,0.00221076
VIB/BTC,1608132649894,2020-12-16T15:30:49.894Z,sell,9.2e-07,1043.0,0.0009595599999999
VIB/BTC,1608132669871,2020-12-16T15:31:09.871Z,sell,9.2e-07,970.0,0.0008924
VIB/BTC,1608132680905,2020-12-16T15:31:20.905Z,sell,9.2e-07,3353.0,0.0030847599999999
VIB/BTC,1608132699880,2020-12-16T15:31:39.880Z,sell,9.2e-07,620.0,0.0005704
VIB/BTC,1608132709870,2020-12-16T15:31:49.870Z,sell,9.2e-07,854.0,0.00078568
VIB/BTC,1608132729869,2020-12-16T15:32:09.869Z,sell,9.2e-07,628.0,0.00057776
VIB/BTC,1608132744884,2020-12-16T15:32:24.884Z,sell,9.2e-07,1100.0,0.0010119999999999
VIB/BTC,1608132769865,2020-12-16T15:32:49.865Z,sell,9.2e-07,681.0,0.00062652
VIB/BTC,1608132784867,2020-12-16T15:33:04.867Z,sell,9.2e-07,1239.0,0.00113988
VIB/BTC,1608132814885,2020-12-16T15:33:34.885Z,sell,9.2e-07,1241.0,0.00114172
VIB/BTC,1608132829867,2020-12-16T15:33:49.867Z,sell,9.2e-07,520.0,0.0004784
VIB/BTC,1608132839849,2020-12-16T15:33:59.849Z,sell,9.2e-07,985.0,0.0009062
VIB/BTC,1608132853432,2020-12-16T15:34:13.432Z,buy,9.3e-07,549.0,0.00051057
VIB/BTC,1608132859927,2020-12-16T15:34:19.927Z,sell,9.2e-07,515.0,0.0004737999999999
VIB/BTC,1608132880168,2020-12-16T15:34:40.168Z,sell,9.2e-07,1017.0,0.00093564
VIB/BTC,1608132889990,2020-12-16T15:34:49.990Z,sell,9.2e-07,357.0,0.00032844
VIB/BTC,1608132914956,2020-12-16T15:35:14.956Z,sell,9.2e-07,311.0,0.00028612
VIB/BTC,1608132940023,2020-12-16T15:35:40.023Z,sell,9.2e-07,234.0,0.0002152799999999
VIB/BTC,1608132949959,2020-12-16T15:35:49.959Z,sell,9.2e-07,168.0,0.0001545599999999
VIB/BTC,1608132959946,2020-12-16T15:35:59.946Z,sell,9.2e-07,215.0,0.0001977999999999
VIB/BTC,1608132974973,2020-12-16T15:36:14.973Z,sell,9.2e-07,256.0,0.00023552
VIB/BTC,1608132989968,2020-12-16T15:36:29.968Z,sell,9.2e-07,276.0,0.00025392
VIB/BTC,1608133010025,2020-12-16T15:36:50.025Z,sell,9.2e-07,393.0,0.00036156
VIB/BTC,1608133035029,2020-12-16T15:37:15.029Z,sell,9.2e-07,259.0,0.00023828
VIB/BTC,1608133060008,2020-12-16T15:37:40.008Z,sell,9.2e-07,383.0,0.0003523599999999
VIB/BTC,1608133070014,2020-12-16T15:37:50.014Z,sell,9.2e-07,329.0,0.00030268
VIB/BTC,1608133089975,2020-12-16T15:38:09.975Z,sell,9.2e-07,306.0,0.00028152
VIB/BTC,1608133114966,2020-12-16T15:38:34.966Z,sell,9.2e-07,253.0,0.00023276
VIB/BTC,1608133129991,2020-12-16T15:38:49.991Z,sell,9.2e-07,190.0,0.0001748
VIB/BTC,1608133144970,2020-12-16T15:39:04.970Z,sell,9.2e-07,204.0,0.00018768
VIB/BTC,1608133159982,2020-12-16T15:39:19.982Z,sell,9.2e-07,194.0,0.0001784799999999
VIB/BTC,1608133170073,2020-12-16T15:39:30.073Z,sell,9.2e-07,370.0,0.0003404
VIB/BTC,1608133189976,2020-12-16T15:39:49.976Z,sell,9.2e-07,419.0,0.00038548
VIB/BTC,1608133214971,2020-12-16T15:40:14.971Z,sell,9.2e-07,318.0,0.00029256
VIB/BTC,1608133240005,2020-12-16T15:40:40.005Z,sell,9.2e-07,395.0,0.0003634
VIB/BTC,1608133249983,2020-12-16T15:40:49.983Z,sell,9.2e-07,279.0,0.00025668
VIB/BTC,1608133269999,2020-12-16T15:41:09.999Z,sell,9.2e-07,203.0,0.00018676
VIB/BTC,1608133285019,2020-12-16T15:41:25.019Z,sell,9.2e-07,178.0,0.00016376
VIB/BTC,1608133294979,2020-12-16T15:41:34.979Z,sell,9.2e-07,328.0,0.00030176
VIB/BTC,1608133310019,2020-12-16T15:41:50.019Z,sell,9.2e-07,288.0,0.00026496
VIB/BTC,1608133330000,2020-12-16T15:42:10.000Z,sell,9.2e-07,255.0,0.0002345999999999
VIB/BTC,1608133349982,2020-12-16T15:42:29.982Z,sell,9.2e-07,311.0,0.00028612
VIB/BTC,1608133370153,2020-12-16T15:42:50.153Z,sell,9.2e-07,275.0,0.0002529999999999
VIB/BTC,1608133390162,2020-12-16T15:43:10.162Z,sell,9.2e-07,388.0,0.0003569599999999
VIB/BTC,1608133415188,2020-12-16T15:43:35.188Z,sell,9.2e-07,215.0,0.0001977999999999
VIB/BTC,1608133430126,2020-12-16T15:43:50.126Z,sell,9.2e-07,408.0,0.00037536
VIB/BTC,1608133460189,2020-12-16T15:44:20.189Z,sell,9.2e-07,155.0,0.0001426
VIB/BTC,1608133470155,2020-12-16T15:44:30.155Z,sell,9.2e-07,409.0,0.00037628
VIB/BTC,1608133490152,2020-12-16T15:44:50.152Z,sell,9.2e-07,333.0,0.00030636
VIB/BTC,1608133515169,2020-12-16T15:45:15.169Z,sell,9.2e-07,192.0,0.00017664
VIB/BTC,1608133535192,2020-12-16T15:45:35.192Z,sell,9.2e-07,143.0,0.00013156
VIB/BTC,1608133550201,2020-12-16T15:45:50.201Z,sell,9.2e-07,211.0,0.00019412
VIB/BTC,1608133565213,2020-12-16T15:46:05.213Z,sell,9.2e-07,205.0,0.0001886
VIB/BTC,1608133585228,2020-12-16T15:46:25.228Z,sell,9.2e-07,185.0,0.0001702
VIB/BTC,1608133600156,2020-12-16T15:46:40.156Z,sell,9.2e-07,147.0,0.0001352399999999
VIB/BTC,1608133609025,2020-12-16T15:46:49.025Z,buy,9.3e-07,6251.0,0.00581343
VIB/BTC,1608133610166,2020-12-16T15:46:50.166Z,sell,9.2e-07,178.0,0.00016376
VIB/BTC,1608133619987,2020-12-16T15:46:59.987Z,sell,9.2e-07,137.0,0.00012604
VIB/BTC,1608133630002,2020-12-16T15:47:10.002Z,sell,9.2e-07,149.0,0.00013708
VIB/BTC,1608133645014,2020-12-16T15:47:25.014Z,sell,9.2e-07,135.0,0.0001242
VIB/BTC,1608133655054,2020-12-16T15:47:35.054Z,sell,9.2e-07,152.0,0.00013984
VIB/BTC,1608133669987,2020-12-16T15:47:49.987Z,sell,9.2e-07,382.0,0.00035144
VIB/BTC,1608133677834,2020-12-16T15:47:57.834Z,buy,9.2e-07,121.0,0.00011132
VIB/BTC,1608133700035,2020-12-16T15:48:20.035Z,sell,9.1e-07,369.0,0.00033579
VIB/BTC,1608133730006,2020-12-16T15:48:50.006Z,sell,9.1e-07,210.0,0.0001910999999999
VIB/BTC,1608133744387,2020-12-16T15:49:04.387Z,buy,9.3e-07,4033.0,0.00375069
VIB/BTC,1608133744486,2020-12-16T15:49:04.486Z,buy,9.3e-07,540.0,0.0005022
VIB/BTC,1608133745001,2020-12-16T15:49:05.001Z,sell,9.2e-07,226.0,0.00020792
VIB/BTC,1608133765011,2020-12-16T15:49:25.011Z,sell,9.2e-07,277.0,0.00025484
VIB/BTC,1608133789974,2020-12-16T15:49:49.974Z,sell,9.2e-07,315.0,0.0002898
VIB/BTC,1608133810048,2020-12-16T15:50:10.048Z,sell,9.2e-07,324.0,0.00029808
VIB/BTC,1608133834990,2020-12-16T15:50:34.990Z,sell,9.2e-07,204.0,0.00018768
VIB/BTC,1608133849977,2020-12-16T15:50:49.977Z,sell,9.2e-07,397.0,0.0003652399999999
VIB/BTC,1608133875010,2020-12-16T15:51:15.010Z,sell,9.2e-07,301.0,0.00027692
VIB/BTC,1608133909976,2020-12-16T15:51:49.976Z,sell,9.2e-07,236.0,0.00021712
VIB/BTC,1608133930034,2020-12-16T15:52:10.034Z,sell,9.2e-07,131.0,0.0001205199999999
VIB/BTC,1608133940005,2020-12-16T15:52:20.005Z,sell,9.2e-07,317.0,0.00029164
VIB/BTC,1608133970042,2020-12-16T15:52:50.042Z,sell,9.2e-07,345.0,0.0003174
VIB/BTC,1608134000041,2020-12-16T15:53:20.041Z,sell,9.2e-07,272.0,0.00025024
VIB/BTC,1608134015050,2020-12-16T15:53:35.050Z,sell,9.2e-07,354.0,0.00032568
VIB/BTC,1608134030022,2020-12-16T15:53:50.022Z,sell,9.2e-07,235.0,0.0002162
VIB/BTC,1608134045001,2020-12-16T15:54:05.001Z,sell,9.2e-07,301.0,0.00027692
VIB/BTC,1608134069991,2020-12-16T15:54:29.991Z,sell,9.2e-07,141.0,0.00012972
VIB/BTC,1608134090006,2020-12-16T15:54:50.006Z,sell,9.2e-07,264.0,0.00024288
VIB/BTC,1608134110161,2020-12-16T15:55:10.161Z,sell,9.2e-07,263.0,0.00024196
VIB/BTC,1608134130155,2020-12-16T15:55:30.155Z,sell,9.2e-07,252.0,0.00023184
VIB/BTC,1608134150160,2020-12-16T15:55:50.160Z,sell,9.2e-07,345.0,0.0003174
VIB/BTC,1608134175198,2020-12-16T15:56:15.198Z,sell,9.2e-07,318.0,0.00029256
VIB/BTC,1608134210139,2020-12-16T15:56:50.139Z,sell,9.2e-07,150.0,0.000138
VIB/BTC,1608134220141,2020-12-16T15:57:00.141Z,sell,9.2e-07,268.0,0.00024656
VIB/BTC,1608134245163,2020-12-16T15:57:25.163Z,sell,9.2e-07,258.0,0.00023736
VIB/BTC,1608134270135,2020-12-16T15:57:50.135Z,sell,9.2e-07,306.0,0.00028152
VIB/BTC,1608134295196,2020-12-16T15:58:15.196Z,sell,9.2e-07,162.0,0.00014904
VIB/BTC,1608134305167,2020-12-16T15:58:25.167Z,sell,9.2e-07,271.0,0.00024932
VIB/BTC,1608134330148,2020-12-16T15:58:50.148Z,sell,9.2e-07,131.0,0.0001205199999999
VIB/BTC,1608134340157,2020-12-16T15:59:00.157Z,sell,9.2e-07,200.0,0.000184
VIB/BTC,1608134360195,2020-12-16T15:59:20.195Z,sell,9.2e-07,258.0,0.00023736
VIB/BTC,1608134390136,2020-12-16T15:59:50.136Z,sell,9.2e-07,161.0,0.0001481199999999
VIB/BTC,1608134415215,2020-12-16T16:00:15.215Z,sell,9.2e-07,168.0,0.0001545599999999
VIB/BTC,1608134450146,2020-12-16T16:00:50.146Z,sell,9.2e-07,131.0,0.0001205199999999
VIB/BTC,1608134470215,2020-12-16T16:01:10.215Z,sell,9.2e-07,131.0,0.0001205199999999
VIB/BTC,1608134495216,2020-12-16T16:01:35.216Z,sell,9.2e-07,135.0,0.0001242
VIB/BTC,1608134510209,2020-12-16T16:01:50.209Z,sell,9.2e-07,131.0,0.0001205199999999
VIB/BTC,1608134528142,2020-12-16T16:02:08.142Z,buy,9.3e-07,339.0,0.00031527
VIB/BTC,1608134530216,2020-12-16T16:02:10.216Z,sell,9.2e-07,135.0,0.0001242
VIB/BTC,1608134560239,2020-12-16T16:02:40.239Z,sell,9.2e-07,131.0,0.0001205199999999
VIB/BTC,1608134570199,2020-12-16T16:02:50.199Z,sell,9.2e-07,131.0,0.0001205199999999
VIB/BTC,1608134595236,2020-12-16T16:03:15.236Z,sell,9.2e-07,131.0,0.0001205199999999
VIB/BTC,1608134620453,2020-12-16T16:03:40.453Z,sell,9.2e-07,131.0,0.0001205199999999
VIB/BTC,1608134630180,2020-12-16T16:03:50.180Z,sell,9.2e-07,155.0,0.0001426
VIB/BTC,1608134660217,2020-12-16T16:04:20.217Z,sell,9.2e-07,131.0,0.0001205199999999
VIB/BTC,1608134680224,2020-12-16T16:04:40.224Z,sell,9.2e-07,131.0,0.0001205199999999
VIB/BTC,1608134690215,2020-12-16T16:04:50.215Z,sell,9.2e-07,131.0,0.0001205199999999
VIB/BTC,1608134692848,2020-12-16T16:04:52.848Z,sell,9.2e-07,1087.0,0.00100004
VIB/BTC,1608134715196,2020-12-16T16:05:15.196Z,sell,9.2e-07,131.0,0.0001205199999999
VIB/BTC,1608134750194,2020-12-16T16:05:50.194Z,sell,9.2e-07,131.0,0.0001205199999999
VIB/BTC,1608134775206,2020-12-16T16:06:15.206Z,sell,9.2e-07,135.0,0.0001242
VIB/BTC,1608134810231,2020-12-16T16:06:50.231Z,sell,9.2e-07,131.0,0.0001205199999999
VIB/BTC,1608134835236,2020-12-16T16:07:15.236Z,sell,9.2e-07,131.0,0.0001205199999999
VIB/BTC,1608134860248,2020-12-16T16:07:40.248Z,sell,9.2e-07,142.0,0.00013064
VIB/BTC,1608134870205,2020-12-16T16:07:50.205Z,sell,9.2e-07,131.0,0.0001205199999999
VIB/BTC,1608134900230,2020-12-16T16:08:20.230Z,sell,9.2e-07,131.0,0.0001205199999999
VIB/BTC,1608134920219,2020-12-16T16:08:40.219Z,sell,9.2e-07,138.0,0.00012696
VIB/BTC,1608134930151,2020-12-16T16:08:50.151Z,sell,9.2e-07,131.0,0.0001205199999999
VIB/BTC,1608134955244,2020-12-16T16:09:15.244Z,sell,9.2e-07,131.0,0.0001205199999999
VIB/BTC,1608134990187,2020-12-16T16:09:50.187Z,sell,9.2e-07,131.0,0.0001205199999999
VIB/BTC,1608135020218,2020-12-16T16:10:20.218Z,sell,9.2e-07,131.0,0.0001205199999999
VIB/BTC,1608135050185,2020-12-16T16:10:50.185Z,sell,9.2e-07,131.0,0.0001205199999999
VIB/BTC,1608135080197,2020-12-16T16:11:20.197Z,sell,9.2e-07,131.0,0.0001205199999999
VIB/BTC,1608135110164,2020-12-16T16:11:50.164Z,sell,9.2e-07,131.0,0.0001205199999999
VIB/BTC,1608135140213,2020-12-16T16:12:20.213Z,sell,9.2e-07,131.0,0.0001205199999999
VIB/BTC,1608135170211,2020-12-16T16:12:50.211Z,sell,9.2e-07,131.0,0.0001205199999999
VIB/BTC,1608135200287,2020-12-16T16:13:20.287Z,sell,9.2e-07,131.0,0.0001205199999999
VIB/BTC,1608135230194,2020-12-16T16:13:50.194Z,sell,9.2e-07,131.0,0.0001205199999999
VIB/BTC,1608135260206,2020-12-16T16:14:20.206Z,sell,9.2e-07,131.0,0.0001205199999999
VIB/BTC,1608135290200,2020-12-16T16:14:50.200Z,sell,9.2e-07,131.0,0.0001205199999999
VIB/BTC,1608135320059,2020-12-16T16:15:20.059Z,sell,9.2e-07,131.0,0.0001205199999999
VIB/BTC,1608135350050,2020-12-16T16:15:50.050Z,sell,9.2e-07,131.0,0.0001205199999999
VIB/BTC,1608135380066,2020-12-16T16:16:20.066Z,sell,9.2e-07,131.0,0.0001205199999999
VIB/BTC,1608135410010,2020-12-16T16:16:50.010Z,sell,9.2e-07,131.0,0.0001205199999999
VIB/BTC,1608135445055,2020-12-16T16:17:25.055Z,sell,9.2e-07,131.0,0.0001205199999999
VIB/BTC,1608135445055,2020-12-16T16:17:25.055Z,sell,9.2e-07,131.0,0.0001205199999999
VIB/BTC,1608135470022,2020-12-16T16:17:50.022Z,sell,9.2e-07,131.0,0.0001205199999999
VIB/BTC,1608135505022,2020-12-16T16:18:25.022Z,sell,9.2e-07,131.0,0.0001205199999999
VIB/BTC,1608135530000,2020-12-16T16:18:50.000Z,sell,9.2e-07,131.0,0.0001205199999999
VIB/BTC,1608135570024,2020-12-16T16:19:30.024Z,sell,9.2e-07,131.0,0.0001205199999999
VIB/BTC,1608135590004,2020-12-16T16:19:50.004Z,sell,9.2e-07,131.0,0.0001205199999999
VIB/BTC,1608135625074,2020-12-16T16:20:25.074Z,sell,9.2e-07,131.0,0.0001205199999999
VIB/BTC,1608135650061,2020-12-16T16:20:50.061Z,sell,9.2e-07,131.0,0.0001205199999999
VIB/BTC,1608135690063,2020-12-16T16:21:30.063Z,sell,9.2e-07,131.0,0.0001205199999999
VIB/BTC,1608135710057,2020-12-16T16:21:50.057Z,sell,9.2e-07,131.0,0.0001205199999999
VIB/BTC,1608135750068,2020-12-16T16:22:30.068Z,sell,9.2e-07,131.0,0.0001205199999999
VIB/BTC,1608135770019,2020-12-16T16:22:50.019Z,sell,9.2e-07,131.0,0.0001205199999999
VIB/BTC,1608135810067,2020-12-16T16:23:30.067Z,sell,9.2e-07,131.0,0.0001205199999999
VIB/BTC,1608135830172,2020-12-16T16:23:50.172Z,sell,9.2e-07,131.0,0.0001205199999999
VIB/BTC,1608135870221,2020-12-16T16:24:30.221Z,sell,9.2e-07,131.0,0.0001205199999999
VIB/BTC,1608135890228,2020-12-16T16:24:50.228Z,sell,9.2e-07,131.0,0.0001205199999999
VIB/BTC,1608135930197,2020-12-16T16:25:30.197Z,sell,9.2e-07,131.0,0.0001205199999999
VIB/BTC,1608135950234,2020-12-16T16:25:50.234Z,sell,9.2e-07,131.0,0.0001205199999999
VIB/BTC,1608135990202,2020-12-16T16:26:30.202Z,sell,9.2e-07,131.0,0.0001205199999999
VIB/BTC,1608136010185,2020-12-16T16:26:50.185Z,sell,9.2e-07,131.0,0.0001205199999999
VIB/BTC,1608136050196,2020-12-16T16:27:30.196Z,sell,9.2e-07,131.0,0.0001205199999999
VIB/BTC,1608136070175,2020-12-16T16:27:50.175Z,sell,9.2e-07,131.0,0.0001205199999999
VIB/BTC,1608136110201,2020-12-16T16:28:30.201Z,sell,9.2e-07,131.0,0.0001205199999999
VIB/BTC,1608136130228,2020-12-16T16:28:50.228Z,sell,9.2e-07,131.0,0.0001205199999999
VIB/BTC,1608136138690,2020-12-16T16:28:58.690Z,sell,9.2e-07,19459.0,0.01790228
VIB/BTC,1608136139413,2020-12-16T16:28:59.413Z,sell,9.2e-07,217.0,0.00019964
VIB/BTC,1608136141995,2020-12-16T16:29:01.995Z,sell,9.2e-07,9890.0,0.0090988
VIB/BTC,1608136170227,2020-12-16T16:29:30.227Z,sell,9.2e-07,131.0,0.0001205199999999
VIB/BTC,1608136190201,2020-12-16T16:29:50.201Z,sell,9.2e-07,161.0,0.0001481199999999
VIB/BTC,1608136200215,2020-12-16T16:30:00.215Z,sell,9.2e-07,280.0,0.0002576
VIB/BTC,1608136230211,2020-12-16T16:30:30.211Z,sell,9.2e-07,134.0,0.00012328
VIB/BTC,1608136240230,2020-12-16T16:30:40.230Z,sell,9.2e-07,137.0,0.00012604
VIB/BTC,1608136250185,2020-12-16T16:30:50.185Z,sell,9.2e-07,148.0,0.00013616
VIB/BTC,1608136265175,2020-12-16T16:31:05.175Z,sell,9.2e-07,151.0,0.00013892
VIB/BTC,1608136285229,2020-12-16T16:31:25.229Z,sell,9.2e-07,131.0,0.0001205199999999
VIB/BTC,1608136310194,2020-12-16T16:31:50.194Z,sell,9.2e-07,219.0,0.00020148
VIB/BTC,1608136335070,2020-12-16T16:32:15.070Z,sell,9.2e-07,131.0,0.0001205199999999
VIB/BTC,1608136350063,2020-12-16T16:32:30.063Z,sell,9.2e-07,221.0,0.00020332
VIB/BTC,1608136370033,2020-12-16T16:32:50.033Z,sell,9.2e-07,131.0,0.0001205199999999
VIB/BTC,1608136385080,2020-12-16T16:33:05.080Z,sell,9.2e-07,226.0,0.00020792
VIB/BTC,1608136410040,2020-12-16T16:33:30.040Z,sell,9.2e-07,155.0,0.0001426
VIB/BTC,1608136430050,2020-12-16T16:33:50.050Z,sell,9.2e-07,131.0,0.0001205199999999
VIB/BTC,1608136454999,2020-12-16T16:34:14.999Z,sell,9.2e-07,143.0,0.00013156
VIB/BTC,1608136480117,2020-12-16T16:34:40.117Z,sell,9.2e-07,155.0,0.0001426
VIB/BTC,1608136490083,2020-12-16T16:34:50.083Z,sell,9.2e-07,131.0,0.0001205199999999
VIB/BTC,1608136520084,2020-12-16T16:35:20.084Z,sell,9.2e-07,131.0,0.0001205199999999
VIB/BTC,1608136550084,2020-12-16T16:35:50.084Z,sell,9.2e-07,131.0,0.0001205199999999
VIB/BTC,1608136580105,2020-12-16T16:36:20.105Z,sell,9.2e-07,131.0,0.0001205199999999
VIB/BTC,1608136587001,2020-12-16T16:36:27.001Z,sell,9.2e-07,16137.0,0.01484604
VIB/BTC,1608136610016,2020-12-16T16:36:50.016Z,sell,9.2e-07,155.0,0.0001426
VIB/BTC,1608136618789,2020-12-16T16:36:58.789Z,sell,9.2e-07,164.0,0.00015088
VIB/BTC,1608136620050,2020-12-16T16:37:00.050Z,sell,9.2e-07,153.0,0.00014076
VIB/BTC,1608136635041,2020-12-16T16:37:15.041Z,sell,9.2e-07,184.0,0.00016928
VIB/BTC,1608136645035,2020-12-16T16:37:25.035Z,sell,9.2e-07,153.0,0.00014076
VIB/BTC,1608136670043,2020-12-16T16:37:50.043Z,sell,9.2e-07,135.0,0.0001242
VIB/BTC,1608136690037,2020-12-16T16:38:10.037Z,sell,9.2e-07,182.0,0.00016744
VIB/BTC,1608136710067,2020-12-16T16:38:30.067Z,sell,9.2e-07,194.0,0.0001784799999999
VIB/BTC,1608136730060,2020-12-16T16:38:50.060Z,sell,9.2e-07,148.0,0.00013616
VIB/BTC,1608136740147,2020-12-16T16:39:00.147Z,sell,9.2e-07,381.0,0.00035052
VIB/BTC,1608136750049,2020-12-16T16:39:10.049Z,sell,9.2e-07,137.0,0.00012604
VIB/BTC,1608136765049,2020-12-16T16:39:25.049Z,sell,9.2e-07,131.0,0.0001205199999999
VIB/BTC,1608136790012,2020-12-16T16:39:50.012Z,sell,9.2e-07,131.0,0.0001205199999999
VIB/BTC,1608136805046,2020-12-16T16:40:05.046Z,sell,9.2e-07,131.0,0.0001205199999999
VIB/BTC,1608136820171,2020-12-16T16:40:20.171Z,sell,9.2e-07,708.0,0.00065136
VIB/BTC,1608136825039,2020-12-16T16:40:25.039Z,sell,9.1e-07,194.0,0.00017654
VIB/BTC,1608136850035,2020-12-16T16:40:50.035Z,sell,9.1e-07,133.0,0.00012103
VIB/BTC,1608136865049,2020-12-16T16:41:05.049Z,sell,9.1e-07,217.0,0.00019747
VIB/BTC,1608136866738,2020-12-16T16:41:06.738Z,sell,9.1e-07,2459.0,0.00223769
VIB/BTC,1608136895069,2020-12-16T16:41:35.069Z,sell,9.1e-07,152.0,0.00013832
VIB/BTC,1608136907141,2020-12-16T16:41:47.141Z,sell,9.1e-07,31954.0,0.02907814
VIB/BTC,1608136910076,2020-12-16T16:41:50.076Z,sell,9e-07,190.0,0.0001709999999999
VIB/BTC,1608136929298,2020-12-16T16:42:09.298Z,buy,9.1e-07,207.0,0.00018837
VIB/BTC,1608136935112,2020-12-16T16:42:15.112Z,sell,9e-07,134.0,0.0001205999999999
VIB/BTC,1608136937361,2020-12-16T16:42:17.361Z,buy,9.1e-07,501.0,0.0004559099999999
VIB/BTC,1608136942382,2020-12-16T16:42:22.382Z,buy,9.1e-07,5494.0,0.00499954
VIB/BTC,1608136950293,2020-12-16T16:42:30.293Z,buy,9.1e-07,875.0,0.00079625
VIB/BTC,1608136963130,2020-12-16T16:42:43.130Z,buy,9.1e-07,3132.0,0.00285012
VIB/BTC,1608136986049,2020-12-16T16:43:06.049Z,buy,9.1e-07,151.0,0.00013741
VIB/BTC,1608137005627,2020-12-16T16:43:25.627Z,buy,9.1e-07,450.0,0.0004095
VIB/BTC,1608137011949,2020-12-16T16:43:31.949Z,buy,9.1e-07,1809.0,0.0016461899999999
VIB/BTC,1608137030046,2020-12-16T16:43:50.046Z,sell,9e-07,254.0,0.0002286
VIB/BTC,1608137041343,2020-12-16T16:44:01.343Z,buy,9.1e-07,9990.0,0.0090908999999999
VIB/BTC,1608137047340,2020-12-16T16:44:07.340Z,buy,9.1e-07,769.0,0.0006997899999999
VIB/BTC,1608137050070,2020-12-16T16:44:10.070Z,sell,9e-07,295.0,0.0002655
VIB/BTC,1608137061344,2020-12-16T16:44:21.344Z,buy,9.1e-07,2460.0,0.0022386
VIB/BTC,1608137069322,2020-12-16T16:44:29.322Z,buy,9.1e-07,2015.0,0.00183365
VIB/BTC,1608137070258,2020-12-16T16:44:30.258Z,sell,9e-07,165.0,0.0001485
VIB/BTC,1608137090186,2020-12-16T16:44:50.186Z,sell,9e-07,473.0,0.0004257
VIB/BTC,1608137115226,2020-12-16T16:45:15.226Z,sell,9e-07,570.0,0.000513
VIB/BTC,1608137135208,2020-12-16T16:45:35.208Z,sell,9e-07,314.0,0.0002826
VIB/BTC,1608137150221,2020-12-16T16:45:50.221Z,sell,9e-07,294.0,0.0002646
VIB/BTC,1608137170516,2020-12-16T16:46:10.516Z,sell,9e-07,274.0,0.0002466
VIB/BTC,1608137190220,2020-12-16T16:46:30.220Z,sell,9e-07,262.0,0.0002357999999999
VIB/BTC,1608137200189,2020-12-16T16:46:40.189Z,sell,9e-07,358.0,0.0003221999999999
VIB/BTC,1608137210179,2020-12-16T16:46:50.179Z,sell,9e-07,159.0,0.0001430999999999
VIB/BTC,1608137225218,2020-12-16T16:47:05.218Z,sell,9e-07,238.0,0.0002142
VIB/BTC,1608137242078,2020-12-16T16:47:22.078Z,buy,9.1e-07,2643.0,0.00240513
VIB/BTC,1608137245206,2020-12-16T16:47:25.206Z,sell,9e-07,282.0,0.0002538
VIB/BTC,1608137270183,2020-12-16T16:47:50.183Z,sell,9e-07,134.0,0.0001205999999999
VIB/BTC,1608137280184,2020-12-16T16:48:00.184Z,sell,9e-07,148.0,0.0001331999999999
VIB/BTC,1608137295219,2020-12-16T16:48:15.219Z,sell,9e-07,261.0,0.0002349
VIB/BTC,1608137298443,2020-12-16T16:48:18.443Z,buy,9.1e-07,3106.0,0.00282646
VIB/BTC,1608137320091,2020-12-16T16:48:40.091Z,sell,9e-07,194.0,0.0001746
VIB/BTC,1608137330058,2020-12-16T16:48:50.058Z,sell,9e-07,140.0,0.000126
VIB/BTC,1608137340058,2020-12-16T16:49:00.058Z,sell,9e-07,246.0,0.0002214
VIB/BTC,1608137365039,2020-12-16T16:49:25.039Z,sell,9e-07,277.0,0.0002493
VIB/BTC,1608137365220,2020-12-16T16:49:25.220Z,sell,9e-07,2000.0,0.0018
VIB/BTC,1608137390030,2020-12-16T16:49:50.030Z,sell,9e-07,134.0,0.0001205999999999
VIB/BTC,1608137405041,2020-12-16T16:50:05.041Z,sell,9e-07,227.0,0.0002042999999999
VIB/BTC,1608137430205,2020-12-16T16:50:30.205Z,sell,9e-07,277.0,0.0002493
VIB/BTC,1608137450043,2020-12-16T16:50:50.043Z,sell,9e-07,134.0,0.0001205999999999
VIB/BTC,1608137465057,2020-12-16T16:51:05.057Z,sell,9e-07,134.0,0.0001205999999999
VIB/BTC,1608137480110,2020-12-16T16:51:20.110Z,sell,9e-07,134.0,0.0001205999999999
VIB/BTC,1608137495113,2020-12-16T16:51:35.113Z,sell,9e-07,177.0,0.0001593
VIB/BTC,1608137510048,2020-12-16T16:51:50.048Z,sell,9e-07,248.0,0.0002231999999999
VIB/BTC,1608137540086,2020-12-16T16:52:20.086Z,sell,9e-07,208.0,0.0001872
VIB/BTC,1608137570044,2020-12-16T16:52:50.044Z,sell,9e-07,134.0,0.0001205999999999
VIB/BTC,1608137585186,2020-12-16T16:53:05.186Z,sell,9e-07,214.0,0.0001926
VIB/BTC,1608137602779,2020-12-16T16:53:22.779Z,buy,9.1e-07,2948.0,0.00268268
VIB/BTC,1608137610199,2020-12-16T16:53:30.199Z,sell,9e-07,134.0,0.0001205999999999
VIB/BTC,1608137630202,2020-12-16T16:53:50.202Z,sell,9e-07,252.0,0.0002267999999999
VIB/BTC,1608137655225,2020-12-16T16:54:15.225Z,sell,9e-07,191.0,0.0001719
VIB/BTC,1608137675247,2020-12-16T16:54:35.247Z,sell,9e-07,134.0,0.0001205999999999
VIB/BTC,1608137690227,2020-12-16T16:54:50.227Z,sell,9e-07,146.0,0.0001314
VIB/BTC,1608137705184,2020-12-16T16:55:05.184Z,sell,9e-07,134.0,0.0001205999999999
VIB/BTC,1608137725237,2020-12-16T16:55:25.237Z,sell,9e-07,188.0,0.0001692
VIB/BTC,1608137749936,2020-12-16T16:55:49.936Z,buy,9.1e-07,187.0,0.00017017
VIB/BTC,1608137750219,2020-12-16T16:55:50.219Z,sell,9e-07,236.0,0.0002123999999999
VIB/BTC,1608137753964,2020-12-16T16:55:53.964Z,buy,9.1e-07,159.0,0.00014469
VIB/BTC,1608137780241,2020-12-16T16:56:20.241Z,sell,9e-07,165.0,0.0001485
VIB/BTC,1608137800255,2020-12-16T16:56:40.255Z,sell,9e-07,134.0,0.0001205999999999
VIB/BTC,1608137810202,2020-12-16T16:56:50.202Z,sell,9e-07,151.0,0.0001359
VIB/BTC,1608137830219,2020-12-16T16:57:10.219Z,sell,9e-07,153.0,0.0001376999999999
VIB/BTC,1608137850209,2020-12-16T16:57:30.209Z,sell,9e-07,153.0,0.0001376999999999
VIB/BTC,1608137870191,2020-12-16T16:57:50.191Z,sell,9e-07,134.0,0.0001205999999999
VIB/BTC,1608137885209,2020-12-16T16:58:05.209Z,sell,9e-07,149.0,0.0001341
VIB/BTC,1608137905241,2020-12-16T16:58:25.241Z,sell,9e-07,134.0,0.0001205999999999
VIB/BTC,1608137930231,2020-12-16T16:58:50.231Z,sell,9e-07,145.0,0.0001305
VIB/BTC,1608137950241,2020-12-16T16:59:10.241Z,sell,9e-07,137.0,0.0001233
VIB/BTC,1608137970243,2020-12-16T16:59:30.243Z,sell,9e-07,134.0,0.0001205999999999
VIB/BTC,1608137990248,2020-12-16T16:59:50.248Z,sell,9e-07,179.0,0.0001610999999999
VIB/BTC,1608138015243,2020-12-16T17:00:15.243Z,sell,9e-07,189.0,0.0001701
VIB/BTC,1608138040282,2020-12-16T17:00:40.282Z,sell,9e-07,139.0,0.0001251
VIB/BTC,1608138050210,2020-12-16T17:00:50.210Z,sell,9e-07,134.0,0.0001205999999999
VIB/BTC,1608138070271,2020-12-16T17:01:10.271Z,sell,9e-07,155.0,0.0001395
VIB/BTC,1608138095217,2020-12-16T17:01:35.217Z,sell,9e-07,188.0,0.0001692
VIB/BTC,1608138110082,2020-12-16T17:01:50.082Z,sell,9e-07,134.0,0.0001205999999999
VIB/BTC,1608138130100,2020-12-16T17:02:10.100Z,sell,9e-07,134.0,0.0001205999999999
VIB/BTC,1608138145112,2020-12-16T17:02:25.112Z,sell,9e-07,134.0,0.0001205999999999
VIB/BTC,1608138170083,2020-12-16T17:02:50.083Z,sell,9e-07,134.0,0.0001205999999999
VIB/BTC,1608138182362,2020-12-16T17:03:02.362Z,buy,9.1e-07,2658.0,0.0024187799999999
VIB/BTC,1608138185161,2020-12-16T17:03:05.161Z,sell,9e-07,134.0,0.0001205999999999
VIB/BTC,1608138205117,2020-12-16T17:03:25.117Z,sell,9e-07,134.0,0.0001205999999999
VIB/BTC,1608138230068,2020-12-16T17:03:50.068Z,sell,9e-07,134.0,0.0001205999999999
VIB/BTC,1608138245089,2020-12-16T17:04:05.089Z,sell,9e-07,143.0,0.0001286999999999
VIB/BTC,1608138265084,2020-12-16T17:04:25.084Z,sell,9e-07,191.0,0.0001719
VIB/BTC,1608138290078,2020-12-16T17:04:50.078Z,sell,9e-07,169.0,0.0001520999999999
VIB/BTC,1608138310098,2020-12-16T17:05:10.098Z,sell,9e-07,134.0,0.0001205999999999
VIB/BTC,1608138335073,2020-12-16T17:05:35.073Z,sell,9e-07,134.0,0.0001205999999999
VIB/BTC,1608138350080,2020-12-16T17:05:50.080Z,sell,9e-07,134.0,0.0001205999999999
VIB/BTC,1608138370131,2020-12-16T17:06:10.131Z,sell,9e-07,199.0,0.0001791
VIB/BTC,1608138395088,2020-12-16T17:06:35.088Z,sell,9e-07,150.0,0.000135
VIB/BTC,1608138410078,2020-12-16T17:06:50.078Z,sell,9e-07,134.0,0.0001205999999999
VIB/BTC,1608138430128,2020-12-16T17:07:10.128Z,sell,9e-07,137.0,0.0001233
VIB/BTC,1608138445093,2020-12-16T17:07:25.093Z,sell,9e-07,187.0,0.0001683
VIB/BTC,1608138470088,2020-12-16T17:07:50.088Z,sell,9e-07,202.0,0.0001818
VIB/BTC,1608138500109,2020-12-16T17:08:20.109Z,sell,9e-07,161.0,0.0001449
VIB/BTC,1608138520114,2020-12-16T17:08:40.114Z,sell,9e-07,134.0,0.0001205999999999
VIB/BTC,1608138530095,2020-12-16T17:08:50.095Z,sell,9e-07,152.0,0.0001368
VIB/BTC,1608138555107,2020-12-16T17:09:15.107Z,sell,9e-07,180.0,0.0001619999999999
VIB/BTC,1608138590089,2020-12-16T17:09:50.089Z,sell,9e-07,187.0,0.0001683
VIB/BTC,1608138615098,2020-12-16T17:10:15.098Z,sell,9e-07,173.0,0.0001557
VIB/BTC,1608138650250,2020-12-16T17:10:50.250Z,sell,9e-07,134.0,0.0001205999999999
VIB/BTC,1608138670256,2020-12-16T17:11:10.256Z,sell,9e-07,163.0,0.0001467
VIB/BTC,1608138695287,2020-12-16T17:11:35.287Z,sell,9e-07,160.0,0.000144
VIB/BTC,1608138710250,2020-12-16T17:11:50.250Z,sell,9e-07,158.0,0.0001422
VIB/BTC,1608138735261,2020-12-16T17:12:15.261Z,sell,9e-07,134.0,0.0001205999999999
VIB/BTC,1608138770256,2020-12-16T17:12:50.256Z,sell,9e-07,134.0,0.0001205999999999
VIB/BTC,1608138795265,2020-12-16T17:13:15.265Z,sell,9e-07,136.0,0.0001224
VIB/BTC,1608138820318,2020-12-16T17:13:40.318Z,sell,9e-07,134.0,0.0001205999999999
VIB/BTC,1608138830255,2020-12-16T17:13:50.255Z,sell,9e-07,138.0,0.0001241999999999
VIB/BTC,1608138855271,2020-12-16T17:14:15.271Z,sell,9e-07,134.0,0.0001205999999999
VIB/BTC,1608138880293,2020-12-16T17:14:40.293Z,sell,9e-07,134.0,0.0001205999999999
VIB/BTC,1608138890115,2020-12-16T17:14:50.115Z,sell,9e-07,134.0,0.0001205999999999
VIB/BTC,1608138915116,2020-12-16T17:15:15.116Z,sell,9e-07,134.0,0.0001205999999999
VIB/BTC,1608138950119,2020-12-16T17:15:50.119Z,sell,9e-07,134.0,0.0001205999999999
VIB/BTC,1608138975128,2020-12-16T17:16:15.128Z,sell,9e-07,134.0,0.0001205999999999
VIB/BTC,1608138999095,2020-12-16T17:16:39.095Z,sell,9e-07,4028.0,0.0036252
VIB/BTC,1608139010120,2020-12-16T17:16:50.120Z,sell,9e-07,134.0,0.0001205999999999
VIB/BTC,1608139030121,2020-12-16T17:17:10.121Z,sell,9e-07,194.0,0.0001746
VIB/BTC,1608139030121,2020-12-16T17:17:10.121Z,sell,9e-07,194.0,0.0001746
VIB/BTC,1608139060146,2020-12-16T17:17:40.146Z,sell,9e-07,134.0,0.0001205999999999
VIB/BTC,1608139070125,2020-12-16T17:17:50.125Z,sell,9e-07,134.0,0.0001205999999999
VIB/BTC,1608139095128,2020-12-16T17:18:15.128Z,sell,9e-07,134.0,0.0001205999999999
VIB/BTC,1608139120155,2020-12-16T17:18:40.155Z,sell,9e-07,134.0,0.0001205999999999
VIB/BTC,1608139130130,2020-12-16T17:18:50.130Z,sell,9e-07,134.0,0.0001205999999999
VIB/BTC,1608139155137,2020-12-16T17:19:15.137Z,sell,9e-07,134.0,0.0001205999999999
VIB/BTC,1608139190134,2020-12-16T17:19:50.134Z,sell,9e-07,146.0,0.0001314
VIB/BTC,1608139215140,2020-12-16T17:20:15.140Z,sell,9e-07,134.0,0.0001205999999999
VIB/BTC,1608139250140,2020-12-16T17:20:50.140Z,sell,9e-07,134.0,0.0001205999999999
VIB/BTC,1608139275142,2020-12-16T17:21:15.142Z,sell,9e-07,134.0,0.0001205999999999
VIB/BTC,1608139300154,2020-12-16T17:21:40.154Z,sell,9e-07,134.0,0.0001205999999999
VIB/BTC,1608139310154,2020-12-16T17:21:50.154Z,sell,9e-07,134.0,0.0001205999999999
VIB/BTC,1608139340162,2020-12-16T17:22:20.162Z,sell,9e-07,134.0,0.0001205999999999
VIB/BTC,1608139370152,2020-12-16T17:22:50.152Z,sell,9e-07,134.0,0.0001205999999999
VIB/BTC,1608139400167,2020-12-16T17:23:20.167Z,sell,9e-07,134.0,0.0001205999999999
VIB/BTC,1608139430296,2020-12-16T17:23:50.296Z,sell,9e-07,134.0,0.0001205999999999
VIB/BTC,1608139460337,2020-12-16T17:24:20.337Z,sell,9e-07,134.0,0.0001205999999999
VIB/BTC,1608139490315,2020-12-16T17:24:50.315Z,sell,9e-07,134.0,0.0001205999999999
VIB/BTC,1608139520346,2020-12-16T17:25:20.346Z,sell,9e-07,134.0,0.0001205999999999
VIB/BTC,1608139550317,2020-12-16T17:25:50.317Z,sell,9e-07,134.0,0.0001205999999999
VIB/BTC,1608139580347,2020-12-16T17:26:20.347Z,sell,9e-07,134.0,0.0001205999999999
VIB/BTC,1608139610354,2020-12-16T17:26:50.354Z,sell,9e-07,134.0,0.0001205999999999
VIB/BTC,1608139640352,2020-12-16T17:27:20.352Z,sell,9e-07,134.0,0.0001205999999999
VIB/BTC,1608139670180,2020-12-16T17:27:50.180Z,sell,9e-07,134.0,0.0001205999999999
VIB/BTC,1608139670609,2020-12-16T17:27:50.609Z,buy,9.1e-07,420.0,0.0003821999999999
VIB/BTC,1608139700203,2020-12-16T17:28:20.203Z,sell,9e-07,134.0,0.0001205999999999
VIB/BTC,1608139730196,2020-12-16T17:28:50.196Z,sell,9e-07,134.0,0.0001205999999999
VIB/BTC,1608139760210,2020-12-16T17:29:20.210Z,sell,9e-07,134.0,0.0001205999999999
VIB/BTC,1608139790194,2020-12-16T17:29:50.194Z,sell,9e-07,134.0,0.0001205999999999
VIB/BTC,1608139850196,2020-12-16T17:30:50.196Z,sell,9e-07,134.0,0.0001205999999999
VIB/BTC,1608139872430,2020-12-16T17:31:12.430Z,sell,9e-07,1112.0,0.0010008
VIB/BTC,1608139910198,2020-12-16T17:31:50.198Z,sell,9e-07,134.0,0.0001205999999999
VIB/BTC,1608139936423,2020-12-16T17:32:16.423Z,buy,9.1e-07,22722.0,0.02067702
VIB/BTC,1608139970201,2020-12-16T17:32:50.201Z,sell,9e-07,301.0,0.0002708999999999
VIB/BTC,1608139990205,2020-12-16T17:33:10.205Z,sell,9e-07,236.0,0.0002123999999999
VIB/BTC,1608140005216,2020-12-16T17:33:25.216Z,sell,9e-07,401.0,0.0003609
VIB/BTC,1608140030235,2020-12-16T17:33:50.235Z,sell,9e-07,171.0,0.0001539
VIB/BTC,1608140055217,2020-12-16T17:34:15.217Z,sell,9e-07,160.0,0.000144
VIB/BTC,1608140090218,2020-12-16T17:34:50.218Z,sell,9e-07,134.0,0.0001205999999999
VIB/BTC,1608140110214,2020-12-16T17:35:10.214Z,sell,9e-07,165.0,0.0001485
VIB/BTC,1608140140236,2020-12-16T17:35:40.236Z,sell,9e-07,134.0,0.0001205999999999
VIB/BTC,1608140150213,2020-12-16T17:35:50.213Z,sell,9e-07,134.0,0.0001205999999999
VIB/BTC,1608140170231,2020-12-16T17:36:10.231Z,sell,9e-07,134.0,0.0001205999999999
VIB/BTC,1608140178202,2020-12-16T17:36:18.202Z,buy,9.1e-07,38589.0,0.03511599
VIB/BTC,1608140190371,2020-12-16T17:36:30.371Z,sell,9e-07,134.0,0.0001205999999999
VIB/BTC,1608140210356,2020-12-16T17:36:50.356Z,sell,9e-07,281.0,0.0002528999999999
VIB/BTC,1608140220383,2020-12-16T17:37:00.383Z,sell,9e-07,757.0,0.0006812999999999
VIB/BTC,1608140245384,2020-12-16T17:37:25.384Z,sell,9e-07,483.0,0.0004347
VIB/BTC,1608140270363,2020-12-16T17:37:50.363Z,sell,9e-07,231.0,0.0002078999999999
VIB/BTC,1608140295383,2020-12-16T17:38:15.383Z,sell,9e-07,178.0,0.0001602
VIB/BTC,1608140306426,2020-12-16T17:38:26.426Z,sell,9e-07,9975.0,0.0089775
VIB/BTC,1608140306486,2020-12-16T17:38:26.486Z,sell,9e-07,3747.0,0.0033723
VIB/BTC,1608140315370,2020-12-16T17:38:35.370Z,sell,9e-07,134.0,0.0001205999999999
VIB/BTC,1608140330374,2020-12-16T17:38:50.374Z,sell,9e-07,236.0,0.0002123999999999
VIB/BTC,1608140345365,2020-12-16T17:39:05.365Z,sell,9e-07,357.0,0.0003213
VIB/BTC,1608140365384,2020-12-16T17:39:25.384Z,sell,9e-07,424.0,0.0003816
VIB/BTC,1608140367456,2020-12-16T17:39:27.456Z,buy,9.1e-07,110.0,0.0001001
VIB/BTC,1608140390405,2020-12-16T17:39:50.405Z,sell,9e-07,280.0,0.000252
VIB/BTC,1608140410388,2020-12-16T17:40:10.388Z,sell,9e-07,185.0,0.0001664999999999
VIB/BTC,1608140430406,2020-12-16T17:40:30.406Z,sell,9e-07,259.0,0.0002331
VIB/BTC,1608140446196,2020-12-16T17:40:46.196Z,sell,9e-07,1148.0,0.0010332
VIB/BTC,1608140450241,2020-12-16T17:40:50.241Z,sell,9e-07,134.0,0.0001205999999999
VIB/BTC,1608140460245,2020-12-16T17:41:00.245Z,sell,9e-07,360.0,0.0003239999999999
VIB/BTC,1608140490253,2020-12-16T17:41:30.253Z,sell,9e-07,217.0,0.0001953
VIB/BTC,1608140510237,2020-12-16T17:41:50.237Z,sell,9e-07,134.0,0.0001205999999999
VIB/BTC,1608140530246,2020-12-16T17:42:10.246Z,sell,9e-07,187.0,0.0001683
VIB/BTC,1608140555251,2020-12-16T17:42:35.251Z,sell,9e-07,134.0,0.0001205999999999
VIB/BTC,1608140570241,2020-12-16T17:42:50.241Z,sell,9e-07,134.0,0.0001205999999999
VIB/BTC,1608140590267,2020-12-16T17:43:10.267Z,sell,9e-07,139.0,0.0001251
VIB/BTC,1608140610269,2020-12-16T17:43:30.269Z,sell,9e-07,134.0,0.0001205999999999
VIB/BTC,1608140630251,2020-12-16T17:43:50.251Z,sell,9e-07,134.0,0.0001205999999999
VIB/BTC,1608140660280,2020-12-16T17:44:20.280Z,sell,9e-07,134.0,0.0001205999999999
VIB/BTC,1608140690254,2020-12-16T17:44:50.254Z,sell,9e-07,134.0,0.0001205999999999
VIB/BTC,1608140715284,2020-12-16T17:45:15.284Z,sell,9e-07,134.0,0.0001205999999999
VIB/BTC,1608140750259,2020-12-16T17:45:50.259Z,sell,9e-07,134.0,0.0001205999999999
VIB/BTC,1608140775271,2020-12-16T17:46:15.271Z,sell,9e-07,134.0,0.0001205999999999
VIB/BTC,1608140810261,2020-12-16T17:46:50.261Z,sell,9e-07,134.0,0.0001205999999999
VIB/BTC,1608140840291,2020-12-16T17:47:20.291Z,sell,9e-07,134.0,0.0001205999999999
VIB/BTC,1608140870280,2020-12-16T17:47:50.280Z,sell,9e-07,134.0,0.0001205999999999
VIB/BTC,1608140900296,2020-12-16T17:48:20.296Z,sell,9e-07,134.0,0.0001205999999999
VIB/BTC,1608140930273,2020-12-16T17:48:50.273Z,sell,9e-07,134.0,0.0001205999999999
VIB/BTC,1608140960285,2020-12-16T17:49:20.285Z,sell,9e-07,134.0,0.0001205999999999
VIB/BTC,1608140990280,2020-12-16T17:49:50.280Z,sell,9e-07,134.0,0.0001205999999999
VIB/BTC,1608141020321,2020-12-16T17:50:20.321Z,sell,9e-07,134.0,0.0001205999999999
VIB/BTC,1608141050285,2020-12-16T17:50:50.285Z,sell,9e-07,134.0,0.0001205999999999
VIB/BTC,1608141075299,2020-12-16T17:51:15.299Z,sell,9e-07,134.0,0.0001205999999999
VIB/BTC,1608141110277,2020-12-16T17:51:50.277Z,sell,9e-07,134.0,0.0001205999999999
VIB/BTC,1608141135298,2020-12-16T17:52:15.298Z,sell,9e-07,134.0,0.0001205999999999
VIB/BTC,1608141170286,2020-12-16T17:52:50.286Z,sell,9e-07,134.0,0.0001205999999999
VIB/BTC,1608141195297,2020-12-16T17:53:15.297Z,sell,9e-07,134.0,0.0001205999999999
VIB/BTC,1608141230295,2020-12-16T17:53:50.295Z,sell,9e-07,134.0,0.0001205999999999
VIB/BTC,1608141254471,2020-12-16T17:54:14.471Z,buy,9.1e-07,3385.0,0.00308035
VIB/BTC,1608141255304,2020-12-16T17:54:15.304Z,sell,9e-07,134.0,0.0001205999999999
VIB/BTC,1608141290300,2020-12-16T17:54:50.300Z,sell,9e-07,134.0,0.0001205999999999
VIB/BTC,1608141310315,2020-12-16T17:55:10.315Z,sell,9e-07,145.0,0.0001305
VIB/BTC,1608141330324,2020-12-16T17:55:30.324Z,sell,9e-07,134.0,0.0001205999999999
VIB/BTC,1608141350307,2020-12-16T17:55:50.307Z,sell,9e-07,134.0,0.0001205999999999
VIB/BTC,1608141375311,2020-12-16T17:56:15.311Z,sell,9e-07,134.0,0.0001205999999999
VIB/BTC,1608141400335,2020-12-16T17:56:40.335Z,sell,9e-07,134.0,0.0001205999999999
VIB/BTC,1608141410304,2020-12-16T17:56:50.304Z,sell,9e-07,134.0,0.0001205999999999
VIB/BTC,1608141435322,2020-12-16T17:57:15.322Z,sell,9e-07,134.0,0.0001205999999999
VIB/BTC,1608141470311,2020-12-16T17:57:50.311Z,sell,9e-07,134.0,0.0001205999999999
VIB/BTC,1608141495319,2020-12-16T17:58:15.319Z,sell,9e-07,134.0,0.0001205999999999
VIB/BTC,1608141520334,2020-12-16T17:58:40.334Z,sell,9e-07,152.0,0.0001368
VIB/BTC,1608141530315,2020-12-16T17:58:50.315Z,sell,9e-07,150.0,0.000135
VIB/BTC,1608141555325,2020-12-16T17:59:15.325Z,sell,9e-07,134.0,0.0001205999999999
VIB/BTC,1608141590315,2020-12-16T17:59:50.315Z,sell,9e-07,134.0,0.0001205999999999
VIB/BTC,1608141620340,2020-12-16T18:00:20.340Z,sell,9e-07,134.0,0.0001205999999999
VIB/BTC,1608141650326,2020-12-16T18:00:50.326Z,sell,9e-07,134.0,0.0001205999999999
VIB/BTC,1608141675330,2020-12-16T18:01:15.330Z,sell,9e-07,134.0,0.0001205999999999
VIB/BTC,1608141710318,2020-12-16T18:01:50.318Z,sell,9e-07,134.0,0.0001205999999999
VIB/BTC,1608141735491,2020-12-16T18:02:15.491Z,sell,9e-07,134.0,0.0001205999999999
VIB/BTC,1608141770473,2020-12-16T18:02:50.473Z,sell,9e-07,134.0,0.0001205999999999
VIB/BTC,1608141800516,2020-12-16T18:03:20.516Z,sell,9e-07,134.0,0.0001205999999999
VIB/BTC,1608141830483,2020-12-16T18:03:50.483Z,sell,9e-07,134.0,0.0001205999999999
VIB/BTC,1608141865501,2020-12-16T18:04:25.501Z,sell,9e-07,134.0,0.0001205999999999
VIB/BTC,1608141890495,2020-12-16T18:04:50.495Z,sell,9e-07,134.0,0.0001205999999999
VIB/BTC,1608141920511,2020-12-16T18:05:20.511Z,sell,9e-07,134.0,0.0001205999999999
VIB/BTC,1608141950527,2020-12-16T18:05:50.527Z,sell,9e-07,134.0,0.0001205999999999
VIB/BTC,1608141980514,2020-12-16T18:06:20.514Z,sell,9e-07,134.0,0.0001205999999999
VIB/BTC,1608142010353,2020-12-16T18:06:50.353Z,sell,9e-07,134.0,0.0001205999999999
VIB/BTC,1608142055348,2020-12-16T18:07:35.348Z,sell,9e-07,134.0,0.0001205999999999
VIB/BTC,1608142070350,2020-12-16T18:07:50.350Z,sell,9e-07,134.0,0.0001205999999999
VIB/BTC,1608142115357,2020-12-16T18:08:35.357Z,sell,9e-07,134.0,0.0001205999999999
VIB/BTC,1608142130360,2020-12-16T18:08:50.360Z,sell,9e-07,134.0,0.0001205999999999
VIB/BTC,1608142180374,2020-12-16T18:09:40.374Z,sell,9e-07,134.0,0.0001205999999999
VIB/BTC,1608142190355,2020-12-16T18:09:50.355Z,sell,9e-07,134.0,0.0001205999999999
VIB/BTC,1608142240392,2020-12-16T18:10:40.392Z,sell,9e-07,134.0,0.0001205999999999
VIB/BTC,1608142250360,2020-12-16T18:10:50.360Z,sell,9e-07,134.0,0.0001205999999999
VIB/BTC,1608142300390,2020-12-16T18:11:40.390Z,sell,9e-07,134.0,0.0001205999999999
VIB/BTC,1608142310358,2020-12-16T18:11:50.358Z,sell,9e-07,134.0,0.0001205999999999
VIB/BTC,1608142360387,2020-12-16T18:12:40.387Z,sell,9e-07,134.0,0.0001205999999999
VIB/BTC,1608142370361,2020-12-16T18:12:50.361Z,sell,9e-07,134.0,0.0001205999999999
VIB/BTC,1608142406230,2020-12-16T18:13:26.230Z,buy,9.1e-07,242.0,0.00022022
VIB/BTC,1608142420410,2020-12-16T18:13:40.410Z,sell,9e-07,134.0,0.0001205999999999
VIB/BTC,1608142430384,2020-12-16T18:13:50.384Z,sell,9e-07,134.0,0.0001205999999999
VIB/BTC,1608142466860,2020-12-16T18:14:26.860Z,buy,9.1e-07,409.0,0.00037219
VIB/BTC,1608142480385,2020-12-16T18:14:40.385Z,sell,9e-07,134.0,0.0001205999999999
VIB/BTC,1608142490367,2020-12-16T18:14:50.367Z,sell,9e-07,134.0,0.0001205999999999
VIB/BTC,1608142506140,2020-12-16T18:15:06.140Z,buy,9.1e-07,6111.0,0.00556101
VIB/BTC,1608142535366,2020-12-16T18:15:35.366Z,sell,9e-07,134.0,0.0001205999999999
VIB/BTC,1608142550373,2020-12-16T18:15:50.373Z,sell,9e-07,134.0,0.0001205999999999
VIB/BTC,1608142570382,2020-12-16T18:16:10.382Z,sell,9e-07,136.0,0.0001224
VIB/BTC,1608142600397,2020-12-16T18:16:40.397Z,sell,9e-07,134.0,0.0001205999999999
VIB/BTC,1608142610378,2020-12-16T18:16:50.378Z,sell,9e-07,134.0,0.0001205999999999
VIB/BTC,1608142610378,2020-12-16T18:16:50.378Z,sell,9e-07,134.0,0.0001205999999999
VIB/BTC,1608142645400,2020-12-16T18:17:25.400Z,sell,9e-07,134.0,0.0001205999999999
VIB/BTC,1608142670407,2020-12-16T18:17:50.407Z,sell,9e-07,134.0,0.0001205999999999
VIB/BTC,1608142705408,2020-12-16T18:18:25.408Z,sell,9e-07,134.0,0.0001205999999999
VIB/BTC,1608142730398,2020-12-16T18:18:50.398Z,sell,9e-07,134.0,0.0001205999999999
VIB/BTC,1608142765427,2020-12-16T18:19:25.427Z,sell,9e-07,134.0,0.0001205999999999
VIB/BTC,1608142790408,2020-12-16T18:19:50.408Z,sell,9e-07,134.0,0.0001205999999999
VIB/BTC,1608142825415,2020-12-16T18:20:25.415Z,sell,9e-07,134.0,0.0001205999999999
VIB/BTC,1608142850397,2020-12-16T18:20:50.397Z,sell,9e-07,134.0,0.0001205999999999
VIB/BTC,1608142895415,2020-12-16T18:21:35.415Z,sell,9e-07,134.0,0.0001205999999999
VIB/BTC,1608142910410,2020-12-16T18:21:50.410Z,sell,9e-07,134.0,0.0001205999999999
VIB/BTC,1608142955408,2020-12-16T18:22:35.408Z,sell,9e-07,134.0,0.0001205999999999
VIB/BTC,1608142960754,2020-12-16T18:22:40.754Z,buy,9.1e-07,263.0,0.00023933
VIB/BTC,1608142961193,2020-12-16T18:22:41.193Z,buy,9.1e-07,254.0,0.0002311399999999
VIB/BTC,1608142961596,2020-12-16T18:22:41.596Z,buy,9.1e-07,245.0,0.00022295
VIB/BTC,1608142962023,2020-12-16T18:22:42.023Z,buy,9.1e-07,236.0,0.0002147599999999
VIB/BTC,1608142970432,2020-12-16T18:22:50.432Z,sell,9e-07,134.0,0.0001205999999999
VIB/BTC,1608143010425,2020-12-16T18:23:30.425Z,sell,9e-07,134.0,0.0001205999999999
VIB/BTC,1608143030454,2020-12-16T18:23:50.454Z,sell,9e-07,134.0,0.0001205999999999
VIB/BTC,1608143075416,2020-12-16T18:24:35.416Z,sell,9e-07,134.0,0.0001205999999999
VIB/BTC,1608143090423,2020-12-16T18:24:50.423Z,sell,9e-07,134.0,0.0001205999999999
VIB/BTC,1608143135421,2020-12-16T18:25:35.421Z,sell,9e-07,134.0,0.0001205999999999
VIB/BTC,1608143150419,2020-12-16T18:25:50.419Z,sell,9e-07,134.0,0.0001205999999999
VIB/BTC,1608143195426,2020-12-16T18:26:35.426Z,sell,9e-07,134.0,0.0001205999999999
VIB/BTC,1608143210431,2020-12-16T18:26:50.431Z,sell,9e-07,134.0,0.0001205999999999
VIB/BTC,1608143255430,2020-12-16T18:27:35.430Z,sell,9e-07,134.0,0.0001205999999999
VIB/BTC,1608143270439,2020-12-16T18:27:50.439Z,sell,9e-07,134.0,0.0001205999999999
VIB/BTC,1608143315582,2020-12-16T18:28:35.582Z,sell,9e-07,134.0,0.0001205999999999
VIB/BTC,1608143330613,2020-12-16T18:28:50.613Z,sell,9e-07,134.0,0.0001205999999999
VIB/BTC,1608143380621,2020-12-16T18:29:40.621Z,sell,9e-07,134.0,0.0001205999999999
VIB/BTC,1608143390612,2020-12-16T18:29:50.612Z,sell,9e-07,134.0,0.0001205999999999
VIB/BTC,1608143450604,2020-12-16T18:30:50.604Z,sell,9e-07,134.0,0.0001205999999999
VIB/BTC,1608143510623,2020-12-16T18:31:50.623Z,sell,9e-07,134.0,0.0001205999999999
VIB/BTC,1608143570475,2020-12-16T18:32:50.475Z,sell,9e-07,134.0,0.0001205999999999
VIB/BTC,1608143630448,2020-12-16T18:33:50.448Z,sell,9e-07,134.0,0.0001205999999999
VIB/BTC,1608143690463,2020-12-16T18:34:50.463Z,sell,9e-07,134.0,0.0001205999999999
VIB/BTC,1608143750460,2020-12-16T18:35:50.460Z,sell,9e-07,134.0,0.0001205999999999
VIB/BTC,1608143810480,2020-12-16T18:36:50.480Z,sell,9e-07,134.0,0.0001205999999999
VIB/BTC,1608143870475,2020-12-16T18:37:50.475Z,sell,9e-07,134.0,0.0001205999999999
VIB/BTC,1608143930488,2020-12-16T18:38:50.488Z,sell,9e-07,134.0,0.0001205999999999
VIB/BTC,1608143990477,2020-12-16T18:39:50.477Z,sell,9e-07,134.0,0.0001205999999999
VIB/BTC,1608144050495,2020-12-16T18:40:50.495Z,sell,9e-07,134.0,0.0001205999999999
VIB/BTC,1608144110491,2020-12-16T18:41:50.491Z,sell,9e-07,134.0,0.0001205999999999
VIB/BTC,1608144170501,2020-12-16T18:42:50.501Z,sell,9e-07,134.0,0.0001205999999999
VIB/BTC,1608144230495,2020-12-16T18:43:50.495Z,sell,9e-07,134.0,0.0001205999999999
VIB/BTC,1608144290498,2020-12-16T18:44:50.498Z,sell,9e-07,134.0,0.0001205999999999
VIB/BTC,1608144350512,2020-12-16T18:45:50.512Z,sell,9e-07,134.0,0.0001205999999999
VIB/BTC,1608144410517,2020-12-16T18:46:50.517Z,sell,9e-07,134.0,0.0001205999999999
VIB/BTC,1608144470513,2020-12-16T18:47:50.513Z,sell,9e-07,134.0,0.0001205999999999
VIB/BTC,1608144530515,2020-12-16T18:48:50.515Z,sell,9e-07,134.0,0.0001205999999999
VIB/BTC,1608144590676,2020-12-16T18:49:50.676Z,sell,9e-07,134.0,0.0001205999999999
VIB/BTC,1608144650673,2020-12-16T18:50:50.673Z,sell,9e-07,134.0,0.0001205999999999
VIB/BTC,1608144710684,2020-12-16T18:51:50.684Z,sell,9e-07,134.0,0.0001205999999999
VIB/BTC,1608144770715,2020-12-16T18:52:50.715Z,sell,9e-07,134.0,0.0001205999999999
VIB/BTC,1608144830689,2020-12-16T18:53:50.689Z,sell,9e-07,134.0,0.0001205999999999
VIB/BTC,1608144890708,2020-12-16T18:54:50.708Z,sell,9e-07,134.0,0.0001205999999999
VIB/BTC,1608144950696,2020-12-16T18:55:50.696Z,sell,9e-07,134.0,0.0001205999999999
VIB/BTC,1608145010740,2020-12-16T18:56:50.740Z,sell,9e-07,134.0,0.0001205999999999
VIB/BTC,1608145070706,2020-12-16T18:57:50.706Z,sell,9e-07,134.0,0.0001205999999999
VIB/BTC,1608145130568,2020-12-16T18:58:50.568Z,sell,9e-07,134.0,0.0001205999999999
VIB/BTC,1608145190585,2020-12-16T18:59:50.585Z,sell,9e-07,134.0,0.0001205999999999
VIB/BTC,1608145250578,2020-12-16T19:00:50.578Z,sell,9e-07,134.0,0.0001205999999999
VIB/BTC,1608145310585,2020-12-16T19:01:50.585Z,sell,9e-07,134.0,0.0001205999999999
VIB/BTC,1608145370730,2020-12-16T19:02:50.730Z,sell,9e-07,134.0,0.0001205999999999
VIB/BTC,1608145430735,2020-12-16T19:03:50.735Z,sell,9e-07,134.0,0.0001205999999999
VIB/BTC,1608145490742,2020-12-16T19:04:50.742Z,sell,9e-07,134.0,0.0001205999999999
VIB/BTC,1608145550741,2020-12-16T19:05:50.741Z,sell,9e-07,134.0,0.0001205999999999
VIB/BTC,1608145566959,2020-12-16T19:06:06.959Z,sell,9e-07,19802.0,0.0178218
VIB/BTC,1608145610770,2020-12-16T19:06:50.770Z,sell,9e-07,134.0,0.0001205999999999
VIB/BTC,1608145620593,2020-12-16T19:07:00.593Z,sell,9e-07,238.0,0.0002142
VIB/BTC,1608145645617,2020-12-16T19:07:25.617Z,sell,9e-07,321.0,0.0002889
VIB/BTC,1608145670599,2020-12-16T19:07:50.599Z,sell,9e-07,134.0,0.0001205999999999
VIB/BTC,1608145695624,2020-12-16T19:08:15.624Z,sell,9e-07,134.0,0.0001205999999999
VIB/BTC,1608145730612,2020-12-16T19:08:50.612Z,sell,9e-07,134.0,0.0001205999999999
VIB/BTC,1608145760629,2020-12-16T19:09:20.629Z,sell,9e-07,134.0,0.0001205999999999
VIB/BTC,1608145790609,2020-12-16T19:09:50.609Z,sell,9e-07,134.0,0.0001205999999999
VIB/BTC,1608145815625,2020-12-16T19:10:15.625Z,sell,9e-07,134.0,0.0001205999999999
VIB/BTC,1608145850617,2020-12-16T19:10:50.617Z,sell,9e-07,134.0,0.0001205999999999
VIB/BTC,1608145875623,2020-12-16T19:11:15.623Z,sell,9e-07,134.0,0.0001205999999999
VIB/BTC,1608145910633,2020-12-16T19:11:50.633Z,sell,9e-07,134.0,0.0001205999999999
VIB/BTC,1608145970636,2020-12-16T19:12:50.636Z,sell,9e-07,134.0,0.0001205999999999
VIB/BTC,1608146030627,2020-12-16T19:13:50.627Z,sell,9e-07,134.0,0.0001205999999999
VIB/BTC,1608146090655,2020-12-16T19:14:50.655Z,sell,9e-07,134.0,0.0001205999999999
VIB/BTC,1608146150780,2020-12-16T19:15:50.780Z,sell,9e-07,134.0,0.0001205999999999
VIB/BTC,1608146150780,2020-12-16T19:15:50.780Z,sell,9e-07,134.0,0.0001205999999999
VIB/BTC,1608146210794,2020-12-16T19:16:50.794Z,sell,9e-07,134.0,0.0001205999999999
VIB/BTC,1608146270792,2020-12-16T19:17:50.792Z,sell,9e-07,134.0,0.0001205999999999
VIB/BTC,1608146330806,2020-12-16T19:18:50.806Z,sell,9e-07,134.0,0.0001205999999999
VIB/BTC,1608146390793,2020-12-16T19:19:50.793Z,sell,9e-07,134.0,0.0001205999999999
VIB/BTC,1608146450669,2020-12-16T19:20:50.669Z,sell,9e-07,134.0,0.0001205999999999
VIB/BTC,1608146510666,2020-12-16T19:21:50.666Z,sell,9e-07,134.0,0.0001205999999999
VIB/BTC,1608146570668,2020-12-16T19:22:50.668Z,sell,9e-07,134.0,0.0001205999999999
VIB/BTC,1608146630663,2020-12-16T19:23:50.663Z,sell,9e-07,134.0,0.0001205999999999
VIB/BTC,1608146690657,2020-12-16T19:24:50.657Z,sell,9e-07,134.0,0.0001205999999999
VIB/BTC,1608146750670,2020-12-16T19:25:50.670Z,sell,9e-07,134.0,0.0001205999999999
VIB/BTC,1608146810671,2020-12-16T19:26:50.671Z,sell,9e-07,134.0,0.0001205999999999
VIB/BTC,1608146870679,2020-12-16T19:27:50.679Z,sell,9e-07,134.0,0.0001205999999999
VIB/BTC,1608146930829,2020-12-16T19:28:50.829Z,sell,9e-07,134.0,0.0001205999999999
VIB/BTC,1608146990844,2020-12-16T19:29:50.844Z,sell,9e-07,134.0,0.0001205999999999
VIB/BTC,1608147050841,2020-12-16T19:30:50.841Z,sell,9e-07,134.0,0.0001205999999999
VIB/BTC,1608147110832,2020-12-16T19:31:50.832Z,sell,9e-07,134.0,0.0001205999999999
VIB/BTC,1608147170865,2020-12-16T19:32:50.865Z,sell,9e-07,134.0,0.0001205999999999
VIB/BTC,1608147230712,2020-12-16T19:33:50.712Z,sell,9e-07,134.0,0.0001205999999999
VIB/BTC,1608147290698,2020-12-16T19:34:50.698Z,sell,9e-07,134.0,0.0001205999999999
VIB/BTC,1608147350702,2020-12-16T19:35:50.702Z,sell,9e-07,134.0,0.0001205999999999
VIB/BTC,1608147410719,2020-12-16T19:36:50.719Z,sell,9e-07,134.0,0.0001205999999999
VIB/BTC,1608147470713,2020-12-16T19:37:50.713Z,sell,9e-07,134.0,0.0001205999999999
VIB/BTC,1608147530709,2020-12-16T19:38:50.709Z,sell,9e-07,134.0,0.0001205999999999
VIB/BTC,1608147590719,2020-12-16T19:39:50.719Z,sell,9e-07,134.0,0.0001205999999999
VIB/BTC,1608147650723,2020-12-16T19:40:50.723Z,sell,9e-07,134.0,0.0001205999999999
VIB/BTC,1608147710887,2020-12-16T19:41:50.887Z,sell,9e-07,134.0,0.0001205999999999
VIB/BTC,1608147770933,2020-12-16T19:42:50.933Z,sell,9e-07,134.0,0.0001205999999999
VIB/BTC,1608147830905,2020-12-16T19:43:50.905Z,sell,9e-07,134.0,0.0001205999999999
VIB/BTC,1608147890901,2020-12-16T19:44:50.901Z,sell,9e-07,134.0,0.0001205999999999
VIB/BTC,1608147950890,2020-12-16T19:45:50.890Z,sell,9e-07,134.0,0.0001205999999999
VIB/BTC,1608148010739,2020-12-16T19:46:50.739Z,sell,9e-07,134.0,0.0001205999999999
VIB/BTC,1608148070744,2020-12-16T19:47:50.744Z,sell,9e-07,134.0,0.0001205999999999
VIB/BTC,1608148130760,2020-12-16T19:48:50.760Z,sell,9e-07,134.0,0.0001205999999999
VIB/BTC,1608148189960,2020-12-16T19:49:49.960Z,sell,9e-07,419.0,0.0003771
VIB/BTC,1608148190751,2020-12-16T19:49:50.751Z,sell,9e-07,134.0,0.0001205999999999
VIB/BTC,1608148197774,2020-12-16T19:49:57.774Z,buy,9.1e-07,1270.0,0.0011557
VIB/BTC,1608148250950,2020-12-16T19:50:50.950Z,sell,9e-07,134.0,0.0001205999999999
VIB/BTC,1608148297043,2020-12-16T19:51:37.043Z,sell,9e-07,3999.0,0.0035991
VIB/BTC,1608148310916,2020-12-16T19:51:50.916Z,sell,9e-07,134.0,0.0001205999999999
VIB/BTC,1608148355943,2020-12-16T19:52:35.943Z,sell,9e-07,134.0,0.0001205999999999
VIB/BTC,1608148370922,2020-12-16T19:52:50.922Z,sell,9e-07,134.0,0.0001205999999999
VIB/BTC,1608148430926,2020-12-16T19:53:50.926Z,sell,9e-07,134.0,0.0001205999999999
VIB/BTC,1608148490773,2020-12-16T19:54:50.773Z,sell,9e-07,134.0,0.0001205999999999
VIB/BTC,1608148550773,2020-12-16T19:55:50.773Z,sell,9e-07,134.0,0.0001205999999999
VIB/BTC,1608148610776,2020-12-16T19:56:50.776Z,sell,9e-07,134.0,0.0001205999999999
VIB/BTC,1608148670784,2020-12-16T19:57:50.784Z,sell,9e-07,134.0,0.0001205999999999
VIB/BTC,1608148730795,2020-12-16T19:58:50.795Z,sell,9e-07,134.0,0.0001205999999999
VIB/BTC,1608148790787,2020-12-16T19:59:50.787Z,sell,9e-07,134.0,0.0001205999999999
VIB/BTC,1608148850799,2020-12-16T20:00:50.799Z,sell,9e-07,134.0,0.0001205999999999
VIB/BTC,1608148910796,2020-12-16T20:01:50.796Z,sell,9e-07,134.0,0.0001205999999999
VIB/BTC,1608148970807,2020-12-16T20:02:50.807Z,sell,9e-07,134.0,0.0001205999999999
VIB/BTC,1608149030812,2020-12-16T20:03:50.812Z,sell,9e-07,134.0,0.0001205999999999
VIB/BTC,1608149090815,2020-12-16T20:04:50.815Z,sell,9e-07,134.0,0.0001205999999999
VIB/BTC,1608149150835,2020-12-16T20:05:50.835Z,sell,9e-07,134.0,0.0001205999999999
VIB/BTC,1608149210842,2020-12-16T20:06:50.842Z,sell,9e-07,134.0,0.0001205999999999
VIB/BTC,1608149270968,2020-12-16T20:07:50.968Z,sell,9e-07,134.0,0.0001205999999999
VIB/BTC,1608149308257,2020-12-16T20:08:28.257Z,buy,9.1e-07,149659.0,0.13618969
VIB/BTC,1608149311169,2020-12-16T20:08:31.169Z,buy,9.1e-07,29603.0,0.0269387299999999
VIB/BTC,1608149311176,2020-12-16T20:08:31.176Z,sell,9.1e-07,79339.0,0.07219849
VIB/BTC,1608149311185,2020-12-16T20:08:31.185Z,sell,9.1e-07,948.0,0.00086268
VIB/BTC,1608149314373,2020-12-16T20:08:34.373Z,sell,9.1e-07,18926.0,0.01722266
VIB/BTC,1608149330821,2020-12-16T20:08:50.821Z,buy,9.1e-07,14591.0,0.01327781
VIB/BTC,1608149330821,2020-12-16T20:08:50.821Z,buy,9.2e-07,119194.0,0.10965848
VIB/BTC,1608149330992,2020-12-16T20:08:50.992Z,sell,9.2e-07,4118.0,0.00378856
VIB/BTC,1608149334257,2020-12-16T20:08:54.257Z,sell,9.2e-07,769.0,0.00070748
VIB/BTC,1608149334624,2020-12-16T20:08:54.624Z,buy,9.3e-07,2747.0,0.00255471
VIB/BTC,1608149336249,2020-12-16T20:08:56.249Z,buy,9.3e-07,19858.0,0.01846794
VIB/BTC,1608149353678,2020-12-16T20:09:13.678Z,sell,9.2e-07,3100.0,0.002852
VIB/BTC,1608149353807,2020-12-16T20:09:13.807Z,sell,9.2e-07,5158.0,0.00474536
VIB/BTC,1608149354752,2020-12-16T20:09:14.752Z,buy,9.3e-07,99694.0,0.0927154199999999
VIB/BTC,1608149354764,2020-12-16T20:09:14.764Z,sell,9.3e-07,1194.0,0.00111042
VIB/BTC,1608149354766,2020-12-16T20:09:14.766Z,sell,9.3e-07,1194.0,0.00111042
VIB/BTC,1608149354769,2020-12-16T20:09:14.769Z,sell,9.3e-07,1199.0,0.00111507
VIB/BTC,1608149354774,2020-12-16T20:09:14.774Z,sell,9.3e-07,760.0,0.0007067999999999
VIB/BTC,1608149354835,2020-12-16T20:09:14.835Z,sell,9.3e-07,2994.0,0.00278442
VIB/BTC,1608149355454,2020-12-16T20:09:15.454Z,sell,9.3e-07,7247.0,0.00673971
VIB/BTC,1608149355795,2020-12-16T20:09:15.795Z,sell,9.3e-07,3188.0,0.00296484
VIB/BTC,1608149362705,2020-12-16T20:09:22.705Z,sell,9.3e-07,25136.0,0.0233764799999999
VIB/BTC,1608149369919,2020-12-16T20:09:29.919Z,buy,9.4e-07,255388.0,0.24006472
VIB/BTC,1608149383393,2020-12-16T20:09:43.393Z,sell,9.3e-07,20033.0,0.01863069
VIB/BTC,1608149384683,2020-12-16T20:09:44.683Z,buy,9.4e-07,23313.0,0.02191422
VIB/BTC,1608149384683,2020-12-16T20:09:44.683Z,buy,9.5e-07,122233.0,0.11612135
VIB/BTC,1608149384683,2020-12-16T20:09:44.683Z,buy,9.6e-07,117696.0,0.1129881599999999
VIB/BTC,1608149384747,2020-12-16T20:09:44.747Z,sell,9.4e-07,5225.0,0.0049115
VIB/BTC,1608149384759,2020-12-16T20:09:44.759Z,sell,9.4e-07,1545.0,0.0014523
VIB/BTC,1608149385403,2020-12-16T20:09:45.403Z,sell,9.4e-07,7526.0,0.00707444
VIB/BTC,1608149385771,2020-12-16T20:09:45.771Z,buy,9.5e-07,15009.0,0.01425855
VIB/BTC,1608149385992,2020-12-16T20:09:45.992Z,buy,9.5e-07,1081.0,0.00102695
VIB/BTC,1608149386323,2020-12-16T20:09:46.323Z,buy,9.5e-07,174.0,0.0001653
VIB/BTC,1608149389364,2020-12-16T20:09:49.364Z,sell,9.5e-07,100.0,9.5e-05
VIB/BTC,1608149389364,2020-12-16T20:09:49.364Z,sell,9.4e-07,8.0,7.52e-06
VIB/BTC,1608149390983,2020-12-16T20:09:50.983Z,sell,9.4e-07,6275.0,0.0058985
VIB/BTC,1608149394421,2020-12-16T20:09:54.421Z,buy,9.5e-07,11413.0,0.01084235
VIB/BTC,1608149395344,2020-12-16T20:09:55.344Z,sell,9.5e-07,11413.0,0.01084235
VIB/BTC,1608149396693,2020-12-16T20:09:56.693Z,buy,9.5e-07,106.0,0.0001007
VIB/BTC,1608149397565,2020-12-16T20:09:57.565Z,buy,9.5e-07,17403.0,0.01653285
VIB/BTC,1608149397565,2020-12-16T20:09:57.565Z,buy,9.6e-07,91991.0,0.0883113599999999
VIB/BTC,1608149403913,2020-12-16T20:10:03.913Z,buy,9.6e-07,57089.0,0.05480544
VIB/BTC,1608149403934,2020-12-16T20:10:03.934Z,sell,9.5e-07,11122.0,0.0105659
VIB/BTC,1608149404306,2020-12-16T20:10:04.306Z,sell,9.5e-07,6111.0,0.00580545
VIB/BTC,1608149404640,2020-12-16T20:10:04.640Z,sell,9.5e-07,112.0,0.0001064
VIB/BTC,1608149405553,2020-12-16T20:10:05.553Z,buy,9.6e-07,16367.0,0.01571232
VIB/BTC,1608149405646,2020-12-16T20:10:05.646Z,sell,9.6e-07,10000.0,0.0096
VIB/BTC,1608149405759,2020-12-16T20:10:05.759Z,sell,9.6e-07,1282.0,0.0012307199999999
VIB/BTC,1608149406830,2020-12-16T20:10:06.830Z,buy,9.7e-07,21182.0,0.02054654
VIB/BTC,1608149406882,2020-12-16T20:10:06.882Z,sell,9.6e-07,6742.0,0.0064723199999999
VIB/BTC,1608149408201,2020-12-16T20:10:08.201Z,sell,9.6e-07,106.0,0.0001017599999999
VIB/BTC,1608149412442,2020-12-16T20:10:12.442Z,buy,9.7e-07,12123.0,0.01175931
VIB/BTC,1608149413146,2020-12-16T20:10:13.146Z,buy,9.7e-07,12123.0,0.01175931
VIB/BTC,1608149416924,2020-12-16T20:10:16.924Z,buy,9.7e-07,12123.0,0.01175931
VIB/BTC,1608149417262,2020-12-16T20:10:17.262Z,buy,9.7e-07,3278.0,0.00317966
VIB/BTC,1608149420450,2020-12-16T20:10:20.450Z,buy,9.7e-07,569.0,0.00055193
VIB/BTC,1608149421254,2020-12-16T20:10:21.254Z,buy,9.7e-07,51546.0,0.04999962
VIB/BTC,1608149425995,2020-12-16T20:10:25.995Z,sell,9.6e-07,10714.0,0.01028544
VIB/BTC,1608149435152,2020-12-16T20:10:35.152Z,buy,9.7e-07,1313.0,0.00127361
VIB/BTC,1608149437030,2020-12-16T20:10:37.030Z,buy,9.7e-07,176.0,0.00017072
VIB/BTC,1608149437106,2020-12-16T20:10:37.106Z,buy,9.7e-07,2121.0,0.00205737
VIB/BTC,1608149437266,2020-12-16T20:10:37.266Z,sell,9.6e-07,3102.0,0.00297792
VIB/BTC,1608149437956,2020-12-16T20:10:37.956Z,sell,9.6e-07,2945.0,0.0028271999999999
VIB/BTC,1608149441944,2020-12-16T20:10:41.944Z,sell,9.6e-07,735.0,0.0007055999999999
VIB/BTC,1608149442307,2020-12-16T20:10:42.307Z,sell,9.6e-07,2655.0,0.0025488
VIB/BTC,1608149443891,2020-12-16T20:10:43.891Z,sell,9.6e-07,120193.0,0.1153852799999999
VIB/BTC,1608149444039,2020-12-16T20:10:44.039Z,buy,9.7e-07,116978.0,0.11346866
VIB/BTC,1608149446394,2020-12-16T20:10:46.394Z,buy,9.7e-07,98279.0,0.09533063
VIB/BTC,1608149446895,2020-12-16T20:10:46.895Z,sell,9.6e-07,972.0,0.00093312
VIB/BTC,1608149449404,2020-12-16T20:10:49.404Z,buy,9.7e-07,74535.0,0.07229895
VIB/BTC,1608149451000,2020-12-16T20:10:51.000Z,sell,9.6e-07,5329.0,0.00511584
VIB/BTC,1608149451066,2020-12-16T20:10:51.066Z,buy,9.7e-07,108845.0,0.10557965
VIB/BTC,1608149454519,2020-12-16T20:10:54.519Z,buy,9.7e-07,56700.0,0.054999
VIB/BTC,1608149458135,2020-12-16T20:10:58.135Z,buy,9.7e-07,63758.0,0.06184526
VIB/BTC,1608149460980,2020-12-16T20:11:00.980Z,sell,9.6e-07,8640.0,0.0082943999999999
VIB/BTC,1608149461260,2020-12-16T20:11:01.260Z,sell,9.6e-07,110.0,0.0001055999999999
VIB/BTC,1608149463715,2020-12-16T20:11:03.715Z,buy,9.7e-07,28864.0,0.02799808
VIB/BTC,1608149466450,2020-12-16T20:11:06.450Z,buy,9.7e-07,12101.0,0.01173797
VIB/BTC,1608149471186,2020-12-16T20:11:11.186Z,buy,9.7e-07,13131.0,0.01273707
VIB/BTC,1608149490560,2020-12-16T20:11:30.560Z,sell,9.6e-07,36369.0,0.03491424
VIB/BTC,1608149495982,2020-12-16T20:11:35.982Z,sell,9.6e-07,12320.0,0.0118272
VIB/BTC,1608149508777,2020-12-16T20:11:48.777Z,buy,9.7e-07,45084.0,0.04373148
VIB/BTC,1608149520992,2020-12-16T20:12:00.992Z,sell,9.6e-07,10587.0,0.0101635199999999
VIB/BTC,1608149534326,2020-12-16T20:12:14.326Z,buy,9.7e-07,3181.0,0.00308557
VIB/BTC,1608149539991,2020-12-16T20:12:19.991Z,sell,9.6e-07,350.0,0.000336
VIB/BTC,1608149540467,2020-12-16T20:12:20.467Z,sell,9.6e-07,350.0,0.000336
VIB/BTC,1608149540998,2020-12-16T20:12:20.998Z,sell,9.6e-07,350.0,0.000336
VIB/BTC,1608149541712,2020-12-16T20:12:21.712Z,sell,9.6e-07,350.0,0.000336
VIB/BTC,1608149542216,2020-12-16T20:12:22.216Z,sell,9.6e-07,350.0,0.000336
VIB/BTC,1608149544058,2020-12-16T20:12:24.058Z,buy,9.7e-07,272.0,0.00026384
VIB/BTC,1608149545846,2020-12-16T20:12:25.846Z,sell,9.6e-07,9198.0,0.0088300799999999
VIB/BTC,1608149546193,2020-12-16T20:12:26.193Z,buy,9.7e-07,286.0,0.00027742
VIB/BTC,1608149549832,2020-12-16T20:12:29.832Z,buy,9.7e-07,209.0,0.00020273
VIB/BTC,1608149551576,2020-12-16T20:12:31.576Z,buy,9.7e-07,154.0,0.00014938
VIB/BTC,1608149553601,2020-12-16T20:12:33.601Z,buy,9.7e-07,182.0,0.00017654
VIB/BTC,1608149555257,2020-12-16T20:12:35.257Z,buy,9.7e-07,120.0,0.0001164
VIB/BTC,1608149559624,2020-12-16T20:12:39.624Z,sell,9.6e-07,361.0,0.00034656
VIB/BTC,1608149559720,2020-12-16T20:12:39.720Z,buy,9.7e-07,269.0,0.00026093
VIB/BTC,1608149561447,2020-12-16T20:12:41.447Z,buy,9.7e-07,304.0,0.00029488
VIB/BTC,1608149566919,2020-12-16T20:12:46.919Z,buy,9.7e-07,109.0,0.00010573
VIB/BTC,1608149568574,2020-12-16T20:12:48.574Z,buy,9.7e-07,125.0,0.00012125
VIB/BTC,1608149570838,2020-12-16T20:12:50.838Z,sell,9.6e-07,11347.0,0.01089312
VIB/BTC,1608149571847,2020-12-16T20:12:51.847Z,buy,9.7e-07,199.0,0.00019303
VIB/BTC,1608149577067,2020-12-16T20:12:57.067Z,buy,9.7e-07,5295.0,0.00513615
VIB/BTC,1608149579231,2020-12-16T20:12:59.231Z,buy,9.8e-07,139.0,0.00013622
VIB/BTC,1608149582466,2020-12-16T20:13:02.466Z,buy,9.8e-07,231.0,0.0002263799999999
VIB/BTC,1608149584061,2020-12-16T20:13:04.061Z,buy,9.8e-07,218.0,0.00021364
VIB/BTC,1608149585967,2020-12-16T20:13:05.967Z,buy,9.8e-07,303.0,0.00029694
VIB/BTC,1608149589132,2020-12-16T20:13:09.132Z,buy,9.8e-07,112.0,0.0001097599999999
VIB/BTC,1608149590872,2020-12-16T20:13:10.872Z,buy,9.8e-07,196.0,0.00019208
VIB/BTC,1608149591167,2020-12-16T20:13:11.167Z,sell,9.7e-07,1062.0,0.00103014
VIB/BTC,1608149592471,2020-12-16T20:13:12.471Z,buy,9.8e-07,140.0,0.0001372
VIB/BTC,1608149593570,2020-12-16T20:13:13.570Z,sell,9.7e-07,137.0,0.00013289
VIB/BTC,1608149595721,2020-12-16T20:13:15.721Z,buy,9.8e-07,182.0,0.00017836
VIB/BTC,1608149600550,2020-12-16T20:13:20.550Z,buy,9.8e-07,299.0,0.0002930199999999
VIB/BTC,1608149602531,2020-12-16T20:13:22.531Z,buy,9.8e-07,167.0,0.00016366
VIB/BTC,1608149604144,2020-12-16T20:13:24.144Z,buy,9.8e-07,112.0,0.0001097599999999
VIB/BTC,1608149605804,2020-12-16T20:13:25.804Z,buy,9.8e-07,304.0,0.0002979199999999
VIB/BTC,1608149609148,2020-12-16T20:13:29.148Z,buy,9.8e-07,108.0,0.0001058399999999
VIB/BTC,1608149610861,2020-12-16T20:13:30.861Z,sell,9.7e-07,125.0,0.00012125
VIB/BTC,1608149610861,2020-12-16T20:13:30.861Z,sell,9.6e-07,12288.0,0.0117964799999999
VIB/BTC,1608149615904,2020-12-16T20:13:35.904Z,buy,9.8e-07,301.0,0.0002949799999999
VIB/BTC,1608149617852,2020-12-16T20:13:37.852Z,buy,9.8e-07,2821.0,0.00276458
VIB/BTC,1608149618679,2020-12-16T20:13:38.679Z,sell,9.6e-07,524.0,0.00050304
VIB/BTC,1608149619106,2020-12-16T20:13:39.106Z,buy,9.7e-07,294.0,0.00028518
VIB/BTC,1608149620837,2020-12-16T20:13:40.837Z,buy,9.7e-07,205.0,0.00019885
VIB/BTC,1608149622454,2020-12-16T20:13:42.454Z,buy,9.7e-07,280.0,0.0002716
VIB/BTC,1608149624120,2020-12-16T20:13:44.120Z,buy,9.7e-07,286.0,0.00027742
VIB/BTC,1608149625728,2020-12-16T20:13:45.728Z,buy,9.7e-07,229.0,0.00022213
VIB/BTC,1608149627358,2020-12-16T20:13:47.358Z,buy,9.7e-07,258.0,0.00025026
VIB/BTC,1608149628931,2020-12-16T20:13:48.931Z,buy,9.7e-07,123.0,0.00011931
VIB/BTC,1608149630860,2020-12-16T20:13:50.860Z,sell,9.6e-07,9147.0,0.00878112
VIB/BTC,1608149635422,2020-12-16T20:13:55.422Z,buy,9.7e-07,123.0,0.00011931
VIB/BTC,1608149637560,2020-12-16T20:13:57.560Z,buy,9.7e-07,309.0,0.00029973
VIB/BTC,1608149642841,2020-12-16T20:14:02.841Z,buy,9.7e-07,233.0,0.00022601
VIB/BTC,1608149644461,2020-12-16T20:14:04.461Z,buy,9.7e-07,138.0,0.00013386
VIB/BTC,1608149645086,2020-12-16T20:14:05.086Z,buy,9.7e-07,11292.0,0.01095324
VIB/BTC,1608149646065,2020-12-16T20:14:06.065Z,buy,9.7e-07,281.0,0.00027257
VIB/BTC,1608149647832,2020-12-16T20:14:07.832Z,buy,9.7e-07,149.0,0.00014453
VIB/BTC,1608149649515,2020-12-16T20:14:09.515Z,buy,9.7e-07,261.0,0.00025317
VIB/BTC,1608149651246,2020-12-16T20:14:11.246Z,buy,9.7e-07,222.0,0.00021534
VIB/BTC,1608149654490,2020-12-16T20:14:14.490Z,buy,9.7e-07,265.0,0.00025705
VIB/BTC,1608149656073,2020-12-16T20:14:16.073Z,buy,9.7e-07,239.0,0.00023183
VIB/BTC,1608149657666,2020-12-16T20:14:17.666Z,buy,9.7e-07,289.0,0.00028033
VIB/BTC,1608149660980,2020-12-16T20:14:20.980Z,buy,9.7e-07,164.0,0.00015908
VIB/BTC,1608149664753,2020-12-16T20:14:24.753Z,sell,9.6e-07,55064.0,0.0528614399999999
VIB/BTC,1608149665608,2020-12-16T20:14:25.608Z,sell,9.6e-07,350.0,0.000336
VIB/BTC,1608149665816,2020-12-16T20:14:25.816Z,buy,9.7e-07,170.0,0.0001649
VIB/BTC,1608149666375,2020-12-16T20:14:26.375Z,sell,9.6e-07,279.0,0.00026784
VIB/BTC,1608149667388,2020-12-16T20:14:27.388Z,buy,9.6e-07,133.0,0.00012768
VIB/BTC,1608149669003,2020-12-16T20:14:29.003Z,buy,9.6e-07,117.0,0.00011232
VIB/BTC,1608149672563,2020-12-16T20:14:32.563Z,buy,9.6e-07,167.0,0.0001603199999999
VIB/BTC,1608149675512,2020-12-16T20:14:35.512Z,buy,9.6e-07,2432.0,0.0023347199999999
VIB/BTC,1608149675846,2020-12-16T20:14:35.846Z,sell,9.5e-07,6238.0,0.0059261
VIB/BTC,1608149677906,2020-12-16T20:14:37.906Z,buy,9.6e-07,191.0,0.0001833599999999
VIB/BTC,1608149679373,2020-12-16T20:14:39.373Z,sell,9.5e-07,360.0,0.000342
VIB/BTC,1608149679494,2020-12-16T20:14:39.494Z,buy,9.6e-07,227.0,0.0002179199999999
VIB/BTC,1608149679774,2020-12-16T20:14:39.774Z,sell,9.5e-07,10311.0,0.00979545
VIB/BTC,1608149681184,2020-12-16T20:14:41.184Z,buy,9.5e-07,228.0,0.0002166
VIB/BTC,1608149684448,2020-12-16T20:14:44.448Z,sell,9.4e-07,6974.0,0.00655556
VIB/BTC,1608149685882,2020-12-16T20:14:45.882Z,sell,9.4e-07,1500.0,0.00141
VIB/BTC,1608149688241,2020-12-16T20:14:48.241Z,buy,9.5e-07,257.0,0.00024415
VIB/BTC,1608149688676,2020-12-16T20:14:48.676Z,sell,9.4e-07,1399.0,0.00131506
VIB/BTC,1608149688694,2020-12-16T20:14:48.694Z,sell,9.4e-07,863.0,0.00081122
VIB/BTC,1608149689910,2020-12-16T20:14:49.910Z,buy,9.5e-07,150.0,0.0001425
VIB/BTC,1608149690848,2020-12-16T20:14:50.848Z,sell,9.4e-07,7011.0,0.00659034
VIB/BTC,1608149691570,2020-12-16T20:14:51.570Z,buy,9.5e-07,244.0,0.0002318
VIB/BTC,1608149695012,2020-12-16T20:14:55.012Z,buy,9.5e-07,201.0,0.00019095
VIB/BTC,1608149700491,2020-12-16T20:15:00.491Z,sell,9.4e-07,212.0,0.00019928
VIB/BTC,1608149712335,2020-12-16T20:15:12.335Z,sell,9.4e-07,997.0,0.00093718
VIB/BTC,1608149713487,2020-12-16T20:15:13.487Z,buy,9.4e-07,127.0,0.00011938
VIB/BTC,1608149713575,2020-12-16T20:15:13.575Z,sell,9.3e-07,569.0,0.00052917
VIB/BTC,1608149715866,2020-12-16T20:15:15.866Z,sell,9.3e-07,2814.0,0.00261702
VIB/BTC,1608149725867,2020-12-16T20:15:25.867Z,sell,9.3e-07,5811.0,0.00540423
VIB/BTC,1608149737895,2020-12-16T20:15:37.895Z,sell,9.3e-07,1639.0,0.0015242699999999
VIB/BTC,1608149737895,2020-12-16T20:15:37.895Z,sell,9.3e-07,1639.0,0.0015242699999999
VIB/BTC,1608149750852,2020-12-16T20:15:50.852Z,sell,9.3e-07,1688.0,0.00156984
VIB/BTC,1608149765854,2020-12-16T20:16:05.854Z,sell,9.3e-07,3436.0,0.00319548
VIB/BTC,1608149785878,2020-12-16T20:16:25.878Z,sell,9.3e-07,25436.0,0.02365548
VIB/BTC,1608149785888,2020-12-16T20:16:25.888Z,buy,9.3e-07,584.0,0.00054312
VIB/BTC,1608149785888,2020-12-16T20:16:25.888Z,buy,9.3e-07,3151.0,0.00293043
VIB/BTC,1608149789432,2020-12-16T20:16:29.432Z,buy,9.3e-07,51086.0,0.04750998
VIB/BTC,1608149810999,2020-12-16T20:16:50.999Z,sell,9.2e-07,3154.0,0.00290168
VIB/BTC,1608149822887,2020-12-16T20:17:02.887Z,buy,9.3e-07,10474.0,0.00974082
VIB/BTC,1608149829354,2020-12-16T20:17:09.354Z,buy,9.3e-07,5937.0,0.00552141
VIB/BTC,1608149835764,2020-12-16T20:17:15.764Z,buy,9.3e-07,3834.0,0.00356562
VIB/BTC,1608149871001,2020-12-16T20:17:51.001Z,sell,9.2e-07,3753.0,0.00345276
VIB/BTC,1608149896018,2020-12-16T20:18:16.018Z,sell,9.2e-07,3009.0,0.00276828
VIB/BTC,1608149902495,2020-12-16T20:18:22.495Z,buy,9.3e-07,4612.0,0.00428916
VIB/BTC,1608149912609,2020-12-16T20:18:32.609Z,buy,9.3e-07,227713.0,0.21177309
VIB/BTC,1608149931031,2020-12-16T20:18:51.031Z,sell,9.2e-07,5495.0,0.0050554
VIB/BTC,1608149938493,2020-12-16T20:18:58.493Z,buy,9.3e-07,7156.0,0.00665508
VIB/BTC,1608149938493,2020-12-16T20:18:58.493Z,buy,9.4e-07,67312.0,0.06327328
VIB/BTC,1608149947352,2020-12-16T20:19:07.352Z,buy,9.4e-07,17264.0,0.01622816
VIB/BTC,1608149947352,2020-12-16T20:19:07.352Z,buy,9.5e-07,43084.0,0.0409298
VIB/BTC,1608149947362,2020-12-16T20:19:07.362Z,sell,9.5e-07,1316.0,0.0012502
VIB/BTC,1608149952361,2020-12-16T20:19:12.361Z,buy,9.5e-07,1393.0,0.00132335
VIB/BTC,1608149956903,2020-12-16T20:19:16.903Z,buy,9.6e-07,3847.0,0.00369312
VIB/BTC,1608149960810,2020-12-16T20:19:20.810Z,sell,9.5e-07,1316.0,0.0012502
VIB/BTC,1608149971017,2020-12-16T20:19:31.017Z,sell,9.5e-07,3757.0,0.00356915
VIB/BTC,1608149972967,2020-12-16T20:19:32.967Z,buy,9.6e-07,270092.0,0.2592883199999999
VIB/BTC,1608149973784,2020-12-16T20:19:33.784Z,buy,9.6e-07,316.0,0.0003033599999999
VIB/BTC,1608149974809,2020-12-16T20:19:34.809Z,buy,9.6e-07,208333.0,0.1999996799999999
VIB/BTC,1608149974837,2020-12-16T20:19:34.837Z,buy,9.6e-07,83563.0,0.08022048
VIB/BTC,1608149980283,2020-12-16T20:19:40.283Z,buy,9.7e-07,112255.0,0.10888735
VIB/BTC,1608149981801,2020-12-16T20:19:41.801Z,buy,9.7e-07,152881.0,0.14829457
VIB/BTC,1608149983673,2020-12-16T20:19:43.673Z,buy,9.7e-07,194554.0,0.18871738
VIB/BTC,1608149984308,2020-12-16T20:19:44.308Z,sell,9.6e-07,146.0,0.0001401599999999
VIB/BTC,1608149989082,2020-12-16T20:19:49.082Z,buy,9.7e-07,154288.0,0.14965936
VIB/BTC,1608149989093,2020-12-16T20:19:49.093Z,sell,9.7e-07,16050.0,0.0155685
VIB/BTC,1608149989095,2020-12-16T20:19:49.095Z,sell,9.7e-07,19479.0,0.01889463
VIB/BTC,1608149989098,2020-12-16T20:19:49.098Z,sell,9.7e-07,3542.0,0.00343574
VIB/BTC,1608149989534,2020-12-16T20:19:49.534Z,sell,9.7e-07,9784.0,0.00949048
VIB/BTC,1608149989915,2020-12-16T20:19:49.915Z,sell,9.7e-07,128.0,0.00012416
VIB/BTC,1608149990280,2020-12-16T20:19:50.280Z,sell,9.7e-07,350.0,0.0003395
VIB/BTC,1608149991101,2020-12-16T20:19:51.101Z,sell,9.7e-07,18328.0,0.01777816
VIB/BTC,1608149992549,2020-12-16T20:19:52.549Z,sell,9.7e-07,208333.0,0.20208301
VIB/BTC,1608149996013,2020-12-16T20:19:56.013Z,sell,9.7e-07,9045.0,0.00877365
VIB/BTC,1608149997060,2020-12-16T20:19:57.060Z,buy,9.8e-07,649.0,0.0006360199999999
VIB/BTC,1608150003950,2020-12-16T20:20:03.950Z,buy,9.8e-07,221225.0,0.2168004999999999
VIB/BTC,1608150006721,2020-12-16T20:20:06.721Z,sell,9.7e-07,6097.0,0.00591409
VIB/BTC,1608150006799,2020-12-16T20:20:06.799Z,buy,9.8e-07,219603.0,0.21521094
VIB/BTC,1608150009565,2020-12-16T20:20:09.565Z,buy,9.8e-07,148241.0,0.1452761799999999
VIB/BTC,1608150009664,2020-12-16T20:20:09.664Z,sell,9.8e-07,1122.0,0.0010995599999999
VIB/BTC,1608150009752,2020-12-16T20:20:09.752Z,sell,9.8e-07,4381.0,0.0042933799999999
VIB/BTC,1608150010418,2020-12-16T20:20:10.418Z,sell,9.8e-07,187.0,0.0001832599999999
VIB/BTC,1608150010937,2020-12-16T20:20:10.937Z,sell,9.8e-07,3837.0,0.0037602599999999
VIB/BTC,1608150011020,2020-12-16T20:20:11.020Z,sell,9.8e-07,15195.0,0.0148910999999999
VIB/BTC,1608150014742,2020-12-16T20:20:14.742Z,sell,9.8e-07,1159.0,0.0011358199999999
VIB/BTC,1608150014766,2020-12-16T20:20:14.766Z,sell,9.8e-07,1895.0,0.0018571
VIB/BTC,1608150014772,2020-12-16T20:20:14.772Z,sell,9.8e-07,1436.0,0.00140728
VIB/BTC,1608150014774,2020-12-16T20:20:14.774Z,sell,9.8e-07,765.0,0.0007497
VIB/BTC,1608150014775,2020-12-16T20:20:14.775Z,sell,9.8e-07,863.0,0.00084574
VIB/BTC,1608150014780,2020-12-16T20:20:14.780Z,sell,9.8e-07,3400.0,0.003332
VIB/BTC,1608150014785,2020-12-16T20:20:14.785Z,sell,9.8e-07,519.0,0.00050862
VIB/BTC,1608150014787,2020-12-16T20:20:14.787Z,sell,9.8e-07,394.0,0.00038612
VIB/BTC,1608150016304,2020-12-16T20:20:16.304Z,buy,9.9e-07,131.0,0.00012969
VIB/BTC,1608150017382,2020-12-16T20:20:17.382Z,buy,9.9e-07,19898.0,0.01969902
VIB/BTC,1608150021387,2020-12-16T20:20:21.387Z,sell,9.8e-07,6391.0,0.0062631799999999
VIB/BTC,1608150023237,2020-12-16T20:20:23.237Z,sell,9.8e-07,267.0,0.00026166
VIB/BTC,1608150024936,2020-12-16T20:20:24.936Z,buy,9.9e-07,31947.0,0.03162753
VIB/BTC,1608150024944,2020-12-16T20:20:24.944Z,sell,9.9e-07,16135.0,0.01597365
VIB/BTC,1608150032193,2020-12-16T20:20:32.193Z,sell,9.8e-07,3310.0,0.0032438
VIB/BTC,1608150036047,2020-12-16T20:20:36.047Z,sell,9.8e-07,14875.0,0.0145774999999999
VIB/BTC,1608150036786,2020-12-16T20:20:36.786Z,buy,9.9e-07,172.0,0.00017028
VIB/BTC,1608150038977,2020-12-16T20:20:38.977Z,sell,9.8e-07,2978.0,0.00291844
VIB/BTC,1608150046454,2020-12-16T20:20:46.454Z,buy,9.9e-07,1313.0,0.00129987
VIB/BTC,1608150048331,2020-12-16T20:20:48.331Z,buy,9.9e-07,2323.0,0.00229977
VIB/BTC,1608150050701,2020-12-16T20:20:50.701Z,buy,9.9e-07,2424.0,0.00239976
VIB/BTC,1608150056012,2020-12-16T20:20:56.012Z,sell,9.8e-07,14101.0,0.01381898
VIB/BTC,1608150057924,2020-12-16T20:20:57.924Z,sell,9.8e-07,350.0,0.000343
VIB/BTC,1608150058815,2020-12-16T20:20:58.815Z,sell,9.8e-07,350.0,0.000343
VIB/BTC,1608150059724,2020-12-16T20:20:59.724Z,sell,9.8e-07,350.0,0.000343
VIB/BTC,1608150060229,2020-12-16T20:21:00.229Z,sell,9.8e-07,350.0,0.000343
VIB/BTC,1608150060758,2020-12-16T20:21:00.758Z,sell,9.8e-07,350.0,0.000343
VIB/BTC,1608150061235,2020-12-16T20:21:01.235Z,sell,9.8e-07,350.0,0.000343
VIB/BTC,1608150061749,2020-12-16T20:21:01.749Z,sell,9.8e-07,350.0,0.000343
VIB/BTC,1608150061749,2020-12-16T20:21:01.749Z,buy,9.9e-07,38.0,3.762e-05
VIB/BTC,1608150062285,2020-12-16T20:21:02.285Z,sell,9.8e-07,350.0,0.000343
VIB/BTC,1608150062859,2020-12-16T20:21:02.859Z,sell,9.8e-07,350.0,0.000343
VIB/BTC,1608150063343,2020-12-16T20:21:03.343Z,sell,9.8e-07,350.0,0.000343
VIB/BTC,1608150076034,2020-12-16T20:21:16.034Z,sell,9.8e-07,24077.0,0.02359546
VIB/BTC,1608150083969,2020-12-16T20:21:23.969Z,buy,9.9e-07,1694.0,0.00167706
VIB/BTC,1608150083969,2020-12-16T20:21:23.969Z,buy,1e-06,518.0,0.000518
VIB/BTC,1608150090800,2020-12-16T20:21:30.800Z,buy,9.9e-07,414.0,0.00040986
VIB/BTC,1608150092763,2020-12-16T20:21:32.763Z,buy,9.9e-07,4141.0,0.00409959
VIB/BTC,1608150095189,2020-12-16T20:21:35.189Z,buy,9.9e-07,1313.0,0.00129987
VIB/BTC,1608150099205,2020-12-16T20:21:39.205Z,buy,9.9e-07,4141.0,0.00409959
VIB/BTC,1608150110876,2020-12-16T20:21:50.876Z,sell,9.8e-07,10664.0,0.01045072
VIB/BTC,1608150112149,2020-12-16T20:21:52.149Z,sell,9.8e-07,350.0,0.000343
VIB/BTC,1608150117455,2020-12-16T20:21:57.455Z,buy,9.9e-07,897.0,0.00088803
VIB/BTC,1608150118590,2020-12-16T20:21:58.590Z,buy,9.9e-07,1399.0,0.00138501
VIB/BTC,1608150119079,2020-12-16T20:21:59.079Z,buy,9.9e-07,516.0,0.00051084
VIB/BTC,1608150120163,2020-12-16T20:22:00.163Z,buy,9.9e-07,1376.0,0.00136224
VIB/BTC,1608150120737,2020-12-16T20:22:00.737Z,buy,9.9e-07,1097.0,0.00108603
VIB/BTC,1608150121734,2020-12-16T20:22:01.734Z,buy,9.9e-07,1581.0,0.00156519
VIB/BTC,1608150122828,2020-12-16T20:22:02.828Z,buy,9.9e-07,1599.0,0.00158301
VIB/BTC,1608150123797,2020-12-16T20:22:03.797Z,buy,9.9e-07,1655.0,0.00163845
VIB/BTC,1608150124818,2020-12-16T20:22:04.818Z,buy,9.9e-07,1702.0,0.00168498
VIB/BTC,1608150125326,2020-12-16T20:22:05.326Z,buy,9.9e-07,4850.0,0.0048015
VIB/BTC,1608150125721,2020-12-16T20:22:05.721Z,buy,9.9e-07,1168.0,0.00115632
VIB/BTC,1608150126469,2020-12-16T20:22:06.469Z,buy,9.9e-07,404.0,0.00039996
VIB/BTC,1608150127319,2020-12-16T20:22:07.319Z,buy,9.9e-07,1314.0,0.00130086
VIB/BTC,1608150128056,2020-12-16T20:22:08.056Z,buy,9.9e-07,1448.0,0.00143352
VIB/BTC,1608150129334,2020-12-16T20:22:09.334Z,buy,9.9e-07,1504.0,0.00148896
VIB/BTC,1608150129636,2020-12-16T20:22:09.636Z,buy,9.9e-07,111.0,0.00010989
VIB/BTC,1608150130406,2020-12-16T20:22:10.406Z,buy,9.9e-07,3199.0,0.00316701
VIB/BTC,1608150130522,2020-12-16T20:22:10.522Z,buy,9.9e-07,1635.0,0.00161865
VIB/BTC,1608150131491,2020-12-16T20:22:11.491Z,buy,9.9e-07,441.0,0.00043659
VIB/BTC,1608150131822,2020-12-16T20:22:11.822Z,buy,9.9e-07,815.0,0.00080685
VIB/BTC,1608150131835,2020-12-16T20:22:11.835Z,buy,9.9e-07,1676.0,0.00165924
VIB/BTC,1608150132249,2020-12-16T20:22:12.249Z,buy,9.9e-07,3641.0,0.00360459
VIB/BTC,1608150132438,2020-12-16T20:22:12.438Z,buy,9.9e-07,1427.0,0.00141273
VIB/BTC,1608150133116,2020-12-16T20:22:13.116Z,buy,9.9e-07,342.0,0.00033858
VIB/BTC,1608150133544,2020-12-16T20:22:13.544Z,buy,9.9e-07,1876.0,0.00185724
VIB/BTC,1608150133833,2020-12-16T20:22:13.833Z,buy,9.9e-07,5544.0,0.00548856
VIB/BTC,1608150134049,2020-12-16T20:22:14.049Z,buy,9.9e-07,5189.0,0.00513711
VIB/BTC,1608150134700,2020-12-16T20:22:14.700Z,buy,9.9e-07,452.0,0.00044748
VIB/BTC,1608150135143,2020-12-16T20:22:15.143Z,buy,9.9e-07,195.0,0.00019305
VIB/BTC,1608150135445,2020-12-16T20:22:15.445Z,buy,9.9e-07,5467.0,0.00541233
VIB/BTC,1608150135628,2020-12-16T20:22:15.628Z,buy,9.9e-07,3404.0,0.00336996
VIB/BTC,1608150136284,2020-12-16T20:22:16.284Z,buy,9.9e-07,1321.0,0.00130779
VIB/BTC,1608150136733,2020-12-16T20:22:16.733Z,buy,9.9e-07,559.0,0.00055341
VIB/BTC,1608150137025,2020-12-16T20:22:17.025Z,buy,9.9e-07,2073.0,0.00205227
VIB/BTC,1608150137281,2020-12-16T20:22:17.281Z,buy,9.9e-07,1559.0,0.00154341
VIB/BTC,1608150137876,2020-12-16T20:22:17.876Z,buy,9.9e-07,1541.0,0.00152559
VIB/BTC,1608150138314,2020-12-16T20:22:18.314Z,buy,9.9e-07,274.0,0.00027126
VIB/BTC,1608150138624,2020-12-16T20:22:18.624Z,buy,9.9e-07,5068.0,0.00501732
VIB/BTC,1608150138875,2020-12-16T20:22:18.875Z,buy,9.9e-07,5709.0,0.00565191
VIB/BTC,1608150139473,2020-12-16T20:22:19.473Z,buy,9.9e-07,824.0,0.00081576
VIB/BTC,1608150139958,2020-12-16T20:22:19.958Z,buy,9.9e-07,859.0,0.00085041
VIB/BTC,1608150140209,2020-12-16T20:22:20.209Z,buy,9.9e-07,1095.0,0.00108405
VIB/BTC,1608150140447,2020-12-16T20:22:20.447Z,buy,9.9e-07,2470.0,0.0024453
VIB/BTC,1608150141180,2020-12-16T20:22:21.180Z,buy,9.9e-07,1189.0,0.00117711
VIB/BTC,1608150141566,2020-12-16T20:22:21.566Z,buy,9.9e-07,158.0,0.00015642
VIB/BTC,1608150142048,2020-12-16T20:22:22.048Z,buy,9.9e-07,3206.0,0.00317394
VIB/BTC,1608150142769,2020-12-16T20:22:22.769Z,buy,9.9e-07,1198.0,0.00118602
VIB/BTC,1608150143134,2020-12-16T20:22:23.134Z,buy,9.9e-07,217.0,0.00021483
VIB/BTC,1608150143390,2020-12-16T20:22:23.390Z,buy,9.9e-07,1386.0,0.00137214
VIB/BTC,1608150143755,2020-12-16T20:22:23.755Z,buy,9.9e-07,3216.0,0.00318384
VIB/BTC,1608150144349,2020-12-16T20:22:24.349Z,buy,9.9e-07,188.0,0.00018612
VIB/BTC,1608150144746,2020-12-16T20:22:24.746Z,buy,9.9e-07,1193.0,0.00118107
VIB/BTC,1608150145129,2020-12-16T20:22:25.129Z,buy,9.9e-07,2882.0,0.00285318
VIB/BTC,1608150145329,2020-12-16T20:22:25.329Z,buy,9.9e-07,294.0,0.00029106
VIB/BTC,1608150145908,2020-12-16T20:22:25.908Z,sell,9.8e-07,9351.0,0.0091639799999999
VIB/BTC,1608150145939,2020-12-16T20:22:25.939Z,buy,9.9e-07,1187.0,0.00117513
VIB/BTC,1608150146314,2020-12-16T20:22:26.314Z,buy,9.9e-07,247.0,0.00024453
VIB/BTC,1608150146737,2020-12-16T20:22:26.737Z,buy,9.9e-07,671.0,0.00066429
VIB/BTC,1608150147022,2020-12-16T20:22:27.022Z,buy,9.9e-07,3125.0,0.00309375
VIB/BTC,1608150147055,2020-12-16T20:22:27.055Z,buy,9.9e-07,60918.0,0.06030882
VIB/BTC,1608150147529,2020-12-16T20:22:27.529Z,buy,9.9e-07,959.0,0.00094941
VIB/BTC,1608150148018,2020-12-16T20:22:28.018Z,buy,9.9e-07,639.0,0.00063261
VIB/BTC,1608150148315,2020-12-16T20:22:28.315Z,buy,9.9e-07,3873.0,0.00383427
VIB/BTC,1608150148656,2020-12-16T20:22:28.656Z,buy,9.9e-07,3086.0,0.00305514
VIB/BTC,1608150149016,2020-12-16T20:22:29.016Z,buy,9.9e-07,99521.0,0.09852579
VIB/BTC,1608150149135,2020-12-16T20:22:29.135Z,buy,9.9e-07,210.0,0.0002079
VIB/BTC,1608150149635,2020-12-16T20:22:29.635Z,buy,9.9e-07,633.0,0.00062667
VIB/BTC,1608150149912,2020-12-16T20:22:29.912Z,buy,9.9e-07,3616.0,0.00357984
VIB/BTC,1608150150267,2020-12-16T20:22:30.267Z,buy,9.9e-07,568.0,0.00056232
VIB/BTC,1608150150994,2020-12-16T20:22:30.994Z,buy,9.9e-07,1748.0,0.00173052
VIB/BTC,1608150151262,2020-12-16T20:22:31.262Z,buy,9.9e-07,1512.0,0.00149688
VIB/BTC,1608150151337,2020-12-16T20:22:31.337Z,buy,9.9e-07,109954.0,0.10885446
VIB/BTC,1608150151505,2020-12-16T20:22:31.505Z,buy,9.9e-07,2492.0,0.00246708
VIB/BTC,1608150151589,2020-12-16T20:22:31.589Z,buy,9.9e-07,65169.0,0.06451731
VIB/BTC,1608150151917,2020-12-16T20:22:31.917Z,buy,9.9e-07,2231.0,0.00220869
VIB/BTC,1608150152642,2020-12-16T20:22:32.642Z,buy,9.9e-07,1689.0,0.00167211
VIB/BTC,1608150152861,2020-12-16T20:22:32.861Z,buy,9.9e-07,1322.0,0.00130878
VIB/BTC,1608150153082,2020-12-16T20:22:33.082Z,buy,9.9e-07,2380.0,0.0023562
VIB/BTC,1608150153516,2020-12-16T20:22:33.516Z,buy,9.9e-07,2073.0,0.00205227
VIB/BTC,1608150154232,2020-12-16T20:22:34.232Z,buy,9.9e-07,150.0,0.0001485
VIB/BTC,1608150154565,2020-12-16T20:22:34.565Z,buy,9.9e-07,1531.0,0.00151569
VIB/BTC,1608150154669,2020-12-16T20:22:34.669Z,buy,9.9e-07,3952.0,0.00391248
VIB/BTC,1608150155810,2020-12-16T20:22:35.810Z,buy,9.9e-07,616.0,0.00060984
VIB/BTC,1608150156161,2020-12-16T20:22:36.161Z,buy,9.9e-07,1657.0,0.00164043
VIB/BTC,1608150156226,2020-12-16T20:22:36.226Z,buy,9.9e-07,5800.0,0.005742
VIB/BTC,1608150156690,2020-12-16T20:22:36.690Z,buy,9.9e-07,58224.0,0.05764176
VIB/BTC,1608150156691,2020-12-16T20:22:36.691Z,buy,9.9e-07,5803.0,0.00574497
VIB/BTC,1608150157418,2020-12-16T20:22:37.418Z,buy,9.9e-07,120.0,0.0001188
VIB/BTC,1608150157798,2020-12-16T20:22:37.798Z,buy,9.9e-07,4014.0,0.00397386
VIB/BTC,1608150158278,2020-12-16T20:22:38.278Z,buy,9.9e-07,5206.0,0.00515394
VIB/BTC,1608150158979,2020-12-16T20:22:38.979Z,buy,9.9e-07,650.0,0.0006435
VIB/BTC,1608150159369,2020-12-16T20:22:39.369Z,buy,9.9e-07,1017.0,0.00100683
VIB/BTC,1608150159398,2020-12-16T20:22:39.398Z,buy,9.9e-07,584.0,0.00057816
VIB/BTC,1608150159860,2020-12-16T20:22:39.860Z,buy,9.9e-07,5349.0,0.00529551
VIB/BTC,1608150160567,2020-12-16T20:22:40.567Z,buy,9.9e-07,393.0,0.00038907
VIB/BTC,1608150160914,2020-12-16T20:22:40.914Z,sell,9.8e-07,15146.0,0.01484308
VIB/BTC,1608150160942,2020-12-16T20:22:40.942Z,buy,9.9e-07,421.0,0.00041679
VIB/BTC,1608150161000,2020-12-16T20:22:41.000Z,buy,9.9e-07,3498.0,0.00346302
VIB/BTC,1608150161003,2020-12-16T20:22:41.003Z,buy,9.9e-07,56378.0,0.05581422
VIB/BTC,1608150161473,2020-12-16T20:22:41.473Z,buy,9.9e-07,868.0,0.00085932
VIB/BTC,1608150162420,2020-12-16T20:22:42.420Z,buy,9.9e-07,840.0,0.0008316
VIB/BTC,1608150162632,2020-12-16T20:22:42.632Z,buy,9.9e-07,694.0,0.00068706
VIB/BTC,1608150162658,2020-12-16T20:22:42.658Z,buy,9.9e-07,441.0,0.00043659
VIB/BTC,1608150163090,2020-12-16T20:22:43.090Z,buy,9.9e-07,963.0,0.00095337
VIB/BTC,1608150163857,2020-12-16T20:22:43.857Z,buy,9.9e-07,61810.0,0.0611919
VIB/BTC,1608150164061,2020-12-16T20:22:44.061Z,buy,9.9e-07,1254.0,0.00124146
VIB/BTC,1608150164210,2020-12-16T20:22:44.210Z,buy,9.9e-07,248.0,0.00024552
VIB/BTC,1608150164215,2020-12-16T20:22:44.215Z,buy,9.9e-07,3772.0,0.00373428
VIB/BTC,1608150164812,2020-12-16T20:22:44.812Z,buy,9.9e-07,1920.0,0.0019008
VIB/BTC,1608150165647,2020-12-16T20:22:45.647Z,buy,9.9e-07,1230.0,0.0012177
VIB/BTC,1608150165840,2020-12-16T20:22:45.840Z,buy,9.9e-07,3871.0,0.00383229
VIB/BTC,1608150166258,2020-12-16T20:22:46.258Z,buy,9.9e-07,1045.0,0.00103455
VIB/BTC,1608150166383,2020-12-16T20:22:46.383Z,buy,9.9e-07,3937.0,0.00389763
VIB/BTC,1608150167256,2020-12-16T20:22:47.256Z,buy,9.9e-07,1232.0,0.00121968
VIB/BTC,1608150167454,2020-12-16T20:22:47.454Z,buy,9.9e-07,2053.0,0.00203247
VIB/BTC,1608150167837,2020-12-16T20:22:47.837Z,buy,9.9e-07,65417.0,0.06476283
VIB/BTC,1608150167842,2020-12-16T20:22:47.842Z,buy,9.9e-07,1185.0,0.00117315
VIB/BTC,1608150167937,2020-12-16T20:22:47.937Z,buy,9.9e-07,1113.0,0.00110187
VIB/BTC,1608150168868,2020-12-16T20:22:48.868Z,buy,9.9e-07,379.0,0.00037521
VIB/BTC,1608150169026,2020-12-16T20:22:49.026Z,buy,9.9e-07,5507.0,0.00545193
VIB/BTC,1608150169471,2020-12-16T20:22:49.471Z,buy,9.9e-07,1876.0,0.00185724
VIB/BTC,1608150169514,2020-12-16T20:22:49.514Z,buy,9.9e-07,4387.0,0.00434313
VIB/BTC,1608150170152,2020-12-16T20:22:50.152Z,buy,9.9e-07,59942.0,0.05934258
VIB/BTC,1608150170454,2020-12-16T20:22:50.454Z,buy,9.9e-07,289.0,0.00028611
VIB/BTC,1608150170708,2020-12-16T20:22:50.708Z,buy,9.9e-07,3206.0,0.00317394
VIB/BTC,1608150170884,2020-12-16T20:22:50.884Z,sell,9.8e-07,24141.0,0.0236581799999999
VIB/BTC,1608150171075,2020-12-16T20:22:51.075Z,buy,9.9e-07,3000.0,0.00297
VIB/BTC,1608150171083,2020-12-16T20:22:51.083Z,buy,9.9e-07,914.0,0.00090486
VIB/BTC,1608150172198,2020-12-16T20:22:52.198Z,buy,9.9e-07,1295.0,0.00128205
VIB/BTC,1608150172416,2020-12-16T20:22:52.416Z,buy,9.9e-07,5636.0,0.00557964
VIB/BTC,1608150172687,2020-12-16T20:22:52.687Z,buy,9.9e-07,774.0,0.00076626
VIB/BTC,1608150173555,2020-12-16T20:22:53.555Z,buy,9.9e-07,61731.0,0.06111369
VIB/BTC,1608150173912,2020-12-16T20:22:53.912Z,buy,9.9e-07,1517.0,0.00150183
VIB/BTC,1608150174005,2020-12-16T20:22:54.005Z,buy,9.9e-07,5805.0,0.00574695
VIB/BTC,1608150174249,2020-12-16T20:22:54.249Z,buy,9.9e-07,4146.0,0.00410454
VIB/BTC,1608150174324,2020-12-16T20:22:54.324Z,buy,9.9e-07,1610.0,0.0015939
VIB/BTC,1608150175581,2020-12-16T20:22:55.581Z,buy,9.9e-07,1360.0,0.0013464
VIB/BTC,1608150175837,2020-12-16T20:22:55.837Z,buy,9.9e-07,5343.0,0.00528957
VIB/BTC,1608150175870,2020-12-16T20:22:55.870Z,buy,9.9e-07,724.0,0.00071676
VIB/BTC,1608150176021,2020-12-16T20:22:56.021Z,buy,9.9e-07,1337.0,0.00132363
VIB/BTC,1608150176587,2020-12-16T20:22:56.587Z,buy,9.9e-07,176034.0,0.17427366
VIB/BTC,1608150177210,2020-12-16T20:22:57.210Z,buy,9.9e-07,882.0,0.00087318
VIB/BTC,1608150177414,2020-12-16T20:22:57.414Z,buy,9.9e-07,1078.0,0.00106722
VIB/BTC,1608150177416,2020-12-16T20:22:57.416Z,buy,9.9e-07,1121.0,0.00110979
VIB/BTC,1608150177658,2020-12-16T20:22:57.658Z,buy,9.9e-07,4544.0,0.00449856
VIB/BTC,1608150178830,2020-12-16T20:22:58.830Z,buy,9.9e-07,784.0,0.00077616
VIB/BTC,1608150178996,2020-12-16T20:22:58.996Z,buy,9.9e-07,1661.0,0.00164439
VIB/BTC,1608150179000,2020-12-16T20:22:59.000Z,buy,9.9e-07,973.0,0.00096327
VIB/BTC,1608150179258,2020-12-16T20:22:59.258Z,buy,9.9e-07,504.0,0.00049896
VIB/BTC,1608150180005,2020-12-16T20:23:00.005Z,buy,9.9e-07,170409.0,0.16870491
VIB/BTC,1608150180425,2020-12-16T20:23:00.425Z,buy,9.9e-07,1865.0,0.00184635
VIB/BTC,1608150180629,2020-12-16T20:23:00.629Z,buy,9.9e-07,368.0,0.00036432
VIB/BTC,1608150181204,2020-12-16T20:23:01.204Z,buy,9.9e-07,1146.0,0.00113454
VIB/BTC,1608150181234,2020-12-16T20:23:01.234Z,buy,9.9e-07,3995.0,0.00395505
VIB/BTC,1608150182282,2020-12-16T20:23:02.282Z,buy,9.9e-07,1336.0,0.00132264
VIB/BTC,1608150182363,2020-12-16T20:23:02.363Z,buy,9.9e-07,3932.0,0.00389268
VIB/BTC,1608150182710,2020-12-16T20:23:02.710Z,buy,9.9e-07,166617.0,0.16495083
VIB/BTC,1608150182821,2020-12-16T20:23:02.821Z,buy,9.9e-07,1885.0,0.00186615
VIB/BTC,1608150182847,2020-12-16T20:23:02.847Z,buy,9.9e-07,2978.0,0.00294822
VIB/BTC,1608150185557,2020-12-16T20:23:05.557Z,buy,9.9e-07,1559.0,0.00154341
VIB/BTC,1608150185668,2020-12-16T20:23:05.668Z,buy,9.9e-07,167.0,0.00016533
VIB/BTC,1608150185691,2020-12-16T20:23:05.691Z,buy,9.9e-07,4789.0,0.00474111
VIB/BTC,1608150186393,2020-12-16T20:23:06.393Z,buy,9.9e-07,1975.0,0.00195525
VIB/BTC,1608150187482,2020-12-16T20:23:07.482Z,buy,9.9e-07,650.0,0.0006435
VIB/BTC,1608150187490,2020-12-16T20:23:07.490Z,buy,9.9e-07,836.0,0.00082764
VIB/BTC,1608150188543,2020-12-16T20:23:08.543Z,buy,9.9e-07,1221.0,0.00120879
VIB/BTC,1608150189762,2020-12-16T20:23:09.762Z,buy,9.9e-07,588.0,0.00058212
VIB/BTC,1608150189774,2020-12-16T20:23:09.774Z,buy,9.9e-07,1585.0,0.00156915
VIB/BTC,1608150189820,2020-12-16T20:23:09.820Z,buy,9.9e-07,1984.0,0.00196416
VIB/BTC,1608150191409,2020-12-16T20:23:11.409Z,buy,9.9e-07,123022.0,0.12179178
VIB/BTC,1608150192715,2020-12-16T20:23:12.715Z,buy,9.9e-07,3455.0,0.00342045
VIB/BTC,1608150192970,2020-12-16T20:23:12.970Z,buy,9.9e-07,294.0,0.00029106
VIB/BTC,1608150193084,2020-12-16T20:23:13.084Z,buy,9.9e-07,4114.0,0.00407286
VIB/BTC,1608150193409,2020-12-16T20:23:13.409Z,buy,9.9e-07,180.0,0.0001782
VIB/BTC,1608150194711,2020-12-16T20:23:14.711Z,buy,9.9e-07,1917.0,0.00189783
VIB/BTC,1608150195136,2020-12-16T20:23:15.136Z,buy,9.9e-07,3775.0,0.00373725
VIB/BTC,1608150195155,2020-12-16T20:23:15.155Z,buy,9.9e-07,526.0,0.00052074
VIB/BTC,1608150195906,2020-12-16T20:23:15.906Z,sell,9.8e-07,22945.0,0.0224861
VIB/BTC,1608150195913,2020-12-16T20:23:15.913Z,buy,9.9e-07,166.0,0.00016434
VIB/BTC,1608150196525,2020-12-16T20:23:16.525Z,buy,9.9e-07,2324.0,0.00230076
VIB/BTC,1608150196965,2020-12-16T20:23:16.965Z,buy,9.9e-07,5497.0,0.00544203
VIB/BTC,1608150196968,2020-12-16T20:23:16.968Z,buy,9.9e-07,1170.0,0.0011583
VIB/BTC,1608150197378,2020-12-16T20:23:17.378Z,buy,9.9e-07,90388.0,0.08948412
VIB/BTC,1608150197619,2020-12-16T20:23:17.619Z,buy,9.9e-07,1842.0,0.00182358
VIB/BTC,1608150198218,2020-12-16T20:23:18.218Z,buy,9.9e-07,4212.0,0.00416988
VIB/BTC,1608150198720,2020-12-16T20:23:18.720Z,buy,9.9e-07,968.0,0.00095832
VIB/BTC,1608150198758,2020-12-16T20:23:18.758Z,buy,9.9e-07,4914.0,0.00486486
VIB/BTC,1608150199299,2020-12-16T20:23:19.299Z,buy,9.9e-07,510.0,0.0005049
VIB/BTC,1608150200224,2020-12-16T20:23:20.224Z,buy,9.9e-07,1387.0,0.00137313
VIB/BTC,1608150200662,2020-12-16T20:23:20.662Z,buy,9.9e-07,2775.0,0.00274725
VIB/BTC,1608150201284,2020-12-16T20:23:21.284Z,buy,9.9e-07,484.0,0.00047916
VIB/BTC,1608150202699,2020-12-16T20:23:22.699Z,buy,9.9e-07,2479.0,0.00245421
VIB/BTC,1608150202963,2020-12-16T20:23:22.963Z,buy,9.9e-07,1159.0,0.00114741
VIB/BTC,1608150202964,2020-12-16T20:23:22.964Z,buy,9.9e-07,2353.0,0.00232947
VIB/BTC,1608150203248,2020-12-16T20:23:23.248Z,buy,9.9e-07,344.0,0.00034056
VIB/BTC,1608150203553,2020-12-16T20:23:23.553Z,buy,9.9e-07,225800.0,0.223542
VIB/BTC,1608150203658,2020-12-16T20:23:23.658Z,sell,9.9e-07,18999.0,0.01880901
VIB/BTC,1608150204343,2020-12-16T20:23:24.343Z,buy,1e-06,2430.0,0.00243
VIB/BTC,1608150204599,2020-12-16T20:23:24.599Z,buy,1e-06,3596.0,0.003596
VIB/BTC,1608150205049,2020-12-16T20:23:25.049Z,buy,1e-06,404.0,0.000404
VIB/BTC,1608150207493,2020-12-16T20:23:27.493Z,sell,9.9e-07,4599.0,0.00455301
VIB/BTC,1608150214105,2020-12-16T20:23:34.105Z,sell,9.9e-07,78276.0,0.07749324
VIB/BTC,1608150221734,2020-12-16T20:23:41.734Z,buy,9.9e-07,126644.0,0.12537756
VIB/BTC,1608150223867,2020-12-16T20:23:43.867Z,buy,9.9e-07,115094.0,0.11394306
VIB/BTC,1608150225851,2020-12-16T20:23:45.851Z,buy,9.9e-07,115066.0,0.11391534
VIB/BTC,1608150228150,2020-12-16T20:23:48.150Z,buy,9.9e-07,101232.0,0.10021968
VIB/BTC,1608150230891,2020-12-16T20:23:50.891Z,sell,9.8e-07,29677.0,0.02908346
VIB/BTC,1608150231580,2020-12-16T20:23:51.580Z,buy,9.9e-07,105810.0,0.1047519
VIB/BTC,1608150233758,2020-12-16T20:23:53.758Z,buy,9.9e-07,48603.0,0.04811697
VIB/BTC,1608150235173,2020-12-16T20:23:55.173Z,buy,9.9e-07,61019.0,0.06040881
VIB/BTC,1608150243676,2020-12-16T20:24:03.676Z,buy,9.9e-07,1313.0,0.00129987
VIB/BTC,1608150245426,2020-12-16T20:24:05.426Z,buy,9.9e-07,2525.0,0.00249975
VIB/BTC,1608150247359,2020-12-16T20:24:07.359Z,buy,9.9e-07,3131.0,0.00309969
VIB/BTC,1608150249747,2020-12-16T20:24:09.747Z,buy,9.9e-07,3131.0,0.00309969
VIB/BTC,1608150250905,2020-12-16T20:24:10.905Z,sell,9.8e-07,30418.0,0.02980964
VIB/BTC,1608150251091,2020-12-16T20:24:11.091Z,sell,9.8e-07,151.0,0.00014798
VIB/BTC,1608150251905,2020-12-16T20:24:11.905Z,buy,9.9e-07,4251.0,0.00420849
VIB/BTC,1608150251905,2020-12-16T20:24:11.905Z,buy,9.9e-07,690.0,0.0006831
VIB/BTC,1608150253323,2020-12-16T20:24:13.323Z,buy,9.9e-07,5252.0,0.00519948
VIB/BTC,1608150258023,2020-12-16T20:24:18.023Z,buy,9.9e-07,1944.0,0.00192456
VIB/BTC,1608150258524,2020-12-16T20:24:18.524Z,buy,9.9e-07,3131.0,0.00309969
VIB/BTC,1608150262041,2020-12-16T20:24:22.041Z,buy,9.9e-07,2866.0,0.00283734
VIB/BTC,1608150262041,2020-12-16T20:24:22.041Z,buy,1e-06,265.0,0.000265
VIB/BTC,1608150270891,2020-12-16T20:24:30.891Z,sell,9.9e-07,41999.0,0.04157901
VIB/BTC,1608150270899,2020-12-16T20:24:30.899Z,sell,9.9e-07,4251.0,0.00420849
VIB/BTC,1608150270899,2020-12-16T20:24:30.899Z,sell,9.8e-07,15474.0,0.0151645199999999
VIB/BTC,1608150279731,2020-12-16T20:24:39.731Z,sell,9.9e-07,21924.0,0.02170476
VIB/BTC,1608150283699,2020-12-16T20:24:43.699Z,buy,1e-06,121.0,0.000121
VIB/BTC,1608150290911,2020-12-16T20:24:50.911Z,sell,9.9e-07,12344.0,0.01222056
VIB/BTC,1608150291887,2020-12-16T20:24:51.887Z,sell,9.9e-07,13650.0,0.0135135
VIB/BTC,1608150295509,2020-12-16T20:24:55.509Z,buy,9.9e-07,7823.0,0.00774477
VIB/BTC,1608150305947,2020-12-16T20:25:05.947Z,sell,9.9e-07,13582.0,0.01344618
VIB/BTC,1608150312615,2020-12-16T20:25:12.615Z,buy,1e-06,121.0,0.000121
VIB/BTC,1608150316194,2020-12-16T20:25:16.194Z,sell,9.9e-07,15990.0,0.0158301
VIB/BTC,1608150320916,2020-12-16T20:25:20.916Z,sell,9.8e-07,7871.0,0.0077135799999999
VIB/BTC,1608150329702,2020-12-16T20:25:29.702Z,sell,9.9e-07,11374.0,0.01126026
VIB/BTC,1608150349612,2020-12-16T20:25:49.612Z,buy,9.9e-07,1211.0,0.00119889
VIB/BTC,1608150354191,2020-12-16T20:25:54.191Z,buy,9.9e-07,5153.0,0.00510147
VIB/BTC,1608150396272,2020-12-16T20:26:36.272Z,buy,9.9e-07,103.0,0.00010197
VIB/BTC,1608150462019,2020-12-16T20:27:42.019Z,sell,9.8e-07,11156.0,0.0109328799999999
VIB/BTC,1608150485061,2020-12-16T20:28:05.061Z,sell,9.8e-07,540.0,0.0005292
VIB/BTC,1608150512815,2020-12-16T20:28:32.815Z,sell,9.8e-07,9638.0,0.0094452399999999
VIB/BTC,1608150552432,2020-12-16T20:29:12.432Z,sell,9.8e-07,225827.0,0.22131046
VIB/BTC,1608150594981,2020-12-16T20:29:54.981Z,sell,9.8e-07,244554.0,0.2396629199999999
VIB/BTC,1608150614442,2020-12-16T20:30:14.442Z,sell,9.8e-07,73832.0,0.07235536
VIB/BTC,1608150617930,2020-12-16T20:30:17.930Z,sell,9.7e-07,1944.0,0.00188568
VIB/BTC,1608150621518,2020-12-16T20:30:21.518Z,sell,9.7e-07,10408.0,0.01009576
VIB/BTC,1608150621518,2020-12-16T20:30:21.518Z,sell,9.6e-07,140166.0,0.13455936
VIB/BTC,1608150621528,2020-12-16T20:30:21.528Z,buy,9.6e-07,1113.0,0.00106848
VIB/BTC,1608150621528,2020-12-16T20:30:21.528Z,buy,9.6e-07,1113.0,0.00106848
VIB/BTC,1608150621528,2020-12-16T20:30:21.528Z,buy,9.6e-07,1113.0,0.00106848
VIB/BTC,1608150621528,2020-12-16T20:30:21.528Z,buy,9.6e-07,1113.0,0.00106848
VIB/BTC,1608150621528,2020-12-16T20:30:21.528Z,buy,9.6e-07,1113.0,0.00106848
VIB/BTC,1608150621528,2020-12-16T20:30:21.528Z,buy,9.6e-07,1113.0,0.00106848
VIB/BTC,1608150621528,2020-12-16T20:30:21.528Z,buy,9.6e-07,1113.0,0.00106848
VIB/BTC,1608150621528,2020-12-16T20:30:21.528Z,buy,9.6e-07,1113.0,0.00106848
VIB/BTC,1608150621529,2020-12-16T20:30:21.529Z,buy,9.6e-07,1113.0,0.00106848
VIB/BTC,1608150621529,2020-12-16T20:30:21.529Z,buy,9.6e-07,1113.0,0.00106848
VIB/BTC,1608150621529,2020-12-16T20:30:21.529Z,buy,9.6e-07,1113.0,0.00106848
VIB/BTC,1608150621530,2020-12-16T20:30:21.530Z,buy,9.6e-07,1113.0,0.00106848
VIB/BTC,1608150621531,2020-12-16T20:30:21.531Z,buy,9.6e-07,1113.0,0.00106848
VIB/BTC,1608150621531,2020-12-16T20:30:21.531Z,buy,9.6e-07,1113.0,0.00106848
VIB/BTC,1608150621531,2020-12-16T20:30:21.531Z,buy,9.6e-07,1113.0,0.00106848
VIB/BTC,1608150621531,2020-12-16T20:30:21.531Z,buy,9.6e-07,1113.0,0.00106848
VIB/BTC,1608150621531,2020-12-16T20:30:21.531Z,buy,9.6e-07,1113.0,0.00106848
VIB/BTC,1608150621531,2020-12-16T20:30:21.531Z,buy,9.6e-07,1113.0,0.00106848
VIB/BTC,1608150621532,2020-12-16T20:30:21.532Z,buy,9.6e-07,1113.0,0.00106848
VIB/BTC,1608150621532,2020-12-16T20:30:21.532Z,buy,9.6e-07,1113.0,0.00106848
VIB/BTC,1608150621532,2020-12-16T20:30:21.532Z,buy,9.6e-07,1113.0,0.00106848
VIB/BTC,1608150621532,2020-12-16T20:30:21.532Z,buy,9.6e-07,1113.0,0.00106848
VIB/BTC,1608150621532,2020-12-16T20:30:21.532Z,buy,9.6e-07,1113.0,0.00106848
VIB/BTC,1608150621532,2020-12-16T20:30:21.532Z,buy,9.6e-07,1113.0,0.00106848
VIB/BTC,1608150621533,2020-12-16T20:30:21.533Z,buy,9.6e-07,1113.0,0.00106848
VIB/BTC,1608150621533,2020-12-16T20:30:21.533Z,buy,9.6e-07,1113.0,0.00106848
VIB/BTC,1608150621533,2020-12-16T20:30:21.533Z,buy,9.6e-07,1113.0,0.00106848
VIB/BTC,1608150621533,2020-12-16T20:30:21.533Z,buy,9.6e-07,1113.0,0.00106848
VIB/BTC,1608150621533,2020-12-16T20:30:21.533Z,buy,9.6e-07,1113.0,0.00106848
VIB/BTC,1608150621533,2020-12-16T20:30:21.533Z,buy,9.6e-07,1113.0,0.00106848
VIB/BTC,1608150621533,2020-12-16T20:30:21.533Z,buy,9.6e-07,1966.0,0.0018873599999999
VIB/BTC,1608150621533,2020-12-16T20:30:21.533Z,buy,9.6e-07,1113.0,0.00106848
VIB/BTC,1608150621533,2020-12-16T20:30:21.533Z,buy,9.6e-07,1113.0,0.00106848
VIB/BTC,1608150621533,2020-12-16T20:30:21.533Z,buy,9.6e-07,1113.0,0.00106848
VIB/BTC,1608150621534,2020-12-16T20:30:21.534Z,buy,9.6e-07,1113.0,0.00106848
VIB/BTC,1608150621534,2020-12-16T20:30:21.534Z,buy,9.6e-07,1113.0,0.00106848
VIB/BTC,1608150621535,2020-12-16T20:30:21.535Z,buy,9.6e-07,1113.0,0.00106848
VIB/BTC,1608150621535,2020-12-16T20:30:21.535Z,buy,9.6e-07,1113.0,0.00106848
VIB/BTC,1608150621535,2020-12-16T20:30:21.535Z,buy,9.6e-07,1113.0,0.00106848
VIB/BTC,1608150621535,2020-12-16T20:30:21.535Z,buy,9.6e-07,1113.0,0.00106848
VIB/BTC,1608150621535,2020-12-16T20:30:21.535Z,buy,9.6e-07,1113.0,0.00106848
VIB/BTC,1608150621536,2020-12-16T20:30:21.536Z,buy,9.6e-07,1113.0,0.00106848
VIB/BTC,1608150621536,2020-12-16T20:30:21.536Z,buy,9.6e-07,1113.0,0.00106848
VIB/BTC,1608150621536,2020-12-16T20:30:21.536Z,buy,9.6e-07,1966.0,0.0018873599999999
VIB/BTC,1608150621536,2020-12-16T20:30:21.536Z,buy,9.6e-07,1113.0,0.00106848
VIB/BTC,1608150621536,2020-12-16T20:30:21.536Z,buy,9.6e-07,1113.0,0.00106848
VIB/BTC,1608150621540,2020-12-16T20:30:21.540Z,buy,9.6e-07,1113.0,0.00106848
VIB/BTC,1608150621557,2020-12-16T20:30:21.557Z,buy,9.6e-07,1333.0,0.0012796799999999
VIB/BTC,1608150622098,2020-12-16T20:30:22.098Z,buy,9.6e-07,163.0,0.00015648
VIB/BTC,1608150635026,2020-12-16T20:30:35.026Z,buy,9.6e-07,209.0,0.0002006399999999
VIB/BTC,1608150639283,2020-12-16T20:30:39.283Z,sell,9.5e-07,20632.0,0.0196004
VIB/BTC,1608150639292,2020-12-16T20:30:39.292Z,buy,9.5e-07,3369.0,0.00320055
VIB/BTC,1608150639294,2020-12-16T20:30:39.294Z,buy,9.5e-07,1173.0,0.00111435
VIB/BTC,1608150642947,2020-12-16T20:30:42.947Z,sell,9.4e-07,649.0,0.00061006
VIB/BTC,1608150643456,2020-12-16T20:30:43.456Z,buy,9.5e-07,2997.0,0.00284715
VIB/BTC,1608150654305,2020-12-16T20:30:54.305Z,sell,9.4e-07,36932.0,0.03471608
VIB/BTC,1608150654433,2020-12-16T20:30:54.433Z,sell,9.4e-07,112.0,0.00010528
VIB/BTC,1608150656275,2020-12-16T20:30:56.275Z,buy,9.5e-07,599.0,0.00056905
VIB/BTC,1608150669867,2020-12-16T20:31:09.867Z,sell,9.4e-07,3364.0,0.00316216
VIB/BTC,1608150675111,2020-12-16T20:31:15.111Z,buy,9.5e-07,199.0,0.00018905
VIB/BTC,1608150678922,2020-12-16T20:31:18.922Z,buy,9.5e-07,114076.0,0.1083722
VIB/BTC,1608150681543,2020-12-16T20:31:21.543Z,sell,9.4e-07,4661.0,0.00438134
VIB/BTC,1608150686650,2020-12-16T20:31:26.650Z,sell,9.4e-07,5644.0,0.00530536
VIB/BTC,1608150690791,2020-12-16T20:31:30.791Z,sell,9.4e-07,600.0,0.000564
VIB/BTC,1608150693669,2020-12-16T20:31:33.669Z,sell,9.4e-07,5077.0,0.00477238
VIB/BTC,1608150695113,2020-12-16T20:31:35.113Z,buy,9.5e-07,747.0,0.00070965
VIB/BTC,1608150739651,2020-12-16T20:32:19.651Z,buy,9.5e-07,66157.0,0.06284915
VIB/BTC,1608150748481,2020-12-16T20:32:28.481Z,buy,9.6e-07,295505.0,0.2836847999999999
VIB/BTC,1608150750131,2020-12-16T20:32:30.131Z,buy,9.6e-07,1082.0,0.00103872
VIB/BTC,1608150756036,2020-12-16T20:32:36.036Z,buy,9.6e-07,6074.0,0.0058310399999999
VIB/BTC,1608150756042,2020-12-16T20:32:36.042Z,sell,9.6e-07,17957.0,0.01723872
VIB/BTC,1608150756049,2020-12-16T20:32:36.049Z,sell,9.6e-07,17957.0,0.01723872
VIB/BTC,1608150756050,2020-12-16T20:32:36.050Z,sell,9.6e-07,17957.0,0.01723872
VIB/BTC,1608150756050,2020-12-16T20:32:36.050Z,sell,9.6e-07,1654.0,0.0015878399999999
VIB/BTC,1608150756078,2020-12-16T20:32:36.078Z,buy,9.7e-07,17578.0,0.01705066
VIB/BTC,1608150757200,2020-12-16T20:32:37.200Z,buy,9.7e-07,19488.0,0.01890336
VIB/BTC,1608150759015,2020-12-16T20:32:39.015Z,buy,9.7e-07,1730.0,0.0016781
VIB/BTC,1608150760090,2020-12-16T20:32:40.090Z,sell,9.7e-07,17790.0,0.0172563
VIB/BTC,1608150764239,2020-12-16T20:32:44.239Z,sell,9.7e-07,802.0,0.00077794
VIB/BTC,1608150765235,2020-12-16T20:32:45.235Z,buy,9.8e-07,11145.0,0.0109220999999999
VIB/BTC,1608150769612,2020-12-16T20:32:49.612Z,buy,9.8e-07,53644.0,0.05257112
VIB/BTC,1608150776913,2020-12-16T20:32:56.913Z,buy,9.8e-07,83984.0,0.08230432
VIB/BTC,1608150802267,2020-12-16T20:33:22.267Z,sell,9.7e-07,58744.0,0.05698168
VIB/BTC,1608150809086,2020-12-16T20:33:29.086Z,sell,9.7e-07,197.0,0.00019109
VIB/BTC,1608150811370,2020-12-16T20:33:31.370Z,sell,9.7e-07,54778.0,0.05313466
VIB/BTC,1608150820434,2020-12-16T20:33:40.434Z,sell,9.6e-07,599.0,0.00057504
VIB/BTC,1608150823257,2020-12-16T20:33:43.257Z,sell,9.7e-07,35481.0,0.03441657
VIB/BTC,1608150835995,2020-12-16T20:33:55.995Z,sell,9.6e-07,25832.0,0.0247987199999999
VIB/BTC,1608150836011,2020-12-16T20:33:56.011Z,buy,9.6e-07,2895.0,0.0027792
VIB/BTC,1608150836028,2020-12-16T20:33:56.028Z,buy,9.6e-07,750.0,0.0007199999999999
VIB/BTC,1608150843161,2020-12-16T20:34:03.161Z,buy,9.6e-07,10298.0,0.0098860799999999
VIB/BTC,1608150853249,2020-12-16T20:34:13.249Z,sell,9.5e-07,19749.0,0.01876155
VIB/BTC,1608150858139,2020-12-16T20:34:18.139Z,buy,9.5e-07,2997.0,0.00284715
VIB/BTC,1608150859081,2020-12-16T20:34:19.081Z,buy,9.5e-07,164736.0,0.1564992
VIB/BTC,1608150863273,2020-12-16T20:34:23.273Z,sell,9.5e-07,3082.0,0.0029279
VIB/BTC,1608150875953,2020-12-16T20:34:35.953Z,buy,9.6e-07,20008.0,0.0192076799999999
VIB/BTC,1608150878460,2020-12-16T20:34:38.460Z,buy,9.7e-07,19086.0,0.01851342
VIB/BTC,1608150886886,2020-12-16T20:34:46.886Z,buy,9.7e-07,1313.0,0.00127361
VIB/BTC,1608150900614,2020-12-16T20:35:00.614Z,buy,9.7e-07,37739.0,0.03660683
VIB/BTC,1608150909549,2020-12-16T20:35:09.549Z,buy,9.7e-07,47998.0,0.04655806
VIB/BTC,1608150910912,2020-12-16T20:35:10.912Z,sell,9.7e-07,755.0,0.00073235
VIB/BTC,1608150913335,2020-12-16T20:35:13.335Z,buy,9.8e-07,741.0,0.00072618
VIB/BTC,1608150917315,2020-12-16T20:35:17.315Z,buy,9.8e-07,105.0,0.0001029
VIB/BTC,1608150925030,2020-12-16T20:35:25.030Z,buy,9.8e-07,18615.0,0.0182426999999999
VIB/BTC,1608150936028,2020-12-16T20:35:36.028Z,buy,9.8e-07,174.0,0.00017052
VIB/BTC,1608150971582,2020-12-16T20:36:11.582Z,sell,9.7e-07,741.0,0.00071877
VIB/BTC,1608150982914,2020-12-16T20:36:22.914Z,buy,9.8e-07,757.0,0.00074186
VIB/BTC,1608150996896,2020-12-16T20:36:36.896Z,buy,9.8e-07,7148.0,0.00700504
VIB/BTC,1608151000200,2020-12-16T20:36:40.200Z,sell,9.7e-07,4247.0,0.00411959
VIB/BTC,1608151007970,2020-12-16T20:36:47.970Z,buy,9.8e-07,121.0,0.0001185799999999
VIB/BTC,1608151023036,2020-12-16T20:37:03.036Z,sell,9.7e-07,48753.0,0.04729041
VIB/BTC,1608151023196,2020-12-16T20:37:03.196Z,sell,9.7e-07,117.0,0.00011349
VIB/BTC,1608151023260,2020-12-16T20:37:03.260Z,sell,9.7e-07,33031.0,0.03204007
VIB/BTC,1608151028778,2020-12-16T20:37:08.778Z,sell,9.6e-07,11134.0,0.01068864
VIB/BTC,1608151043312,2020-12-16T20:37:23.312Z,sell,9.6e-07,14167.0,0.0136003199999999
VIB/BTC,1608151064858,2020-12-16T20:37:44.858Z,sell,9.6e-07,7140.0,0.0068543999999999
VIB/BTC,1608151065180,2020-12-16T20:37:45.180Z,buy,9.7e-07,740.0,0.0007178
VIB/BTC,1608151104881,2020-12-16T20:38:24.881Z,buy,9.7e-07,1133.0,0.00109901
VIB/BTC,1608151117031,2020-12-16T20:38:37.031Z,buy,9.7e-07,215.0,0.00020855
VIB/BTC,1608151202624,2020-12-16T20:40:02.624Z,buy,9.7e-07,11130.0,0.0107961
VIB/BTC,1608151218473,2020-12-16T20:40:18.473Z,buy,9.8e-07,121.0,0.0001185799999999
VIB/BTC,1608151227680,2020-12-16T20:40:27.680Z,buy,9.8e-07,6987.0,0.0068472599999999
VIB/BTC,1608151326076,2020-12-16T20:42:06.076Z,buy,9.8e-07,4112.0,0.0040297599999999
VIB/BTC,1608151356818,2020-12-16T20:42:36.818Z,sell,9.7e-07,361.0,0.00035017
VIB/BTC,1608151404519,2020-12-16T20:43:24.519Z,buy,9.8e-07,131.0,0.00012838
VIB/BTC,1608151406799,2020-12-16T20:43:26.799Z,buy,9.8e-07,211.0,0.00020678
VIB/BTC,1608151422383,2020-12-16T20:43:42.383Z,buy,9.8e-07,131.0,0.00012838
VIB/BTC,1608151425201,2020-12-16T20:43:45.201Z,buy,9.8e-07,131.0,0.00012838
VIB/BTC,1608151427195,2020-12-16T20:43:47.195Z,buy,9.8e-07,131.0,0.00012838
VIB/BTC,1608151476608,2020-12-16T20:44:36.608Z,sell,9.7e-07,7388.0,0.00716636
VIB/BTC,1608151491278,2020-12-16T20:44:51.278Z,sell,9.7e-07,43555.0,0.04224835
VIB/BTC,1608151497336,2020-12-16T20:44:57.336Z,sell,9.7e-07,26516.0,0.02572052
VIB/BTC,1608151504145,2020-12-16T20:45:04.145Z,sell,9.7e-07,9849.0,0.00955353
VIB/BTC,1608151504895,2020-12-16T20:45:04.895Z,sell,9.7e-07,10570.0,0.0102529
VIB/BTC,1608151511759,2020-12-16T20:45:11.759Z,buy,9.7e-07,954.0,0.00092538
VIB/BTC,1608151524996,2020-12-16T20:45:24.996Z,sell,9.6e-07,3223.0,0.00309408
VIB/BTC,1608151880336,2020-12-16T20:51:20.336Z,buy,9.7e-07,1313.0,0.00127361
VIB/BTC,1608151894389,2020-12-16T20:51:34.389Z,buy,9.7e-07,40297.0,0.03908809
VIB/BTC,1608151898597,2020-12-16T20:51:38.597Z,buy,9.7e-07,17657.0,0.01712729
VIB/BTC,1608151898603,2020-12-16T20:51:38.603Z,sell,9.7e-07,19872.0,0.01927584
VIB/BTC,1608151898622,2020-12-16T20:51:38.622Z,sell,9.7e-07,3061.0,0.00296917
VIB/BTC,1608151898622,2020-12-16T20:51:38.622Z,sell,9.7e-07,1694.0,0.00164318
VIB/BTC,1608151903167,2020-12-16T20:51:43.167Z,buy,9.8e-07,73999.0,0.0725190199999999
VIB/BTC,1608151903179,2020-12-16T20:51:43.179Z,sell,9.8e-07,306.0,0.00029988
VIB/BTC,1608151906676,2020-12-16T20:51:46.676Z,buy,9.9e-07,104.0,0.00010296
VIB/BTC,1608151910028,2020-12-16T20:51:50.028Z,buy,9.9e-07,86704.0,0.08583696
VIB/BTC,1608151911172,2020-12-16T20:51:51.172Z,buy,1e-06,1059.0,0.001059
VIB/BTC,1608151914150,2020-12-16T20:51:54.150Z,buy,1e-06,3203.0,0.0032029999999999
VIB/BTC,1608151915396,2020-12-16T20:51:55.396Z,buy,1e-06,30578.0,0.0305779999999999
VIB/BTC,1608151915417,2020-12-16T20:51:55.417Z,sell,1e-06,250.0,0.00025
VIB/BTC,1608151915421,2020-12-16T20:51:55.421Z,sell,1e-06,797.0,0.000797
VIB/BTC,1608151915422,2020-12-16T20:51:55.422Z,sell,1e-06,143.0,0.000143
VIB/BTC,1608151919261,2020-12-16T20:51:59.261Z,buy,1e-06,42000.0,0.0419999999999999
VIB/BTC,1608151921432,2020-12-16T20:52:01.432Z,buy,1e-06,45677.0,0.0456769999999999
VIB/BTC,1608151921759,2020-12-16T20:52:01.759Z,sell,9.9e-07,106.0,0.00010494
VIB/BTC,1608151936863,2020-12-16T20:52:16.863Z,buy,1e-06,1313.0,0.001313
VIB/BTC,1608151939210,2020-12-16T20:52:19.210Z,buy,1e-06,23692.0,0.0236919999999999
VIB/BTC,1608151939210,2020-12-16T20:52:19.210Z,buy,1e-06,23692.0,0.0236919999999999
VIB/BTC,1608151949574,2020-12-16T20:52:29.574Z,buy,1e-06,631.0,0.0006309999999999
VIB/BTC,1608151955046,2020-12-16T20:52:35.046Z,buy,1e-06,723.0,0.000723
VIB/BTC,1608151958660,2020-12-16T20:52:38.660Z,buy,1e-06,100000.0,0.0999999999999999
VIB/BTC,1608151960825,2020-12-16T20:52:40.825Z,buy,1e-06,80763.0,0.080763
VIB/BTC,1608151965542,2020-12-16T20:52:45.542Z,buy,1.01e-06,121.0,0.00012221
VIB/BTC,1608151966742,2020-12-16T20:52:46.742Z,sell,1e-06,5153.0,0.005153
VIB/BTC,1608151975287,2020-12-16T20:52:55.287Z,sell,1e-06,14137.0,0.0141369999999999
VIB/BTC,1608151977532,2020-12-16T20:52:57.532Z,buy,1e-06,2640.0,0.00264
VIB/BTC,1608151980554,2020-12-16T20:53:00.554Z,buy,1e-06,3131.0,0.0031309999999999
VIB/BTC,1608151984215,2020-12-16T20:53:04.215Z,buy,1e-06,1110.0,0.0011099999999999
VIB/BTC,1608151989709,2020-12-16T20:53:09.709Z,sell,9.9e-07,15679.0,0.01552221
VIB/BTC,1608151997567,2020-12-16T20:53:17.567Z,buy,1e-06,115397.0,0.115397
VIB/BTC,1608152000058,2020-12-16T20:53:20.058Z,buy,1e-06,29829.0,0.0298289999999999
VIB/BTC,1608152003750,2020-12-16T20:53:23.750Z,buy,1e-06,1667.0,0.0016669999999999
VIB/BTC,1608152008137,2020-12-16T20:53:28.137Z,buy,1e-06,41629.0,0.041629
VIB/BTC,1608152013726,2020-12-16T20:53:33.726Z,buy,1e-06,39266.0,0.0392659999999999
VIB/BTC,1608152013737,2020-12-16T20:53:33.737Z,buy,1e-06,20770.0,0.02077
VIB/BTC,1608152020868,2020-12-16T20:53:40.868Z,buy,1e-06,3781.0,0.0037809999999999
VIB/BTC,1608152046720,2020-12-16T20:54:06.720Z,buy,1e-06,67127.0,0.0671269999999999
VIB/BTC,1608152048395,2020-12-16T20:54:08.395Z,buy,1e-06,104869.0,0.1048689999999999
VIB/BTC,1608152051145,2020-12-16T20:54:11.145Z,buy,1e-06,96455.0,0.096455
VIB/BTC,1608152052305,2020-12-16T20:54:12.305Z,buy,1e-06,17760.0,0.0177599999999999
VIB/BTC,1608152063733,2020-12-16T20:54:23.733Z,buy,1e-06,77570.0,0.07757
VIB/BTC,1608152066498,2020-12-16T20:54:26.498Z,buy,1e-06,52735.0,0.052735
VIB/BTC,1608152068776,2020-12-16T20:54:28.776Z,buy,1e-06,80639.0,0.080639
VIB/BTC,1608152086780,2020-12-16T20:54:46.780Z,buy,1e-06,155035.0,0.155035
VIB/BTC,1608152086794,2020-12-16T20:54:46.794Z,buy,1e-06,12787.0,0.012787
VIB/BTC,1608152091490,2020-12-16T20:54:51.490Z,buy,1.01e-06,313.0,0.00031613
VIB/BTC,1608152099024,2020-12-16T20:54:59.024Z,buy,1e-06,1779.0,0.001779
VIB/BTC,1608152099030,2020-12-16T20:54:59.030Z,buy,1e-06,25506.0,0.0255059999999999
VIB/BTC,1608152106470,2020-12-16T20:55:06.470Z,sell,1e-06,1338.0,0.001338
VIB/BTC,1608152106480,2020-12-16T20:55:06.480Z,buy,1e-06,669.0,0.000669
VIB/BTC,1608152106503,2020-12-16T20:55:06.503Z,buy,1e-06,963.0,0.000963
VIB/BTC,1608152107578,2020-12-16T20:55:07.578Z,buy,1e-06,200.0,0.0001999999999999
VIB/BTC,1608152109131,2020-12-16T20:55:09.131Z,sell,9.9e-07,608.0,0.00060192
VIB/BTC,1608152113421,2020-12-16T20:55:13.421Z,buy,1e-06,48785.0,0.0487849999999999
VIB/BTC,1608152115868,2020-12-16T20:55:15.868Z,buy,1e-06,313.0,0.0003129999999999
VIB/BTC,1608152119913,2020-12-16T20:55:19.913Z,buy,1e-06,14995.0,0.014995
VIB/BTC,1608152123973,2020-12-16T20:55:23.973Z,sell,1e-06,41599.0,0.041599
VIB/BTC,1608152127563,2020-12-16T20:55:27.563Z,buy,1.01e-06,121.0,0.00012221
VIB/BTC,1608152136587,2020-12-16T20:55:36.587Z,sell,1e-06,2094.0,0.002094
VIB/BTC,1608152136587,2020-12-16T20:55:36.587Z,sell,9.9e-07,295.0,0.00029205
VIB/BTC,1608152155760,2020-12-16T20:55:55.760Z,buy,1.01e-06,4350.0,0.0043935
VIB/BTC,1608152171052,2020-12-16T20:56:11.052Z,buy,1.01e-06,169.0,0.00017069
VIB/BTC,1608152232606,2020-12-16T20:57:12.606Z,sell,1e-06,1409.0,0.0014089999999999
VIB/BTC,1608152244549,2020-12-16T20:57:24.549Z,sell,1e-06,27543.0,0.0275429999999999
VIB/BTC,1608152244578,2020-12-16T20:57:24.578Z,buy,1e-06,1001.0,0.001001
VIB/BTC,1608152252415,2020-12-16T20:57:32.415Z,buy,1e-06,18090.0,0.01809
VIB/BTC,1608152309060,2020-12-16T20:58:29.060Z,buy,1e-06,1000.0,0.001
VIB/BTC,1608152384137,2020-12-16T20:59:44.137Z,buy,1e-06,20000.0,0.02
VIB/BTC,1608152406793,2020-12-16T21:00:06.793Z,buy,1e-06,7753.0,0.0077529999999999
VIB/BTC,1608152442062,2020-12-16T21:00:42.062Z,buy,1e-06,20000.0,0.02
VIB/BTC,1608152445892,2020-12-16T21:00:45.892Z,buy,1e-06,34805.0,0.0348049999999999
VIB/BTC,1608152486237,2020-12-16T21:01:26.237Z,buy,1e-06,10000.0,0.01
VIB/BTC,1608152503383,2020-12-16T21:01:43.383Z,buy,1e-06,20000.0,0.02
VIB/BTC,1608152538438,2020-12-16T21:02:18.438Z,buy,1e-06,123.0,0.0001229999999999
VIB/BTC,1608152636628,2020-12-16T21:03:56.628Z,buy,1e-06,47735.0,0.047735
VIB/BTC,1608152639976,2020-12-16T21:03:59.976Z,buy,1e-06,1033.0,0.0010329999999999
VIB/BTC,1608152677734,2020-12-16T21:04:37.734Z,buy,1e-06,1370.0,0.00137
VIB/BTC,1608152798610,2020-12-16T21:06:38.610Z,sell,9.9e-07,2047.0,0.00202653
VIB/BTC,1608152805850,2020-12-16T21:06:45.850Z,buy,1e-06,10000.0,0.01
VIB/BTC,1608152811499,2020-12-16T21:06:51.499Z,buy,1.01e-06,101.0,0.00010201
VIB/BTC,1608152826444,2020-12-16T21:07:06.444Z,buy,1.01e-06,100.0,0.000101
VIB/BTC,1608152834122,2020-12-16T21:07:14.122Z,sell,1e-06,1001.0,0.001001
VIB/BTC,1608152838714,2020-12-16T21:07:18.714Z,sell,1e-06,5243.0,0.0052429999999999
VIB/BTC,1608152851874,2020-12-16T21:07:31.874Z,sell,1e-06,13847.0,0.013847
VIB/BTC,1608152863303,2020-12-16T21:07:43.303Z,sell,1e-06,6380.0,0.0063799999999999
VIB/BTC,1608152917573,2020-12-16T21:08:37.573Z,sell,1e-06,7481.0,0.007481
VIB/BTC,1608152929421,2020-12-16T21:08:49.421Z,sell,1e-06,11817.0,0.011817
VIB/BTC,1608152938894,2020-12-16T21:08:58.894Z,buy,1.01e-06,165193.0,0.16684493
VIB/BTC,1608152938906,2020-12-16T21:08:58.906Z,sell,1.01e-06,3848.0,0.00388648
VIB/BTC,1608152938907,2020-12-16T21:08:58.907Z,sell,1.01e-06,905.0,0.00091405
VIB/BTC,1608152938915,2020-12-16T21:08:58.915Z,sell,1.01e-06,1523.0,0.00153823
VIB/BTC,1608152939141,2020-12-16T21:08:59.141Z,sell,1.01e-06,116.0,0.00011716
VIB/BTC,1608152943210,2020-12-16T21:09:03.210Z,buy,1.01e-06,100.0,0.000101
VIB/BTC,1608152950536,2020-12-16T21:09:10.536Z,buy,1.01e-06,121.0,0.00012221
VIB/BTC,1608152970795,2020-12-16T21:09:30.795Z,buy,1.01e-06,8686.0,0.00877286
VIB/BTC,1608152982662,2020-12-16T21:09:42.662Z,sell,1e-06,990.0,0.00099
VIB/BTC,1608153007495,2020-12-16T21:10:07.495Z,buy,1.01e-06,100.0,0.000101
VIB/BTC,1608153008111,2020-12-16T21:10:08.111Z,buy,1.01e-06,112.0,0.00011312
VIB/BTC,1608153012328,2020-12-16T21:10:12.328Z,buy,1.01e-06,122.0,0.00012322
VIB/BTC,1608153016563,2020-12-16T21:10:16.563Z,buy,1.01e-06,125.0,0.00012625
VIB/BTC,1608153017987,2020-12-16T21:10:17.987Z,buy,1.01e-06,131.0,0.00013231
VIB/BTC,1608153023598,2020-12-16T21:10:23.598Z,buy,1.01e-06,124.0,0.00012524
VIB/BTC,1608153027453,2020-12-16T21:10:27.453Z,buy,1.01e-06,122.0,0.00012322
VIB/BTC,1608153028182,2020-12-16T21:10:28.182Z,buy,1.01e-06,129.0,0.00013029
VIB/BTC,1608153029570,2020-12-16T21:10:29.570Z,buy,1.01e-06,101.0,0.00010201
VIB/BTC,1608153032526,2020-12-16T21:10:32.526Z,buy,1.01e-06,130.0,0.0001313
VIB/BTC,1608153034298,2020-12-16T21:10:34.298Z,buy,1.01e-06,113.0,0.00011413
VIB/BTC,1608153036755,2020-12-16T21:10:36.755Z,buy,1.01e-06,128.0,0.00012928
VIB/BTC,1608153037169,2020-12-16T21:10:37.169Z,buy,1.01e-06,9828.0,0.00992628
VIB/BTC,1608153037556,2020-12-16T21:10:37.556Z,buy,1.01e-06,3454.0,0.00348854
VIB/BTC,1608153038092,2020-12-16T21:10:38.092Z,buy,1.01e-06,7783.0,0.00786083
VIB/BTC,1608153038227,2020-12-16T21:10:38.227Z,buy,1.01e-06,14087.0,0.01422787
VIB/BTC,1608153038750,2020-12-16T21:10:38.750Z,buy,1.01e-06,7624.0,0.00770024
VIB/BTC,1608153038952,2020-12-16T21:10:38.952Z,buy,1.01e-06,3840.0,0.0038784
VIB/BTC,1608153039422,2020-12-16T21:10:39.422Z,buy,1.01e-06,9621.0,0.00971721
VIB/BTC,1608153039588,2020-12-16T21:10:39.588Z,buy,1.01e-06,17430.0,0.0176043
VIB/BTC,1608153039983,2020-12-16T21:10:39.983Z,buy,1.01e-06,667.0,0.00067367
VIB/BTC,1608153040255,2020-12-16T21:10:40.255Z,buy,1.01e-06,14453.0,0.01459753
VIB/BTC,1608153040280,2020-12-16T21:10:40.280Z,sell,1e-06,426.0,0.000426
VIB/BTC,1608153040403,2020-12-16T21:10:40.403Z,buy,1.01e-06,125.0,0.00012625
VIB/BTC,1608153040633,2020-12-16T21:10:40.633Z,buy,1.01e-06,15450.0,0.0156045
VIB/BTC,1608153040862,2020-12-16T21:10:40.862Z,buy,1.01e-06,5250.0,0.0053025
VIB/BTC,1608153041280,2020-12-16T21:10:41.280Z,buy,1.01e-06,3539.0,0.00357439
VIB/BTC,1608153041480,2020-12-16T21:10:41.480Z,buy,1.01e-06,10806.0,0.01091406
VIB/BTC,1608153041718,2020-12-16T21:10:41.718Z,buy,1.01e-06,114.0,0.00011514
VIB/BTC,1608153042066,2020-12-16T21:10:42.066Z,buy,1.01e-06,12179.0,0.01230079
VIB/BTC,1608153042241,2020-12-16T21:10:42.241Z,buy,1.01e-06,9623.0,0.00971923
VIB/BTC,1608153042658,2020-12-16T21:10:42.658Z,buy,1.01e-06,4847.0,0.00489547
VIB/BTC,1608153042799,2020-12-16T21:10:42.799Z,buy,1.01e-06,6388.0,0.00645188
VIB/BTC,1608153043252,2020-12-16T21:10:43.252Z,buy,1.01e-06,2669.0,0.00269569
VIB/BTC,1608153043439,2020-12-16T21:10:43.439Z,buy,1.01e-06,10286.0,0.01038886
VIB/BTC,1608153043822,2020-12-16T21:10:43.822Z,buy,1.01e-06,16279.0,0.01644179
VIB/BTC,1608153044305,2020-12-16T21:10:44.305Z,buy,1.01e-06,7910.0,0.0079891
VIB/BTC,1608153044425,2020-12-16T21:10:44.425Z,buy,1.01e-06,17587.0,0.01776287
VIB/BTC,1608153044909,2020-12-16T21:10:44.909Z,buy,1.01e-06,15504.0,0.01565904
VIB/BTC,1608153045008,2020-12-16T21:10:45.008Z,buy,1.01e-06,10832.0,0.01094032
VIB/BTC,1608153045559,2020-12-16T21:10:45.559Z,buy,1.01e-06,7328.0,0.00740128
VIB/BTC,1608153045586,2020-12-16T21:10:45.586Z,buy,1.01e-06,714.0,0.00072114
VIB/BTC,1608153046285,2020-12-16T21:10:46.285Z,buy,1.01e-06,16080.0,0.0162408
VIB/BTC,1608153046553,2020-12-16T21:10:46.553Z,buy,1.01e-06,119.0,0.00012019
VIB/BTC,1608153046895,2020-12-16T21:10:46.895Z,buy,1.01e-06,8793.0,0.00888093
VIB/BTC,1608153046908,2020-12-16T21:10:46.908Z,buy,1.01e-06,17700.0,0.017877
VIB/BTC,1608153047477,2020-12-16T21:10:47.477Z,buy,1.01e-06,13037.0,0.01316737
VIB/BTC,1608153047506,2020-12-16T21:10:47.506Z,buy,1.01e-06,3548.0,0.00358348
VIB/BTC,1608153048148,2020-12-16T21:10:48.148Z,buy,1.01e-06,16600.0,0.016766
VIB/BTC,1608153048149,2020-12-16T21:10:48.149Z,buy,1.01e-06,12178.0,0.01229978
VIB/BTC,1608153048273,2020-12-16T21:10:48.273Z,buy,1.01e-06,120.0,0.0001212
VIB/BTC,1608153048723,2020-12-16T21:10:48.723Z,buy,1.01e-06,4746.0,0.00479346
VIB/BTC,1608153048729,2020-12-16T21:10:48.729Z,buy,1.01e-06,17735.0,0.01791235
VIB/BTC,1608153049292,2020-12-16T21:10:49.292Z,buy,1.01e-06,1413.0,0.00142713
VIB/BTC,1608153049293,2020-12-16T21:10:49.293Z,buy,1.01e-06,818.0,0.00082618
VIB/BTC,1608153049473,2020-12-16T21:10:49.473Z,buy,1.01e-06,103.0,0.00010403
VIB/BTC,1608153049853,2020-12-16T21:10:49.853Z,buy,1.01e-06,14978.0,0.01512778
VIB/BTC,1608153049932,2020-12-16T21:10:49.932Z,buy,1.01e-06,151.0,0.00015251
VIB/BTC,1608153050053,2020-12-16T21:10:50.053Z,buy,1.01e-06,114.0,0.00011514
VIB/BTC,1608153050860,2020-12-16T21:10:50.860Z,buy,1.01e-06,10685.0,0.01079185
VIB/BTC,1608153050924,2020-12-16T21:10:50.924Z,buy,1.01e-06,12706.0,0.01283306
VIB/BTC,1608153051083,2020-12-16T21:10:51.083Z,buy,1.01e-06,128.0,0.00012928
VIB/BTC,1608153051753,2020-12-16T21:10:51.753Z,buy,1.01e-06,12029.0,0.01214929
VIB/BTC,1608153051847,2020-12-16T21:10:51.847Z,buy,1.01e-06,8990.0,0.0090799
VIB/BTC,1608153052820,2020-12-16T21:10:52.820Z,buy,1.01e-06,7246.0,0.00731846
VIB/BTC,1608153052884,2020-12-16T21:10:52.884Z,buy,1.01e-06,120.0,0.0001212
VIB/BTC,1608153053306,2020-12-16T21:10:53.306Z,buy,1.01e-06,12957.0,0.01308657
VIB/BTC,1608153053376,2020-12-16T21:10:53.376Z,buy,1.01e-06,8062.0,0.00814262
VIB/BTC,1608153053887,2020-12-16T21:10:53.887Z,buy,1.01e-06,118.0,0.00011918
VIB/BTC,1608153053978,2020-12-16T21:10:53.978Z,buy,1.01e-06,9924.0,0.01002324
VIB/BTC,1608153054333,2020-12-16T21:10:54.333Z,buy,1.01e-06,10476.0,0.01058076
VIB/BTC,1608153054420,2020-12-16T21:10:54.420Z,buy,1.01e-06,1571263.0,1.5869756300000002
VIB/BTC,1608153054541,2020-12-16T21:10:54.541Z,buy,1.02e-06,17161.0,0.01750422
VIB/BTC,1608153055019,2020-12-16T21:10:55.019Z,buy,1.02e-06,4530.0,0.0046206
VIB/BTC,1608153055124,2020-12-16T21:10:55.124Z,buy,1.02e-06,9131.0,0.00931362
VIB/BTC,1608153055587,2020-12-16T21:10:55.587Z,buy,1.02e-06,14944.0,0.01524288
VIB/BTC,1608153055660,2020-12-16T21:10:55.660Z,buy,1.02e-06,107.0,0.00010914
VIB/BTC,1608153055751,2020-12-16T21:10:55.751Z,buy,1.02e-06,261.0,0.00026622
VIB/BTC,1608153056148,2020-12-16T21:10:56.148Z,buy,1.02e-06,4244.0,0.00432888
VIB/BTC,1608153056148,2020-12-16T21:10:56.148Z,buy,1.03e-06,8552.0,0.00880856
VIB/BTC,1608153056259,2020-12-16T21:10:56.259Z,buy,1.03e-06,120.0,0.0001236
VIB/BTC,1608153056597,2020-12-16T21:10:56.597Z,sell,1.01e-06,305911.0,0.30897011
VIB/BTC,1608153056709,2020-12-16T21:10:56.709Z,buy,1.03e-06,12241.0,0.01260823
VIB/BTC,1608153056957,2020-12-16T21:10:56.957Z,buy,1.03e-06,13477.0,0.01388131
VIB/BTC,1608153057304,2020-12-16T21:10:57.304Z,buy,1.03e-06,1358.0,0.00139874
VIB/BTC,1608153057559,2020-12-16T21:10:57.559Z,buy,1.03e-06,12024.0,0.01238472
VIB/BTC,1608153057946,2020-12-16T21:10:57.946Z,buy,1.03e-06,8452.0,0.00870556
VIB/BTC,1608153058128,2020-12-16T21:10:58.128Z,buy,1.03e-06,8854.0,0.00911962
VIB/BTC,1608153058545,2020-12-16T21:10:58.545Z,buy,1.03e-06,4457.0,0.00459071
VIB/BTC,1608153058545,2020-12-16T21:10:58.545Z,buy,1.03e-06,102.0,0.00010506
VIB/BTC,1608153058690,2020-12-16T21:10:58.690Z,buy,1.03e-06,7554.0,0.00778062
VIB/BTC,1608153058690,2020-12-16T21:10:58.690Z,buy,1.04e-06,9377.0,0.00975208
VIB/BTC,1608153059180,2020-12-16T21:10:59.180Z,buy,1.04e-06,4945.0,0.0051428
VIB/BTC,1608153059254,2020-12-16T21:10:59.254Z,buy,1.04e-06,15580.0,0.0162032
VIB/BTC,1608153059591,2020-12-16T21:10:59.591Z,buy,1.03e-06,1046.0,0.00107738
VIB/BTC,1608153060228,2020-12-16T21:11:00.228Z,buy,1.03e-06,243.0,0.00025029
VIB/BTC,1608153061646,2020-12-16T21:11:01.646Z,buy,1.04e-06,100.0,0.000104
VIB/BTC,1608153063669,2020-12-16T21:11:03.669Z,sell,1.03e-06,195.0,0.00020085
VIB/BTC,1608153066614,2020-12-16T21:11:06.614Z,buy,1.03e-06,543.0,0.00055929
VIB/BTC,1608153068964,2020-12-16T21:11:08.964Z,sell,1.03e-06,961.0,0.00098983
VIB/BTC,1608153074211,2020-12-16T21:11:14.211Z,sell,1.02e-06,946.0,0.00096492
VIB/BTC,1608153082061,2020-12-16T21:11:22.061Z,sell,1.02e-06,75928.0,0.07744656
VIB/BTC,1608153085238,2020-12-16T21:11:25.238Z,sell,1.01e-06,8993.0,0.00908293
VIB/BTC,1608153086843,2020-12-16T21:11:26.843Z,buy,1.02e-06,23892.0,0.02436984
VIB/BTC,1608153087812,2020-12-16T21:11:27.812Z,sell,1.01e-06,111.0,0.00011211
VIB/BTC,1608153087964,2020-12-16T21:11:27.964Z,sell,1.01e-06,545.0,0.00055045
VIB/BTC,1608153089460,2020-12-16T21:11:29.460Z,sell,1.01e-06,520.0,0.0005252
VIB/BTC,1608153090072,2020-12-16T21:11:30.072Z,buy,1.02e-06,3906.0,0.00398412
VIB/BTC,1608153091969,2020-12-16T21:11:31.969Z,sell,1.02e-06,980.0,0.0009996
VIB/BTC,1608153093557,2020-12-16T21:11:33.557Z,sell,1.02e-06,24316.0,0.02480232
VIB/BTC,1608153103925,2020-12-16T21:11:43.925Z,buy,1.02e-06,1212.0,0.00123624
VIB/BTC,1608153106097,2020-12-16T21:11:46.097Z,sell,1.01e-06,311.0,0.00031411
VIB/BTC,1608153106965,2020-12-16T21:11:46.965Z,buy,1.03e-06,1313.0,0.00135239
VIB/BTC,1608153116340,2020-12-16T21:11:56.340Z,buy,1.03e-06,542.0,0.00055826
VIB/BTC,1608153133577,2020-12-16T21:12:13.577Z,sell,1.02e-06,914.0,0.00093228
VIB/BTC,1608153166073,2020-12-16T21:12:46.073Z,sell,1.02e-06,372.0,0.00037944
VIB/BTC,1608153166073,2020-12-16T21:12:46.073Z,sell,1.01e-06,39412.0,0.03980612
VIB/BTC,1608153171194,2020-12-16T21:12:51.194Z,buy,1.02e-06,30.0,3.06e-05
VIB/BTC,1608153173832,2020-12-16T21:12:53.832Z,buy,1.01e-06,390.0,0.0003939
VIB/BTC,1608153179367,2020-12-16T21:12:59.367Z,buy,1.02e-06,1313.0,0.0013392599999999
VIB/BTC,1608153184308,2020-12-16T21:13:04.308Z,buy,1.02e-06,999.0,0.00101898
VIB/BTC,1608153184308,2020-12-16T21:13:04.308Z,buy,1.03e-06,314.0,0.00032342
VIB/BTC,1608153190400,2020-12-16T21:13:10.400Z,sell,1.02e-06,1903.0,0.0019410599999999
VIB/BTC,1608153192032,2020-12-16T21:13:12.032Z,sell,1.02e-06,41723.0,0.04255746
VIB/BTC,1608153196305,2020-12-16T21:13:16.305Z,buy,1.02e-06,1903.0,0.0019410599999999
VIB/BTC,1608153200996,2020-12-16T21:13:20.996Z,buy,1.03e-06,121.0,0.00012463
VIB/BTC,1608153231312,2020-12-16T21:13:51.312Z,sell,1.02e-06,973.0,0.00099246
VIB/BTC,1608153236249,2020-12-16T21:13:56.249Z,buy,1.02e-06,2422.0,0.00247044
VIB/BTC,1608153256829,2020-12-16T21:14:16.829Z,sell,1.01e-06,542.0,0.00054742
VIB/BTC,1608153260183,2020-12-16T21:14:20.183Z,sell,1.01e-06,29546.0,0.02984146
VIB/BTC,1608153260183,2020-12-16T21:14:20.183Z,sell,1e-06,121157.0,0.121157
VIB/BTC,1608153260183,2020-12-16T21:14:20.183Z,sell,1e-06,7760.0,0.0077599999999999
VIB/BTC,1608153260183,2020-12-16T21:14:20.183Z,sell,9.9e-07,40794.0,0.04038606
VIB/BTC,1608153267138,2020-12-16T21:14:27.138Z,sell,1e-06,188.0,0.000188
VIB/BTC,1608153272525,2020-12-16T21:14:32.525Z,sell,9.9e-07,20904.0,0.02069496
VIB/BTC,1608153272533,2020-12-16T21:14:32.533Z,buy,9.9e-07,10690.0,0.0105831
VIB/BTC,1608153272544,2020-12-16T21:14:32.544Z,buy,9.9e-07,2850.0,0.0028215
VIB/BTC,1608153281800,2020-12-16T21:14:41.800Z,buy,9.9e-07,641.0,0.00063459
VIB/BTC,1608153283913,2020-12-16T21:14:43.913Z,sell,9.8e-07,23232.0,0.0227673599999999
VIB/BTC,1608153284971,2020-12-16T21:14:44.971Z,buy,9.8e-07,118.0,0.00011564
VIB/BTC,1608153285008,2020-12-16T21:14:45.008Z,sell,9.7e-07,191.0,0.00018527
VIB/BTC,1608153285008,2020-12-16T21:14:45.008Z,sell,9.7e-07,47687.0,0.04625639
VIB/BTC,1608153286714,2020-12-16T21:14:46.714Z,sell,9.7e-07,641.0,0.00062177
VIB/BTC,1608153293826,2020-12-16T21:14:53.826Z,buy,9.7e-07,659.0,0.00063923
VIB/BTC,1608153315975,2020-12-16T21:15:15.975Z,sell,9.6e-07,5342.0,0.00512832
VIB/BTC,1608153322941,2020-12-16T21:15:22.941Z,sell,9.6e-07,4334.0,0.0041606399999999
VIB/BTC,1608153328297,2020-12-16T21:15:28.297Z,sell,9.6e-07,979.0,0.00093984
VIB/BTC,1608153365591,2020-12-16T21:16:05.591Z,buy,9.7e-07,13946.0,0.01352762
VIB/BTC,1608153368443,2020-12-16T21:16:08.443Z,sell,9.6e-07,1571.0,0.00150816
VIB/BTC,1608153397062,2020-12-16T21:16:37.062Z,buy,9.7e-07,35128.0,0.03407416
VIB/BTC,1608153412113,2020-12-16T21:16:52.113Z,sell,9.6e-07,654.0,0.00062784
VIB/BTC,1608153415031,2020-12-16T21:16:55.031Z,buy,9.7e-07,78107.0,0.07576379
VIB/BTC,1608153422064,2020-12-16T21:17:02.064Z,sell,9.6e-07,659.0,0.00063264
VIB/BTC,1608153466759,2020-12-16T21:17:46.759Z,sell,9.6e-07,44309.0,0.0425366399999999
VIB/BTC,1608153466773,2020-12-16T21:17:46.773Z,buy,9.6e-07,1000.0,0.0009599999999999
VIB/BTC,1608153466800,2020-12-16T21:17:46.800Z,buy,9.6e-07,1512.0,0.0014515199999999
VIB/BTC,1608153485310,2020-12-16T21:18:05.310Z,sell,9.5e-07,29799.0,0.02830905
VIB/BTC,1608153502191,2020-12-16T21:18:22.191Z,sell,9.5e-07,3085.0,0.00293075
VIB/BTC,1608153560767,2020-12-16T21:19:20.767Z,buy,9.6e-07,658.0,0.0006316799999999
VIB/BTC,1608153561923,2020-12-16T21:19:21.923Z,sell,9.5e-07,8677.0,0.00824315
VIB/BTC,1608153574543,2020-12-16T21:19:34.543Z,sell,9.5e-07,7627.0,0.00724565
VIB/BTC,1608153575533,2020-12-16T21:19:35.533Z,buy,9.5e-07,1903.0,0.00180785
VIB/BTC,1608153643629,2020-12-16T21:20:43.629Z,buy,9.6e-07,1949.0,0.0018710399999999
VIB/BTC,1608153662935,2020-12-16T21:21:02.935Z,sell,9.5e-07,632.0,0.0006004
VIB/BTC,1608153662947,2020-12-16T21:21:02.947Z,buy,9.5e-07,9361.0,0.00889295
VIB/BTC,1608153662975,2020-12-16T21:21:02.975Z,buy,9.5e-07,9360.0,0.008892
VIB/BTC,1608153662992,2020-12-16T21:21:02.992Z,buy,9.5e-07,7913.0,0.00751735
VIB/BTC,1608153663445,2020-12-16T21:21:03.445Z,buy,9.5e-07,6075.0,0.00577125
VIB/BTC,1608153663976,2020-12-16T21:21:03.976Z,buy,9.5e-07,1919.0,0.00182305
VIB/BTC,1608153693777,2020-12-16T21:21:33.777Z,buy,9.5e-07,485.0,0.00046075
VIB/BTC,1608153721374,2020-12-16T21:22:01.374Z,sell,9.4e-07,658.0,0.00061852
VIB/BTC,1608153728609,2020-12-16T21:22:08.609Z,sell,9.4e-07,44226.0,0.04157244
VIB/BTC,1608153728626,2020-12-16T21:22:08.626Z,buy,9.4e-07,1140.0,0.0010716
VIB/BTC,1608153728843,2020-12-16T21:22:08.843Z,buy,9.4e-07,924.0,0.00086856
VIB/BTC,1608153728847,2020-12-16T21:22:08.847Z,buy,9.4e-07,125.0,0.0001175
VIB/BTC,1608153745829,2020-12-16T21:22:25.829Z,buy,9.4e-07,2385.0,0.0022419
VIB/BTC,1608153746983,2020-12-16T21:22:26.983Z,sell,9.3e-07,25138.0,0.02337834
VIB/BTC,1608153772978,2020-12-16T21:22:52.978Z,buy,9.4e-07,1261.0,0.00118534
VIB/BTC,1608153789950,2020-12-16T21:23:09.950Z,sell,9.3e-07,1168.0,0.00108624
VIB/BTC,1608153825926,2020-12-16T21:23:45.926Z,buy,9.4e-07,481.0,0.00045214
VIB/BTC,1608153890123,2020-12-16T21:24:50.123Z,buy,9.4e-07,4178.0,0.00392732
VIB/BTC,1608153907874,2020-12-16T21:25:07.874Z,buy,9.4e-07,107.0,0.00010058
VIB/BTC,1608153937398,2020-12-16T21:25:37.398Z,buy,9.4e-07,667.0,0.00062698
VIB/BTC,1608153941059,2020-12-16T21:25:41.059Z,buy,9.4e-07,355.0,0.0003337
VIB/BTC,1608153944378,2020-12-16T21:25:44.378Z,buy,9.4e-07,449.0,0.00042206
VIB/BTC,1608153945095,2020-12-16T21:25:45.095Z,sell,9.3e-07,667.0,0.00062031
VIB/BTC,1608153969069,2020-12-16T21:26:09.069Z,buy,9.4e-07,3294.0,0.00309636
VIB/BTC,1608153969157,2020-12-16T21:26:09.157Z,buy,9.4e-07,7025.0,0.0066035
VIB/BTC,1608153999301,2020-12-16T21:26:39.301Z,buy,9.4e-07,4179.0,0.00392826
VIB/BTC,1608154109070,2020-12-16T21:28:29.070Z,sell,9.3e-07,59940.0,0.0557442
VIB/BTC,1608154123812,2020-12-16T21:28:43.812Z,sell,9.3e-07,7945.0,0.00738885
VIB/BTC,1608154123812,2020-12-16T21:28:43.812Z,sell,9.2e-07,101954.0,0.09379768
VIB/BTC,1608154124107,2020-12-16T21:28:44.107Z,buy,9.3e-07,10027.0,0.00932511
VIB/BTC,1608154124228,2020-12-16T21:28:44.228Z,buy,9.3e-07,238.0,0.00022134
VIB/BTC,1608154124744,2020-12-16T21:28:44.744Z,buy,9.3e-07,1045.0,0.00097185
VIB/BTC,1608154126640,2020-12-16T21:28:46.640Z,buy,9.3e-07,460.0,0.0004278
VIB/BTC,1608154126986,2020-12-16T21:28:46.986Z,buy,9.3e-07,109.0,0.00010137
VIB/BTC,1608154180501,2020-12-16T21:29:40.501Z,buy,9.3e-07,3126.0,0.00290718
VIB/BTC,1608154180542,2020-12-16T21:29:40.542Z,buy,9.3e-07,3083.0,0.00286719
VIB/BTC,1608154183571,2020-12-16T21:29:43.571Z,buy,9.4e-07,3126.0,0.00293844
VIB/BTC,1608154211901,2020-12-16T21:30:11.901Z,buy,9.4e-07,2088.0,0.00196272
VIB/BTC,1608154212414,2020-12-16T21:30:12.414Z,buy,9.4e-07,2088.0,0.00196272
VIB/BTC,1608154381698,2020-12-16T21:33:01.698Z,sell,9.3e-07,1409.0,0.00131037
VIB/BTC,1608154749198,2020-12-16T21:39:09.198Z,sell,9.3e-07,8538.0,0.00794034
VIB/BTC,1608154799089,2020-12-16T21:39:59.089Z,sell,9.3e-07,13544.0,0.01259592
VIB/BTC,1608154802917,2020-12-16T21:40:02.917Z,buy,9.3e-07,976.0,0.00090768
VIB/BTC,1608154814947,2020-12-16T21:40:14.947Z,buy,9.3e-07,1075.0,0.00099975
VIB/BTC,1608155005426,2020-12-16T21:43:25.426Z,buy,9.3e-07,341.0,0.00031713
VIB/BTC,1608155229971,2020-12-16T21:47:09.971Z,sell,9.2e-07,6891.0,0.00633972
VIB/BTC,1608155381532,2020-12-16T21:49:41.532Z,sell,9.2e-07,9135.0,0.0084042
VIB/BTC,1608155506534,2020-12-16T21:51:46.534Z,sell,9.2e-07,55174.0,0.05076008
VIB/BTC,1608155506633,2020-12-16T21:51:46.633Z,buy,9.2e-07,4273.0,0.0039311599999999
VIB/BTC,1608155528095,2020-12-16T21:52:08.095Z,sell,9.1e-07,10277.0,0.00935207
VIB/BTC,1608155528095,2020-12-16T21:52:08.095Z,sell,9.1e-07,10277.0,0.00935207
VIB/BTC,1608155553228,2020-12-16T21:52:33.228Z,sell,9.1e-07,112017.0,0.10193547
VIB/BTC,1608155553228,2020-12-16T21:52:33.228Z,sell,9e-07,158482.0,0.1426338
VIB/BTC,1608155553228,2020-12-16T21:52:33.228Z,sell,8.9e-07,145928.0,0.12987592
VIB/BTC,1608155553228,2020-12-16T21:52:33.228Z,sell,8.8e-07,114075.0,0.100386
VIB/BTC,1608155553228,2020-12-16T21:52:33.228Z,sell,8.7e-07,189200.0,0.164604
VIB/BTC,1608155553228,2020-12-16T21:52:33.228Z,sell,8.6e-07,147682.0,0.12700652
VIB/BTC,1608155553228,2020-12-16T21:52:33.228Z,sell,8.5e-07,270377.0,0.22982045
VIB/BTC,1608155553228,2020-12-16T21:52:33.228Z,sell,8.4e-07,24579.0,0.02064636
VIB/BTC,1608155553238,2020-12-16T21:52:33.238Z,buy,8.5e-07,5385.0,0.00457725
VIB/BTC,1608155553238,2020-12-16T21:52:33.238Z,buy,8.5e-07,5385.0,0.00457725
VIB/BTC,1608155553238,2020-12-16T21:52:33.238Z,buy,8.5e-07,5385.0,0.00457725
VIB/BTC,1608155553238,2020-12-16T21:52:33.238Z,buy,8.5e-07,5385.0,0.00457725
VIB/BTC,1608155553238,2020-12-16T21:52:33.238Z,buy,8.5e-07,5385.0,0.00457725
VIB/BTC,1608155553238,2020-12-16T21:52:33.238Z,buy,8.5e-07,5385.0,0.00457725
VIB/BTC,1608155553238,2020-12-16T21:52:33.238Z,buy,8.5e-07,5385.0,0.00457725
VIB/BTC,1608155553238,2020-12-16T21:52:33.238Z,buy,8.5e-07,5385.0,0.00457725
VIB/BTC,1608155553239,2020-12-16T21:52:33.239Z,buy,8.5e-07,5385.0,0.00457725
VIB/BTC,1608155553239,2020-12-16T21:52:33.239Z,buy,8.5e-07,5385.0,0.00457725
VIB/BTC,1608155553239,2020-12-16T21:52:33.239Z,buy,8.5e-07,5385.0,0.00457725
VIB/BTC,1608155553239,2020-12-16T21:52:33.239Z,buy,8.5e-07,5385.0,0.00457725
VIB/BTC,1608155553240,2020-12-16T21:52:33.240Z,buy,8.5e-07,1101.0,0.00093585
VIB/BTC,1608155553240,2020-12-16T21:52:33.240Z,buy,8.5e-07,5385.0,0.00457725
VIB/BTC,1608155553240,2020-12-16T21:52:33.240Z,buy,8.5e-07,5385.0,0.00457725
VIB/BTC,1608155553240,2020-12-16T21:52:33.240Z,buy,8.5e-07,5385.0,0.00457725
VIB/BTC,1608155553240,2020-12-16T21:52:33.240Z,buy,8.5e-07,226807.0,0.19278595
VIB/BTC,1608155553241,2020-12-16T21:52:33.241Z,buy,8.5e-07,5385.0,0.00457725
VIB/BTC,1608155553241,2020-12-16T21:52:33.241Z,buy,8.5e-07,5385.0,0.00457725
VIB/BTC,1608155553241,2020-12-16T21:52:33.241Z,buy,8.5e-07,5385.0,0.00457725
VIB/BTC,1608155553241,2020-12-16T21:52:33.241Z,buy,8.5e-07,5385.0,0.00457725
VIB/BTC,1608155553242,2020-12-16T21:52:33.242Z,buy,8.5e-07,5385.0,0.00457725
VIB/BTC,1608155553242,2020-12-16T21:52:33.242Z,buy,8.5e-07,5385.0,0.00457725
VIB/BTC,1608155553242,2020-12-16T21:52:33.242Z,buy,8.5e-07,5385.0,0.00457725
VIB/BTC,1608155553243,2020-12-16T21:52:33.243Z,buy,8.5e-07,5385.0,0.00457725
VIB/BTC,1608155553243,2020-12-16T21:52:33.243Z,buy,8.5e-07,5385.0,0.00457725
VIB/BTC,1608155553243,2020-12-16T21:52:33.243Z,buy,8.5e-07,5385.0,0.00457725
VIB/BTC,1608155553243,2020-12-16T21:52:33.243Z,buy,8.5e-07,5385.0,0.00457725
VIB/BTC,1608155553243,2020-12-16T21:52:33.243Z,buy,8.5e-07,5385.0,0.00457725
VIB/BTC,1608155553243,2020-12-16T21:52:33.243Z,buy,8.5e-07,5385.0,0.00457725
VIB/BTC,1608155553243,2020-12-16T21:52:33.243Z,buy,8.5e-07,5385.0,0.00457725
VIB/BTC,1608155553244,2020-12-16T21:52:33.244Z,buy,8.5e-07,5385.0,0.00457725
VIB/BTC,1608155553244,2020-12-16T21:52:33.244Z,buy,8.5e-07,5385.0,0.00457725
VIB/BTC,1608155553244,2020-12-16T21:52:33.244Z,buy,8.5e-07,5385.0,0.00457725
VIB/BTC,1608155553245,2020-12-16T21:52:33.245Z,buy,8.5e-07,5385.0,0.00457725
VIB/BTC,1608155553246,2020-12-16T21:52:33.246Z,buy,8.5e-07,5385.0,0.00457725
VIB/BTC,1608155553246,2020-12-16T21:52:33.246Z,buy,8.5e-07,5385.0,0.00457725
VIB/BTC,1608155553246,2020-12-16T21:52:33.246Z,buy,8.5e-07,5385.0,0.00457725
VIB/BTC,1608155553246,2020-12-16T21:52:33.246Z,buy,8.5e-07,5385.0,0.00457725
VIB/BTC,1608155553246,2020-12-16T21:52:33.246Z,buy,8.5e-07,5385.0,0.00457725
VIB/BTC,1608155553246,2020-12-16T21:52:33.246Z,buy,8.5e-07,5385.0,0.00457725
VIB/BTC,1608155553246,2020-12-16T21:52:33.246Z,buy,8.5e-07,5625.0,0.00478125
VIB/BTC,1608155553246,2020-12-16T21:52:33.246Z,buy,8.5e-07,5385.0,0.00457725
VIB/BTC,1608155553246,2020-12-16T21:52:33.246Z,buy,8.5e-07,5385.0,0.00457725
VIB/BTC,1608155553249,2020-12-16T21:52:33.249Z,buy,8.5e-07,1104.0,0.0009384
VIB/BTC,1608155553251,2020-12-16T21:52:33.251Z,buy,8.5e-07,5385.0,0.00457725
VIB/BTC,1608155553251,2020-12-16T21:52:33.251Z,buy,8.5e-07,5385.0,0.00457725
VIB/BTC,1608155553253,2020-12-16T21:52:33.253Z,buy,8.5e-07,3199.0,0.00271915
VIB/BTC,1608155553253,2020-12-16T21:52:33.253Z,buy,8.5e-07,5385.0,0.00457725
VIB/BTC,1608155553253,2020-12-16T21:52:33.253Z,buy,8.5e-07,5385.0,0.00457725
VIB/BTC,1608155553256,2020-12-16T21:52:33.256Z,buy,8.5e-07,6818.0,0.0057953
VIB/BTC,1608155553256,2020-12-16T21:52:33.256Z,buy,8.5e-07,3199.0,0.00271915
VIB/BTC,1608155553257,2020-12-16T21:52:33.257Z,buy,8.5e-07,3317.0,0.00281945
VIB/BTC,1608155553257,2020-12-16T21:52:33.257Z,sell,8.4e-07,3319.0,0.00278796
VIB/BTC,1608155553260,2020-12-16T21:52:33.260Z,sell,8.4e-07,1353.0,0.00113652
VIB/BTC,1608155553264,2020-12-16T21:52:33.264Z,buy,8.5e-07,17146.0,0.0145741
VIB/BTC,1608155553265,2020-12-16T21:52:33.265Z,buy,8.5e-07,634.0,0.0005389
VIB/BTC,1608155553273,2020-12-16T21:52:33.273Z,buy,8.5e-07,475.0,0.00040375
VIB/BTC,1608155553277,2020-12-16T21:52:33.277Z,sell,8.4e-07,16697.0,0.01402548
VIB/BTC,1608155553287,2020-12-16T21:52:33.287Z,buy,8.5e-07,475.0,0.00040375
VIB/BTC,1608155553311,2020-12-16T21:52:33.311Z,buy,8.5e-07,179573.0,0.15263705
VIB/BTC,1608155553312,2020-12-16T21:52:33.312Z,buy,8.5e-07,8581.0,0.00729385
VIB/BTC,1608155553312,2020-12-16T21:52:33.312Z,buy,8.6e-07,158.0,0.00013588
VIB/BTC,1608155553332,2020-12-16T21:52:33.332Z,sell,8.7e-07,90909.0,0.07909083
VIB/BTC,1608155553336,2020-12-16T21:52:33.336Z,sell,8.7e-07,75209.0,0.06543183
VIB/BTC,1608155553341,2020-12-16T21:52:33.341Z,sell,8.7e-07,8844.0,0.00769428
VIB/BTC,1608155553341,2020-12-16T21:52:33.341Z,sell,8.4e-07,23571.0,0.01979964
VIB/BTC,1608155553341,2020-12-16T21:52:33.341Z,sell,8.3e-07,10898.0,0.00904534
VIB/BTC,1608155553341,2020-12-16T21:52:33.341Z,sell,8.3e-07,1284.0,0.00106572
VIB/BTC,1608155553384,2020-12-16T21:52:33.384Z,sell,8.5e-07,4679.0,0.00397715
VIB/BTC,1608155553394,2020-12-16T21:52:33.394Z,buy,8.6e-07,35.0,3.01e-05
VIB/BTC,1608155553471,2020-12-16T21:52:33.471Z,buy,8.6e-07,22000.0,0.01892
VIB/BTC,1608155553473,2020-12-16T21:52:33.473Z,buy,8.6e-07,1209.0,0.00103974
VIB/BTC,1608155553473,2020-12-16T21:52:33.473Z,buy,8.7e-07,17791.0,0.01547817
VIB/BTC,1608155553476,2020-12-16T21:52:33.476Z,buy,8.7e-07,19000.0,0.01653
VIB/BTC,1608155553476,2020-12-16T21:52:33.476Z,buy,8.7e-07,7000.0,0.00609
VIB/BTC,1608155553480,2020-12-16T21:52:33.480Z,buy,8.7e-07,11000.0,0.00957
VIB/BTC,1608155553567,2020-12-16T21:52:33.567Z,sell,8.6e-07,12897.0,0.01109142
VIB/BTC,1608155553731,2020-12-16T21:52:33.731Z,buy,8.7e-07,254.0,0.00022098
VIB/BTC,1608155553751,2020-12-16T21:52:33.751Z,buy,8.7e-07,1237.0,0.00107619
VIB/BTC,1608155553782,2020-12-16T21:52:33.782Z,buy,8.7e-07,1264.0,0.00109968
VIB/BTC,1608155553897,2020-12-16T21:52:33.897Z,buy,8.7e-07,1235.0,0.00107445
VIB/BTC,1608155554366,2020-12-16T21:52:34.366Z,sell,8.6e-07,103.0,8.858000000000001e-05
VIB/BTC,1608155554366,2020-12-16T21:52:34.366Z,sell,8.5e-07,50705.0,0.04309925
VIB/BTC,1608155554366,2020-12-16T21:52:34.366Z,sell,8.4e-07,14532.0,0.01220688
VIB/BTC,1608155554366,2020-12-16T21:52:34.366Z,sell,8.3e-07,4425.0,0.00367275
VIB/BTC,1608155554398,2020-12-16T21:52:34.398Z,buy,8.5e-07,1565.0,0.00133025
VIB/BTC,1608155554463,2020-12-16T21:52:34.463Z,buy,8.5e-07,535.0,0.00045475
VIB/BTC,1608155554633,2020-12-16T21:52:34.633Z,buy,8.6e-07,3546.0,0.00304956
VIB/BTC,1608155554699,2020-12-16T21:52:34.699Z,buy,8.6e-07,46284.0,0.03980424
VIB/BTC,1608155555098,2020-12-16T21:52:35.098Z,sell,8.6e-07,554.0,0.00047644
VIB/BTC,1608155555099,2020-12-16T21:52:35.099Z,sell,8.6e-07,554.0,0.00047644
VIB/BTC,1608155555141,2020-12-16T21:52:35.141Z,buy,8.7e-07,6264.0,0.00544968
VIB/BTC,1608155555141,2020-12-16T21:52:35.141Z,buy,8.8e-07,124278.0,0.10936464
VIB/BTC,1608155555304,2020-12-16T21:52:35.304Z,sell,8.7e-07,1042.0,0.00090654
VIB/BTC,1608155555569,2020-12-16T21:52:35.569Z,sell,8.7e-07,1043.0,0.00090741
VIB/BTC,1608155555776,2020-12-16T21:52:35.776Z,sell,8.7e-07,10048.0,0.00874176
VIB/BTC,1608155555843,2020-12-16T21:52:35.843Z,sell,8.7e-07,1036.0,0.00090132
VIB/BTC,1608155555857,2020-12-16T21:52:35.857Z,sell,8.7e-07,554.0,0.00048198
VIB/BTC,1608155556190,2020-12-16T21:52:36.190Z,sell,8.7e-07,11687.0,0.01016769
VIB/BTC,1608155556190,2020-12-16T21:52:36.190Z,sell,8.6e-07,10168.0,0.00874448
VIB/BTC,1608155556622,2020-12-16T21:52:36.622Z,sell,8.6e-07,15028.0,0.01292408
VIB/BTC,1608155556730,2020-12-16T21:52:36.730Z,sell,8.6e-07,246.0,0.00021156
VIB/BTC,1608155556978,2020-12-16T21:52:36.978Z,sell,8.6e-07,15012.0,0.01291032
VIB/BTC,1608155557037,2020-12-16T21:52:37.037Z,buy,8.7e-07,405.0,0.00035235
VIB/BTC,1608155557037,2020-12-16T21:52:37.037Z,buy,8.8e-07,921.0,0.00081048
VIB/BTC,1608155557213,2020-12-16T21:52:37.213Z,sell,8.6e-07,237.0,0.00020382
VIB/BTC,1608155557356,2020-12-16T21:52:37.356Z,sell,8.6e-07,10028.0,0.00862408
VIB/BTC,1608155557499,2020-12-16T21:52:37.499Z,buy,8.7e-07,11413.0,0.00992931
VIB/BTC,1608155557755,2020-12-16T21:52:37.755Z,sell,8.6e-07,234.0,0.00020124
VIB/BTC,1608155557924,2020-12-16T21:52:37.924Z,buy,8.7e-07,1095.0,0.00095265
VIB/BTC,1608155558531,2020-12-16T21:52:38.531Z,sell,8.6e-07,62758.0,0.05397188
VIB/BTC,1608155560318,2020-12-16T21:52:40.318Z,buy,8.7e-07,610.0,0.0005307
VIB/BTC,1608155560371,2020-12-16T21:52:40.371Z,buy,8.7e-07,113.0,9.831e-05
VIB/BTC,1608155561434,2020-12-16T21:52:41.434Z,sell,8.6e-07,4168.0,0.00358448
VIB/BTC,1608155561438,2020-12-16T21:52:41.438Z,buy,8.7e-07,1211.0,0.00105357
VIB/BTC,1608155561473,2020-12-16T21:52:41.473Z,sell,8.6e-07,6963.0,0.00598818
VIB/BTC,1608155561504,2020-12-16T21:52:41.504Z,sell,8.6e-07,4168.0,0.00358448
VIB/BTC,1608155561681,2020-12-16T21:52:41.681Z,sell,8.6e-07,4168.0,0.00358448
VIB/BTC,1608155561723,2020-12-16T21:52:41.723Z,sell,8.6e-07,4168.0,0.00358448
VIB/BTC,1608155561748,2020-12-16T21:52:41.748Z,sell,8.6e-07,4165.0,0.0035819
VIB/BTC,1608155561759,2020-12-16T21:52:41.759Z,sell,8.6e-07,4168.0,0.00358448
VIB/BTC,1608155561788,2020-12-16T21:52:41.788Z,sell,8.6e-07,4168.0,0.00358448
VIB/BTC,1608155561824,2020-12-16T21:52:41.824Z,sell,8.6e-07,4168.0,0.00358448
VIB/BTC,1608155561857,2020-12-16T21:52:41.857Z,sell,8.6e-07,4155.0,0.0035733
VIB/BTC,1608155562033,2020-12-16T21:52:42.033Z,buy,8.7e-07,114.0,9.918e-05
VIB/BTC,1608155562521,2020-12-16T21:52:42.521Z,buy,8.7e-07,36.0,3.132e-05
VIB/BTC,1608155562640,2020-12-16T21:52:42.640Z,sell,8.6e-07,498.0,0.00042828
VIB/BTC,1608155563298,2020-12-16T21:52:43.298Z,buy,8.7e-07,115.0,0.00010005
VIB/BTC,1608155563560,2020-12-16T21:52:43.560Z,sell,8.6e-07,58140.0,0.0500004
VIB/BTC,1608155563938,2020-12-16T21:52:43.938Z,sell,8.6e-07,935.0,0.0008041
VIB/BTC,1608155565324,2020-12-16T21:52:45.324Z,sell,8.6e-07,140.0,0.0001204
VIB/BTC,1608155565856,2020-12-16T21:52:45.856Z,buy,8.7e-07,17527.0,0.01524849
VIB/BTC,1608155567243,2020-12-16T21:52:47.243Z,sell,8.6e-07,149.0,0.00012814
VIB/BTC,1608155567353,2020-12-16T21:52:47.353Z,buy,8.6e-07,529.0,0.00045494
VIB/BTC,1608155567466,2020-12-16T21:52:47.466Z,buy,8.6e-07,2852.0,0.00245272
VIB/BTC,1608155567925,2020-12-16T21:52:47.925Z,buy,8.6e-07,2304.0,0.00198144
VIB/BTC,1608155568130,2020-12-16T21:52:48.130Z,buy,8.6e-07,2304.0,0.00198144
VIB/BTC,1608155568589,2020-12-16T21:52:48.589Z,buy,8.6e-07,1504.0,0.00129344
VIB/BTC,1608155568874,2020-12-16T21:52:48.874Z,buy,8.6e-07,1287.0,0.00110682
VIB/BTC,1608155569011,2020-12-16T21:52:49.011Z,buy,8.6e-07,700.0,0.000602
VIB/BTC,1608155569039,2020-12-16T21:52:49.039Z,buy,8.6e-07,5075.0,0.0043645
VIB/BTC,1608155569360,2020-12-16T21:52:49.360Z,buy,8.6e-07,700.0,0.000602
VIB/BTC,1608155569520,2020-12-16T21:52:49.520Z,buy,8.6e-07,586.0,0.00050396
VIB/BTC,1608155571308,2020-12-16T21:52:51.308Z,sell,8.5e-07,4093.0,0.00347905
VIB/BTC,1608155573897,2020-12-16T21:52:53.897Z,sell,8.5e-07,43197.0,0.03671745
VIB/BTC,1608155582498,2020-12-16T21:53:02.498Z,buy,8.5e-07,119203.0,0.10132255
VIB/BTC,1608155582812,2020-12-16T21:53:02.812Z,buy,8.5e-07,40387.0,0.03432895
VIB/BTC,1608155582961,2020-12-16T21:53:02.961Z,buy,8.6e-07,117.0,0.00010062
VIB/BTC,1608155583090,2020-12-16T21:53:03.090Z,sell,8.5e-07,2108.0,0.0017918
VIB/BTC,1608155583265,2020-12-16T21:53:03.265Z,sell,8.5e-07,8775.0,0.00745875
VIB/BTC,1608155583657,2020-12-16T21:53:03.657Z,buy,8.6e-07,1601.0,0.00137686
VIB/BTC,1608155583718,2020-12-16T21:53:03.718Z,sell,8.5e-07,3350.0,0.0028475
VIB/BTC,1608155583798,2020-12-16T21:53:03.798Z,sell,8.5e-07,2096.0,0.0017816
VIB/BTC,1608155583861,2020-12-16T21:53:03.861Z,buy,8.5e-07,707.0,0.00060095
VIB/BTC,1608155583861,2020-12-16T21:53:03.861Z,buy,8.6e-07,915.0,0.0007869
VIB/BTC,1608155583940,2020-12-16T21:53:03.940Z,buy,8.5e-07,1044.0,0.0008874
VIB/BTC,1608155587603,2020-12-16T21:53:07.603Z,buy,8.5e-07,40.0,3.4e-05
VIB/BTC,1608155593492,2020-12-16T21:53:13.492Z,buy,8.6e-07,1875.0,0.0016125
VIB/BTC,1608155593947,2020-12-16T21:53:13.947Z,buy,8.6e-07,21696.0,0.01865856
VIB/BTC,1608155594969,2020-12-16T21:53:14.969Z,buy,8.6e-07,1627.0,0.00139922
VIB/BTC,1608155596275,2020-12-16T21:53:16.275Z,sell,8.5e-07,3100.0,0.002635
VIB/BTC,1608155597911,2020-12-16T21:53:17.911Z,buy,8.6e-07,1984.0,0.00170624
VIB/BTC,1608155600775,2020-12-16T21:53:20.775Z,sell,8.5e-07,11817.0,0.01004445
VIB/BTC,1608155603101,2020-12-16T21:53:23.101Z,sell,8.5e-07,1121.0,0.00095285
VIB/BTC,1608155603135,2020-12-16T21:53:23.135Z,sell,8.5e-07,6067.0,0.00515695
VIB/BTC,1608155603135,2020-12-16T21:53:23.135Z,sell,8.4e-07,26842.0,0.02254728
VIB/BTC,1608155605776,2020-12-16T21:53:25.776Z,buy,8.5e-07,3349.0,0.00284665
VIB/BTC,1608155607886,2020-12-16T21:53:27.886Z,buy,8.5e-07,5865.0,0.00498525
VIB/BTC,1608155611806,2020-12-16T21:53:31.806Z,buy,8.5e-07,3233.0,0.00274805
VIB/BTC,1608155612646,2020-12-16T21:53:32.646Z,buy,8.5e-07,540.0,0.000459
VIB/BTC,1608155625053,2020-12-16T21:53:45.053Z,buy,8.5e-07,348.0,0.0002958
VIB/BTC,1608155627049,2020-12-16T21:53:47.049Z,sell,8.4e-07,1098.0,0.00092232
VIB/BTC,1608155639946,2020-12-16T21:53:59.946Z,buy,8.5e-07,1511.0,0.00128435
VIB/BTC,1608155647953,2020-12-16T21:54:07.953Z,buy,8.5e-07,14296.0,0.0121516
VIB/BTC,1608155648087,2020-12-16T21:54:08.087Z,sell,8.5e-07,44083.0,0.03747055
VIB/BTC,1608155649034,2020-12-16T21:54:09.034Z,buy,8.5e-07,16900.0,0.014365
VIB/BTC,1608155649055,2020-12-16T21:54:09.055Z,buy,8.5e-07,4650.0,0.0039525
VIB/BTC,1608155654485,2020-12-16T21:54:14.485Z,buy,8.5e-07,3529.0,0.00299965
VIB/BTC,1608155655282,2020-12-16T21:54:15.282Z,buy,8.5e-07,2470.0,0.0020995
VIB/BTC,1608155655453,2020-12-16T21:54:15.453Z,buy,8.5e-07,1764.0,0.0014994
VIB/BTC,1608155655506,2020-12-16T21:54:15.506Z,buy,8.5e-07,1176.0,0.0009996
VIB/BTC,1608155655744,2020-12-16T21:54:15.744Z,buy,8.5e-07,1176.0,0.0009996
VIB/BTC,1608155656396,2020-12-16T21:54:16.396Z,buy,8.5e-07,3271.0,0.00278035
VIB/BTC,1608155658971,2020-12-16T21:54:18.971Z,buy,8.5e-07,11884.0,0.0101014
VIB/BTC,1608155675873,2020-12-16T21:54:35.873Z,sell,8.5e-07,4550.0,0.0038675
VIB/BTC,1608155704027,2020-12-16T21:55:04.027Z,buy,8.6e-07,1176.0,0.00101136
VIB/BTC,1608155747185,2020-12-16T21:55:47.185Z,buy,8.6e-07,609.0,0.00052374
VIB/BTC,1608155752706,2020-12-16T21:55:52.706Z,buy,8.6e-07,325.0,0.0002795
VIB/BTC,1608155770848,2020-12-16T21:56:10.848Z,buy,8.6e-07,2808.0,0.00241488
VIB/BTC,1608155820216,2020-12-16T21:57:00.216Z,buy,8.6e-07,1339.0,0.00115154
VIB/BTC,1608155842546,2020-12-16T21:57:22.546Z,buy,8.6e-07,39143.0,0.03366298
VIB/BTC,1608155845984,2020-12-16T21:57:25.984Z,buy,8.6e-07,2501.0,0.00215086
VIB/BTC,1608155870747,2020-12-16T21:57:50.747Z,buy,8.6e-07,599.0,0.00051514
VIB/BTC,1608155870756,2020-12-16T21:57:50.756Z,buy,8.6e-07,1866.0,0.00160476
VIB/BTC,1608155967854,2020-12-16T21:59:27.854Z,buy,8.6e-07,39329.0,0.03382294
VIB/BTC,1608155967854,2020-12-16T21:59:27.854Z,buy,8.6e-07,39329.0,0.03382294
VIB/BTC,1608155967859,2020-12-16T21:59:27.859Z,buy,8.6e-07,832.0,0.00071552
VIB/BTC,1608155970141,2020-12-16T21:59:30.141Z,buy,8.7e-07,136.0,0.00011832
VIB/BTC,1608155996683,2020-12-16T21:59:56.683Z,buy,8.7e-07,13218.0,0.01149966
VIB/BTC,1608156003146,2020-12-16T22:00:03.146Z,sell,8.6e-07,11506.0,0.00989516
VIB/BTC,1608156003151,2020-12-16T22:00:03.151Z,buy,8.6e-07,46814.0,0.04026004
VIB/BTC,1608156121728,2020-12-16T22:02:01.728Z,sell,8.6e-07,3559.0,0.00306074
VIB/BTC,1608156164507,2020-12-16T22:02:44.507Z,sell,8.5e-07,5223.0,0.00443955
VIB/BTC,1608156164541,2020-12-16T22:02:44.541Z,buy,8.6e-07,124.0,0.00010664
VIB/BTC,1608156227585,2020-12-16T22:03:47.585Z,sell,8.5e-07,78107.0,0.06639095
VIB/BTC,1608156227999,2020-12-16T22:03:47.999Z,sell,8.5e-07,183.0,0.00015555
VIB/BTC,1608156235203,2020-12-16T22:03:55.203Z,buy,8.6e-07,30308.0,0.02606488
VIB/BTC,1608156287313,2020-12-16T22:04:47.313Z,buy,8.6e-07,6139.0,0.00527954
VIB/BTC,1608156343538,2020-12-16T22:05:43.538Z,sell,8.5e-07,1190.0,0.0010115
VIB/BTC,1608156730872,2020-12-16T22:12:10.872Z,sell,8.6e-07,1894.0,0.00162884
VIB/BTC,1608156730875,2020-12-16T22:12:10.875Z,sell,8.6e-07,2928.0,0.00251808
VIB/BTC,1608156731319,2020-12-16T22:12:11.319Z,sell,8.6e-07,1906.0,0.00163916
VIB/BTC,1608156756264,2020-12-16T22:12:36.264Z,sell,8.6e-07,52464.0,0.04511904
VIB/BTC,1608156756264,2020-12-16T22:12:36.264Z,sell,8.5e-07,40559.0,0.03447515
VIB/BTC,1608156762260,2020-12-16T22:12:42.260Z,sell,8.6e-07,4799.0,0.00412714
VIB/BTC,1608156762260,2020-12-16T22:12:42.260Z,sell,8.5e-07,88224.0,0.0749904
VIB/BTC,1608156762556,2020-12-16T22:12:42.556Z,buy,8.6e-07,1045.0,0.0008987
VIB/BTC,1608156762596,2020-12-16T22:12:42.596Z,buy,8.6e-07,10340.0,0.0088924
VIB/BTC,1608156762628,2020-12-16T22:12:42.628Z,buy,8.6e-07,3624.0,0.00311664
VIB/BTC,1608156762651,2020-12-16T22:12:42.651Z,buy,8.6e-07,1315.0,0.0011309
VIB/BTC,1608156763196,2020-12-16T22:12:43.196Z,buy,8.6e-07,9541.0,0.00820526
VIB/BTC,1608156763292,2020-12-16T22:12:43.292Z,buy,8.6e-07,2307.0,0.00198402
VIB/BTC,1608156763398,2020-12-16T22:12:43.398Z,buy,8.6e-07,8060.0,0.0069316
VIB/BTC,1608156763498,2020-12-16T22:12:43.498Z,buy,8.6e-07,1950.0,0.001677
VIB/BTC,1608156779327,2020-12-16T22:12:59.327Z,buy,8.6e-07,118.0,0.00010148
VIB/BTC,1608156786582,2020-12-16T22:13:06.582Z,sell,8.6e-07,27713.0,0.02383318
VIB/BTC,1608156796228,2020-12-16T22:13:16.228Z,sell,8.6e-07,192.0,0.00016512
VIB/BTC,1608156831025,2020-12-16T22:13:51.025Z,buy,8.7e-07,603.0,0.00052461
VIB/BTC,1608156891673,2020-12-16T22:14:51.673Z,buy,8.7e-07,355.0,0.00030885
VIB/BTC,1608156899830,2020-12-16T22:14:59.830Z,buy,8.7e-07,5181.0,0.00450747
VIB/BTC,1608156913857,2020-12-16T22:15:13.857Z,buy,8.7e-07,1910.0,0.0016617
VIB/BTC,1608156926361,2020-12-16T22:15:26.361Z,buy,8.7e-07,1833.0,0.00159471
VIB/BTC,1608156947363,2020-12-16T22:15:47.363Z,sell,8.6e-07,491.0,0.00042226
VIB/BTC,1608156957039,2020-12-16T22:15:57.039Z,sell,8.6e-07,7685.0,0.0066091
VIB/BTC,1608156957046,2020-12-16T22:15:57.046Z,buy,8.6e-07,17290.0,0.0148694
VIB/BTC,1608156973160,2020-12-16T22:16:13.160Z,buy,8.6e-07,29732.0,0.02556952
VIB/BTC,1608157038271,2020-12-16T22:17:18.271Z,sell,8.6e-07,262.0,0.00022532
VIB/BTC,1608157062464,2020-12-16T22:17:42.464Z,buy,8.7e-07,80891.0,0.07037517
VIB/BTC,1608157136274,2020-12-16T22:18:56.274Z,sell,8.6e-07,5400.0,0.004644
VIB/BTC,1608157143587,2020-12-16T22:19:03.587Z,buy,8.7e-07,710.0,0.0006177
VIB/BTC,1608157180921,2020-12-16T22:19:40.921Z,sell,8.6e-07,26994.0,0.02321484
VIB/BTC,1608157313996,2020-12-16T22:21:53.996Z,buy,8.7e-07,171.0,0.00014877
VIB/BTC,1608157371791,2020-12-16T22:22:51.791Z,sell,8.6e-07,11088.0,0.00953568
VIB/BTC,1608157493283,2020-12-16T22:24:53.283Z,sell,8.6e-07,5200.0,0.004472
VIB/BTC,1608157716137,2020-12-16T22:28:36.137Z,sell,8.6e-07,5787.0,0.00497682
VIB/BTC,1608158094313,2020-12-16T22:34:54.313Z,sell,8.6e-07,5917.0,0.00508862
VIB/BTC,1608158215423,2020-12-16T22:36:55.423Z,buy,8.7e-07,976.0,0.00084912
VIB/BTC,1608158229413,2020-12-16T22:37:09.413Z,buy,8.7e-07,24499.0,0.02131413
VIB/BTC,1608158711599,2020-12-16T22:45:11.599Z,buy,8.7e-07,35322.0,0.03073014
VIB/BTC,1608158723810,2020-12-16T22:45:23.810Z,sell,8.6e-07,1005.0,0.0008643
VIB/BTC,1608158723810,2020-12-16T22:45:23.810Z,sell,8.6e-07,1005.0,0.0008643
VIB/BTC,1608159247323,2020-12-16T22:54:07.323Z,sell,8.6e-07,4366.0,0.00375476
VIB/BTC,1608159252938,2020-12-16T22:54:12.938Z,sell,8.6e-07,41303.0,0.03552058
VIB/BTC,1608159254773,2020-12-16T22:54:14.773Z,sell,8.6e-07,221.0,0.00019006
VIB/BTC,1608159708759,2020-12-16T23:01:48.759Z,sell,8.6e-07,284385.0,0.2445711
VIB/BTC,1608160807583,2020-12-16T23:20:07.583Z,buy,8.7e-07,6395.0,0.00556365
VIB/BTC,1608160809985,2020-12-16T23:20:09.985Z,sell,8.6e-07,3559.0,0.00306074
VIB/BTC,1608160809985,2020-12-16T23:20:09.985Z,sell,8.6e-07,2603.0,0.00223858
VIB/BTC,1608161141463,2020-12-16T23:25:41.463Z,sell,8.6e-07,199.0,0.00017114
VIB/BTC,1608161410042,2020-12-16T23:30:10.042Z,buy,8.7e-07,720.0,0.0006264
VIB/BTC,1608161410283,2020-12-16T23:30:10.283Z,buy,8.7e-07,1000.0,0.00087
VIB/BTC,1608161410923,2020-12-16T23:30:10.923Z,buy,8.7e-07,1000.0,0.00087
VIB/BTC,1608161786853,2020-12-16T23:36:26.853Z,buy,8.7e-07,34.0,2.958e-05
VIB/BTC,1608161829564,2020-12-16T23:37:09.564Z,buy,8.7e-07,342.0,0.00029754
VIB/BTC,1608161857643,2020-12-16T23:37:37.643Z,sell,8.6e-07,1036.0,0.00089096
VIB/BTC,1608162211759,2020-12-16T23:43:31.759Z,sell,8.6e-07,55834.0,0.04801724
VIB/BTC,1608162211759,2020-12-16T23:43:31.759Z,sell,8.6e-07,55834.0,0.04801724
VIB/BTC,1608162619644,2020-12-16T23:50:19.644Z,sell,8.6e-07,183701.0,0.15798286
VIB/BTC,1608162961706,2020-12-16T23:56:01.706Z,buy,8.7e-07,16883.0,0.01468821
VIB/BTC,1608163339025,2020-12-17T00:02:19.025Z,buy,8.7e-07,6566.0,0.00571242
VIB/BTC,1608163339040,2020-12-17T00:02:19.040Z,buy,8.7e-07,9927.0,0.00863649
VIB/BTC,1608163339057,2020-12-17T00:02:19.057Z,buy,8.7e-07,9927.0,0.00863649
VIB/BTC,1608163339076,2020-12-17T00:02:19.076Z,buy,8.7e-07,9927.0,0.00863649
VIB/BTC,1608163339087,2020-12-17T00:02:19.087Z,buy,8.7e-07,4241.0,0.00368967
VIB/BTC,1608163341192,2020-12-17T00:02:21.192Z,buy,8.7e-07,4795.0,0.00417165
VIB/BTC,1608163379141,2020-12-17T00:02:59.141Z,buy,8.7e-07,1043.0,0.00090741
VIB/BTC,1608163425327,2020-12-17T00:03:45.327Z,sell,8.6e-07,942.0,0.00081012
VIB/BTC,1608163517315,2020-12-17T00:05:17.315Z,sell,8.7e-07,272.0,0.00023664
VIB/BTC,1608163541885,2020-12-17T00:05:41.885Z,buy,8.8e-07,300.0,0.000264
VIB/BTC,1608164118631,2020-12-17T00:15:18.631Z,sell,8.7e-07,3869.0,0.00336603
VIB/BTC,1608164118738,2020-12-17T00:15:18.738Z,buy,8.7e-07,2695.0,0.00234465
VIB/BTC,1608164118957,2020-12-17T00:15:18.957Z,buy,8.7e-07,3225.0,0.00280575
VIB/BTC,1608164123004,2020-12-17T00:15:23.004Z,buy,8.7e-07,6589.0,0.00573243
VIB/BTC,1608165310534,2020-12-17T00:35:10.534Z,sell,8.7e-07,262.0,0.00022794
VIB/BTC,1608165670364,2020-12-17T00:41:10.364Z,buy,8.8e-07,703.0,0.00061864
VIB/BTC,1608165691201,2020-12-17T00:41:31.201Z,sell,8.7e-07,272.0,0.00023664
VIB/BTC,1608165691201,2020-12-17T00:41:31.201Z,sell,8.7e-07,272.0,0.00023664
VIB/BTC,1608165889317,2020-12-17T00:44:49.317Z,sell,8.7e-07,15364.0,0.01336668
VIB/BTC,1608166171406,2020-12-17T00:49:31.406Z,buy,8.8e-07,300.0,0.000264
VIB/BTC,1608166355675,2020-12-17T00:52:35.675Z,sell,8.7e-07,36129.0,0.03143223
VIB/BTC,1608167376046,2020-12-17T01:09:36.046Z,sell,8.7e-07,11908.0,0.01035996
VIB/BTC,1608167388683,2020-12-17T01:09:48.683Z,sell,8.7e-07,5632.0,0.00489984
VIB/BTC,1608167395357,2020-12-17T01:09:55.357Z,sell,8.7e-07,2067.0,0.00179829
VIB/BTC,1608167402707,2020-12-17T01:10:02.707Z,sell,8.7e-07,11979.0,0.01042173
VIB/BTC,1608167404226,2020-12-17T01:10:04.226Z,sell,8.7e-07,5512.0,0.00479544
VIB/BTC,1608167405443,2020-12-17T01:10:05.443Z,buy,8.7e-07,36.0,3.132e-05
VIB/BTC,1608167526009,2020-12-17T01:12:06.009Z,sell,8.6e-07,4575.0,0.0039345
VIB/BTC,1608167576025,2020-12-17T01:12:56.025Z,sell,8.6e-07,1133.0,0.00097438
VIB/BTC,1608167587590,2020-12-17T01:13:07.590Z,sell,8.6e-07,29060.0,0.0249916
VIB/BTC,1608167619512,2020-12-17T01:13:39.512Z,buy,8.6e-07,134.0,0.00011524
VIB/BTC,1608167628987,2020-12-17T01:13:48.987Z,sell,8.5e-07,134.0,0.0001139
VIB/BTC,1608167944474,2020-12-17T01:19:04.474Z,buy,8.6e-07,1149.0,0.00098814
VIB/BTC,1608168137729,2020-12-17T01:22:17.729Z,sell,8.5e-07,2826.0,0.0024021
VIB/BTC,1608168454249,2020-12-17T01:27:34.249Z,sell,8.5e-07,21520.0,0.018292
VIB/BTC,1608169074880,2020-12-17T01:37:54.880Z,sell,8.5e-07,1059.0,0.00090015
VIB/BTC,1608169074880,2020-12-17T01:37:54.880Z,sell,8.5e-07,1059.0,0.00090015
VIB/BTC,1608169585611,2020-12-17T01:46:25.611Z,buy,8.6e-07,11185.0,0.0096191
VIB/BTC,1608169738145,2020-12-17T01:48:58.145Z,buy,8.6e-07,1418.0,0.00121948
VIB/BTC,1608170101770,2020-12-17T01:55:01.770Z,buy,8.6e-07,11192.0,0.00962512
VIB/BTC,1608170761503,2020-12-17T02:06:01.503Z,sell,8.5e-07,39266.0,0.0333761
VIB/BTC,1608170966692,2020-12-17T02:09:26.692Z,buy,8.6e-07,53994.0,0.04643484
VIB/BTC,1608171606436,2020-12-17T02:20:06.436Z,sell,8.5e-07,48174.0,0.0409479
VIB/BTC,1608171621085,2020-12-17T02:20:21.085Z,sell,8.5e-07,954.0,0.0008109
VIB/BTC,1608171655224,2020-12-17T02:20:55.224Z,sell,8.4e-07,143570.0,0.1205988
VIB/BTC,1608171811858,2020-12-17T02:23:31.858Z,sell,8.4e-07,27512.0,0.02311008
VIB/BTC,1608171811868,2020-12-17T02:23:31.868Z,buy,8.4e-07,10091.0,0.00847644
VIB/BTC,1608171811871,2020-12-17T02:23:31.871Z,buy,8.4e-07,19780.0,0.0166152
VIB/BTC,1608171927565,2020-12-17T02:25:27.565Z,sell,8.3e-07,34811.0,0.02889313
VIB/BTC,1608171934271,2020-12-17T02:25:34.271Z,sell,8.3e-07,551.0,0.00045733
VIB/BTC,1608171934271,2020-12-17T02:25:34.271Z,sell,8.3e-07,551.0,0.00045733
VIB/BTC,1608172755187,2020-12-17T02:39:15.187Z,buy,8.4e-07,42.0,3.528e-05
VIB/BTC,1608172755643,2020-12-17T02:39:15.643Z,sell,8.3e-07,157.0,0.00013031
VIB/BTC,1608172849864,2020-12-17T02:40:49.864Z,buy,8.4e-07,241.0,0.00020244
VIB/BTC,1608173085962,2020-12-17T02:44:45.962Z,buy,8.4e-07,41.0,3.444e-05
VIB/BTC,1608173117312,2020-12-17T02:45:17.312Z,buy,8.4e-07,1000.0,0.00084
VIB/BTC,1608173379889,2020-12-17T02:49:39.889Z,sell,8.3e-07,31789.0,0.02638487
VIB/BTC,1608173381853,2020-12-17T02:49:41.853Z,sell,8.3e-07,14594.0,0.01211302
VIB/BTC,1608173876143,2020-12-17T02:57:56.143Z,buy,8.4e-07,400.0,0.000336
VIB/BTC,1608174002191,2020-12-17T03:00:02.191Z,buy,8.4e-07,69227.0,0.05815068
VIB/BTC,1608174218829,2020-12-17T03:03:38.829Z,sell,8.3e-07,9638.0,0.00799954
VIB/BTC,1608174312991,2020-12-17T03:05:12.991Z,sell,8.3e-07,10141.0,0.00841703
VIB/BTC,1608174313035,2020-12-17T03:05:13.035Z,sell,8.3e-07,10141.0,0.00841703
VIB/BTC,1608174313439,2020-12-17T03:05:13.439Z,sell,8.3e-07,3787.0,0.00314321
VIB/BTC,1608174313973,2020-12-17T03:05:13.973Z,sell,8.3e-07,5805.0,0.00481815
VIB/BTC,1608174314189,2020-12-17T03:05:14.189Z,sell,8.3e-07,56474.0,0.04687342
VIB/BTC,1608174314392,2020-12-17T03:05:14.392Z,sell,8.3e-07,4070.0,0.0033780999999999
VIB/BTC,1608174314591,2020-12-17T03:05:14.591Z,sell,8.3e-07,10028.0,0.0083232399999999
VIB/BTC,1608174314802,2020-12-17T03:05:14.802Z,sell,8.3e-07,2406.0,0.00199698
VIB/BTC,1608174315704,2020-12-17T03:05:15.704Z,sell,8.3e-07,556.0,0.00046148
VIB/BTC,1608174504868,2020-12-17T03:08:24.868Z,buy,8.4e-07,59523.0,0.04999932
VIB/BTC,1608174556036,2020-12-17T03:09:16.036Z,buy,8.4e-07,37.0,3.108e-05
VIB/BTC,1608174557632,2020-12-17T03:09:17.632Z,sell,8.3e-07,3688.0,0.00306104
VIB/BTC,1608174821019,2020-12-17T03:13:41.019Z,sell,8.3e-07,736.0,0.00061088
VIB/BTC,1608175218417,2020-12-17T03:20:18.417Z,sell,8.3e-07,2157.0,0.00179031
VIB/BTC,1608175253331,2020-12-17T03:20:53.331Z,sell,8.3e-07,4887.0,0.00405621
VIB/BTC,1608175253331,2020-12-17T03:20:53.331Z,sell,8.3e-07,4887.0,0.00405621
VIB/BTC,1608175542221,2020-12-17T03:25:42.221Z,sell,8.3e-07,59229.0,0.04916007
VIB/BTC,1608175542357,2020-12-17T03:25:42.357Z,sell,8.3e-07,164.0,0.00013612
VIB/BTC,1608176086978,2020-12-17T03:34:46.978Z,buy,8.4e-07,135.0,0.0001134
VIB/BTC,1608176094164,2020-12-17T03:34:54.164Z,buy,8.4e-07,135.0,0.0001134
VIB/BTC,1608176098039,2020-12-17T03:34:58.039Z,buy,8.4e-07,134.0,0.00011256
VIB/BTC,1608176101673,2020-12-17T03:35:01.673Z,buy,8.4e-07,134.0,0.00011256
VIB/BTC,1608176108677,2020-12-17T03:35:08.677Z,buy,8.4e-07,134.0,0.00011256
VIB/BTC,1608176115549,2020-12-17T03:35:15.549Z,buy,8.4e-07,134.0,0.00011256
VIB/BTC,1608176119687,2020-12-17T03:35:19.687Z,buy,8.4e-07,134.0,0.00011256
VIB/BTC,1608176123298,2020-12-17T03:35:23.298Z,buy,8.4e-07,134.0,0.00011256
VIB/BTC,1608176131624,2020-12-17T03:35:31.624Z,buy,8.4e-07,135.0,0.0001134
VIB/BTC,1608176135432,2020-12-17T03:35:35.432Z,buy,8.4e-07,134.0,0.00011256
VIB/BTC,1608176142514,2020-12-17T03:35:42.514Z,buy,8.4e-07,134.0,0.00011256
VIB/BTC,1608176146410,2020-12-17T03:35:46.410Z,buy,8.4e-07,134.0,0.00011256
VIB/BTC,1608176153923,2020-12-17T03:35:53.923Z,buy,8.4e-07,134.0,0.00011256
VIB/BTC,1608176158033,2020-12-17T03:35:58.033Z,buy,8.4e-07,134.0,0.00011256
VIB/BTC,1608176164990,2020-12-17T03:36:04.990Z,buy,8.4e-07,134.0,0.00011256
VIB/BTC,1608176171771,2020-12-17T03:36:11.771Z,buy,8.4e-07,135.0,0.0001134
VIB/BTC,1608176179548,2020-12-17T03:36:19.548Z,buy,8.4e-07,134.0,0.00011256
VIB/BTC,1608176186281,2020-12-17T03:36:26.281Z,buy,8.4e-07,134.0,0.00011256
VIB/BTC,1608176190101,2020-12-17T03:36:30.101Z,buy,8.4e-07,134.0,0.00011256
VIB/BTC,1608176193940,2020-12-17T03:36:33.940Z,buy,8.4e-07,134.0,0.00011256
VIB/BTC,1608176204008,2020-12-17T03:36:44.008Z,buy,8.4e-07,134.0,0.00011256
VIB/BTC,1608176204699,2020-12-17T03:36:44.699Z,buy,8.4e-07,135.0,0.0001134
VIB/BTC,1608176205166,2020-12-17T03:36:45.166Z,buy,8.4e-07,135.0,0.0001134
VIB/BTC,1608176205532,2020-12-17T03:36:45.532Z,buy,8.4e-07,135.0,0.0001134
VIB/BTC,1608176205841,2020-12-17T03:36:45.841Z,buy,8.4e-07,135.0,0.0001134
VIB/BTC,1608176856776,2020-12-17T03:47:36.776Z,buy,8.4e-07,2405.0,0.0020202
VIB/BTC,1608177710836,2020-12-17T04:01:50.836Z,buy,8.4e-07,583.0,0.00048972
VIB/BTC,1608177711085,2020-12-17T04:01:51.085Z,buy,8.4e-07,1000.0,0.00084
VIB/BTC,1608177711088,2020-12-17T04:01:51.088Z,buy,8.4e-07,2000.0,0.00168
VIB/BTC,1608177711091,2020-12-17T04:01:51.091Z,buy,8.4e-07,1000.0,0.00084
VIB/BTC,1608177711091,2020-12-17T04:01:51.091Z,buy,8.4e-07,1000.0,0.00084
VIB/BTC,1608178990400,2020-12-17T04:23:10.400Z,sell,8.3e-07,1432.0,0.00118856
VIB/BTC,1608179007207,2020-12-17T04:23:27.207Z,sell,8.2e-07,4435.0,0.0036367
VIB/BTC,1608179045523,2020-12-17T04:24:05.523Z,sell,8.2e-07,2068.0,0.00169576
VIB/BTC,1608179191342,2020-12-17T04:26:31.342Z,sell,8.2e-07,22058.0,0.01808756
VIB/BTC,1608179196633,2020-12-17T04:26:36.633Z,buy,8.3e-07,2791.0,0.00231653
VIB/BTC,1608179220591,2020-12-17T04:27:00.591Z,buy,8.3e-07,1060.0,0.0008798
VIB/BTC,1608179220840,2020-12-17T04:27:00.840Z,buy,8.3e-07,2000.0,0.00166
VIB/BTC,1608179573643,2020-12-17T04:32:53.643Z,buy,8.3e-07,44.0,3.652e-05
VIB/BTC,1608180084293,2020-12-17T04:41:24.293Z,buy,8.3e-07,5604.0,0.00465132
VIB/BTC,1608180084366,2020-12-17T04:41:24.366Z,buy,8.3e-07,3602.0,0.00298966
VIB/BTC,1608180576642,2020-12-17T04:49:36.642Z,buy,8.3e-07,3279.0,0.00272157
VIB/BTC,1608180650438,2020-12-17T04:50:50.438Z,sell,8.2e-07,2640.0,0.0021648
VIB/BTC,1608181100463,2020-12-17T04:58:20.463Z,sell,8.2e-07,241.0,0.00019762
VIB/BTC,1608181100463,2020-12-17T04:58:20.463Z,sell,8.2e-07,241.0,0.00019762
VIB/BTC,1608181383538,2020-12-17T05:03:03.538Z,sell,8.2e-07,4293.0,0.00352026
VIB/BTC,1608181795592,2020-12-17T05:09:55.592Z,buy,8.3e-07,2409.0,0.00199947
VIB/BTC,1608182281053,2020-12-17T05:18:01.053Z,buy,8.3e-07,15210.0,0.0126243
VIB/BTC,1608184679818,2020-12-17T05:57:59.818Z,sell,8.2e-07,241.0,0.00019762
VIB/BTC,1608184680908,2020-12-17T05:58:00.908Z,sell,8.2e-07,216.0,0.0001771199999999
VIB/BTC,1608184683902,2020-12-17T05:58:03.902Z,sell,8.2e-07,4896.0,0.00401472
VIB/BTC,1608184683902,2020-12-17T05:58:03.902Z,sell,8.2e-07,4896.0,0.00401472
VIB/BTC,1608184721477,2020-12-17T05:58:41.477Z,sell,8.2e-07,2489.0,0.00204098
VIB/BTC,1608184753872,2020-12-17T05:59:13.872Z,sell,8.2e-07,1209.0,0.00099138
VIB/BTC,1608184770029,2020-12-17T05:59:30.029Z,sell,8.2e-07,1620.0,0.0013284
VIB/BTC,1608184832199,2020-12-17T06:00:32.199Z,sell,8.2e-07,2599.0,0.00213118
VIB/BTC,1608184832252,2020-12-17T06:00:32.252Z,sell,8.2e-07,3105.0,0.0025461
VIB/BTC,1608185809133,2020-12-17T06:16:49.133Z,buy,8.3e-07,21715.0,0.01802345
VIB/BTC,1608186171128,2020-12-17T06:22:51.128Z,sell,8.2e-07,131.0,0.00010742
VIB/BTC,1608186883318,2020-12-17T06:34:43.318Z,sell,8.2e-07,13932.0,0.01142424
VIB/BTC,1608188086191,2020-12-17T06:54:46.191Z,sell,8.2e-07,18071.0,0.01481822
VIB/BTC,1608188187089,2020-12-17T06:56:27.089Z,sell,8.2e-07,2332.0,0.00191224
VIB/BTC,1608188187089,2020-12-17T06:56:27.089Z,sell,8.2e-07,2332.0,0.00191224
VIB/BTC,1608188383902,2020-12-17T06:59:43.902Z,sell,8.2e-07,6098.0,0.00500036
VIB/BTC,1608188544527,2020-12-17T07:02:24.527Z,sell,8.2e-07,3732.0,0.00306024
VIB/BTC,1608188649963,2020-12-17T07:04:09.963Z,buy,8.3e-07,51000.0,0.04233
VIB/BTC,1608188732424,2020-12-17T07:05:32.424Z,sell,8.2e-07,672.0,0.00055104
VIB/BTC,1608188840430,2020-12-17T07:07:20.430Z,buy,8.3e-07,240722.0,0.19979926
VIB/BTC,1608188915117,2020-12-17T07:08:35.117Z,sell,8.2e-07,2985.0,0.0024477
VIB/BTC,1608189891757,2020-12-17T07:24:51.757Z,buy,8.3e-07,1930.0,0.0016019
VIB/BTC,1608190299781,2020-12-17T07:31:39.781Z,buy,8.3e-07,1324.0,0.00109892
VIB/BTC,1608190386503,2020-12-17T07:33:06.503Z,buy,8.3e-07,12048.0,0.00999984
VIB/BTC,1608190416540,2020-12-17T07:33:36.540Z,sell,8.2e-07,361.0,0.00029602
VIB/BTC,1608190700210,2020-12-17T07:38:20.210Z,buy,8.3e-07,4211.0,0.00349513
VIB/BTC,1608191226631,2020-12-17T07:47:06.631Z,buy,8.3e-07,44.0,3.652e-05
VIB/BTC,1608191438860,2020-12-17T07:50:38.860Z,sell,8.2e-07,209.0,0.00017138
VIB/BTC,1608191448622,2020-12-17T07:50:48.622Z,buy,8.3e-07,34.0,2.822e-05
VIB/BTC,1608191453623,2020-12-17T07:50:53.623Z,buy,8.3e-07,2024.0,0.00167992
VIB/BTC,1608191472624,2020-12-17T07:51:12.624Z,sell,8.2e-07,230.0,0.0001886
VIB/BTC,1608191522659,2020-12-17T07:52:02.659Z,sell,8.2e-07,11166.0,0.00915612
VIB/BTC,1608191522659,2020-12-17T07:52:02.659Z,sell,8.2e-07,11166.0,0.00915612
VIB/BTC,1608192012130,2020-12-17T08:00:12.130Z,buy,8.3e-07,40.0,3.32e-05
VIB/BTC,1608192033862,2020-12-17T08:00:33.862Z,sell,8.2e-07,5828.0,0.00477896
VIB/BTC,1608192067363,2020-12-17T08:01:07.363Z,sell,8.2e-07,18774.0,0.0153946799999999
VIB/BTC,1608192301497,2020-12-17T08:05:01.497Z,sell,8.2e-07,16788.0,0.01376616
VIB/BTC,1608192374297,2020-12-17T08:06:14.297Z,buy,8.2e-07,158.0,0.00012956
VIB/BTC,1608192380606,2020-12-17T08:06:20.606Z,sell,8.1e-07,158.0,0.00012798
VIB/BTC,1608192935156,2020-12-17T08:15:35.156Z,sell,8.1e-07,49055.0,0.03973455
VIB/BTC,1608192936537,2020-12-17T08:15:36.537Z,sell,8.1e-07,140.0,0.0001133999999999
VIB/BTC,1608192936835,2020-12-17T08:15:36.835Z,sell,8.1e-07,13000.0,0.01053
VIB/BTC,1608192966162,2020-12-17T08:16:06.162Z,buy,8.2e-07,198.0,0.0001623599999999
VIB/BTC,1608193143778,2020-12-17T08:19:03.778Z,buy,8.2e-07,39043.0,0.03201526
VIB/BTC,1608193203534,2020-12-17T08:20:03.534Z,buy,8.2e-07,16682.0,0.01367924
VIB/BTC,1608193262271,2020-12-17T08:21:02.271Z,buy,8.2e-07,250.0,0.000205
VIB/BTC,1608193442696,2020-12-17T08:24:02.696Z,sell,8.1e-07,8828.0,0.0071506799999999
VIB/BTC,1608193608683,2020-12-17T08:26:48.683Z,sell,8.1e-07,81527.0,0.06603687
VIB/BTC,1608193608683,2020-12-17T08:26:48.683Z,sell,8e-07,153767.0,0.1230136
VIB/BTC,1608193608683,2020-12-17T08:26:48.683Z,sell,8e-07,2480.0,0.001984
VIB/BTC,1608193608691,2020-12-17T08:26:48.691Z,buy,8e-07,10806.0,0.0086448
VIB/BTC,1608193611041,2020-12-17T08:26:51.041Z,buy,8.1e-07,1219.0,0.0009873899999999
VIB/BTC,1608193612922,2020-12-17T08:26:52.922Z,buy,8.1e-07,1219.0,0.0009873899999999
VIB/BTC,1608193616227,2020-12-17T08:26:56.227Z,buy,8.1e-07,1219.0,0.0009873899999999
VIB/BTC,1608193617994,2020-12-17T08:26:57.994Z,buy,8.1e-07,1219.0,0.0009873899999999
VIB/BTC,1608193619687,2020-12-17T08:26:59.687Z,buy,8.1e-07,1219.0,0.0009873899999999
VIB/BTC,1608193621391,2020-12-17T08:27:01.391Z,buy,8.1e-07,1219.0,0.0009873899999999
VIB/BTC,1608193623180,2020-12-17T08:27:03.180Z,buy,8.1e-07,1219.0,0.0009873899999999
VIB/BTC,1608193624888,2020-12-17T08:27:04.888Z,buy,8.1e-07,1219.0,0.0009873899999999
VIB/BTC,1608193626582,2020-12-17T08:27:06.582Z,buy,8.1e-07,1219.0,0.0009873899999999
VIB/BTC,1608193628281,2020-12-17T08:27:08.281Z,buy,8.1e-07,868.0,0.00070308
VIB/BTC,1608193698108,2020-12-17T08:28:18.108Z,sell,8e-07,3779.0,0.0030231999999999
VIB/BTC,1608193704744,2020-12-17T08:28:24.744Z,buy,8.1e-07,700.0,0.000567
VIB/BTC,1608193713083,2020-12-17T08:28:33.083Z,sell,8e-07,678.0,0.0005424
VIB/BTC,1608193713083,2020-12-17T08:28:33.083Z,sell,7.9e-07,22.0,1.738e-05
VIB/BTC,1608193730163,2020-12-17T08:28:50.163Z,buy,8e-07,1241.0,0.0009928
VIB/BTC,1608193732272,2020-12-17T08:28:52.272Z,buy,8e-07,373.0,0.0002984
VIB/BTC,1608193742279,2020-12-17T08:29:02.279Z,buy,8e-07,11655.0,0.0093239999999999
VIB/BTC,1608193752936,2020-12-17T08:29:12.936Z,buy,8.1e-07,6578.0,0.00532818
VIB/BTC,1608193832140,2020-12-17T08:30:32.140Z,sell,7.9e-07,3100.0,0.002449
VIB/BTC,1608194100617,2020-12-17T08:35:00.617Z,buy,8.1e-07,43.0,3.483e-05
VIB/BTC,1608194175905,2020-12-17T08:36:15.905Z,buy,8.1e-07,28463.0,0.02305503
VIB/BTC,1608194269508,2020-12-17T08:37:49.508Z,buy,8e-07,738180.0,0.590544
VIB/BTC,1608194285692,2020-12-17T08:38:05.692Z,buy,8e-07,479554.0,0.3836431999999999
VIB/BTC,1608194287687,2020-12-17T08:38:07.687Z,buy,8e-07,7645.0,0.006116
VIB/BTC,1608194330639,2020-12-17T08:38:50.639Z,sell,8e-07,1000.0,0.0007999999999999
VIB/BTC,1608194493551,2020-12-17T08:41:33.551Z,buy,8.1e-07,33138.0,0.02684178
VIB/BTC,1608194501202,2020-12-17T08:41:41.202Z,buy,8.1e-07,37.0,2.997e-05
VIB/BTC,1608194505012,2020-12-17T08:41:45.012Z,buy,8.1e-07,736217.0,0.5963357699999999
VIB/BTC,1608194512222,2020-12-17T08:41:52.222Z,buy,8.1e-07,45962.0,0.03722922
VIB/BTC,1608194522246,2020-12-17T08:42:02.246Z,buy,8.1e-07,34509.0,0.0279522899999999
VIB/BTC,1608194528020,2020-12-17T08:42:08.020Z,buy,8.1e-07,13464.0,0.01090584
VIB/BTC,1608194554731,2020-12-17T08:42:34.731Z,sell,8e-07,55774.0,0.0446192
VIB/BTC,1608194555229,2020-12-17T08:42:35.229Z,buy,8e-07,303600.0,0.2428799999999999
VIB/BTC,1608194565063,2020-12-17T08:42:45.063Z,sell,8e-07,30403.0,0.0243223999999999
VIB/BTC,1608194565374,2020-12-17T08:42:45.374Z,buy,8e-07,408756.0,0.3270048
VIB/BTC,1608194580448,2020-12-17T08:43:00.448Z,buy,8.1e-07,147.0,0.00011907
VIB/BTC,1608194580788,2020-12-17T08:43:00.788Z,sell,8e-07,7443.0,0.0059543999999999
VIB/BTC,1608194688905,2020-12-17T08:44:48.905Z,sell,8e-07,17293.0,0.0138344
VIB/BTC,1608194688928,2020-12-17T08:44:48.928Z,buy,8e-07,1000.0,0.0007999999999999
VIB/BTC,1608194688933,2020-12-17T08:44:48.933Z,buy,8e-07,1003.0,0.0008024
VIB/BTC,1608194689358,2020-12-17T08:44:49.358Z,buy,8e-07,723953.0,0.5791624
VIB/BTC,1608194700459,2020-12-17T08:45:00.459Z,sell,8e-07,105753.0,0.0846024
VIB/BTC,1608194700879,2020-12-17T08:45:00.879Z,buy,8e-07,346163.0,0.2769303999999999
VIB/BTC,1608194705500,2020-12-17T08:45:05.500Z,sell,8e-07,1368.0,0.0010944
VIB/BTC,1608194717499,2020-12-17T08:45:17.499Z,sell,8e-07,52660.0,0.042128
VIB/BTC,1608194747282,2020-12-17T08:45:47.282Z,sell,8e-07,78716.0,0.0629728
VIB/BTC,1608194747709,2020-12-17T08:45:47.709Z,buy,8e-07,579529.0,0.4636231999999999
VIB/BTC,1608194772020,2020-12-17T08:46:12.020Z,buy,8.1e-07,4309.0,0.00349029
VIB/BTC,1608194776605,2020-12-17T08:46:16.605Z,buy,8.1e-07,1021.0,0.00082701
VIB/BTC,1608194782818,2020-12-17T08:46:22.818Z,buy,8.1e-07,685.0,0.00055485
VIB/BTC,1608194788650,2020-12-17T08:46:28.650Z,buy,8.1e-07,928.0,0.00075168
VIB/BTC,1608194792822,2020-12-17T08:46:32.822Z,buy,8.1e-07,769.0,0.00062289
VIB/BTC,1608194798231,2020-12-17T08:46:38.231Z,buy,8.1e-07,563.0,0.00045603
VIB/BTC,1608194798231,2020-12-17T08:46:38.231Z,buy,8.1e-07,563.0,0.00045603
VIB/BTC,1608195323304,2020-12-17T08:55:23.304Z,sell,8e-07,18512.0,0.0148096
VIB/BTC,1608195329635,2020-12-17T08:55:29.635Z,sell,8e-07,240481.0,0.1923848
VIB/BTC,1608195330418,2020-12-17T08:55:30.418Z,sell,8e-07,17957.0,0.0143656
VIB/BTC,1608195371598,2020-12-17T08:56:11.598Z,buy,8.1e-07,53373.0,0.04323213
VIB/BTC,1608195374696,2020-12-17T08:56:14.696Z,buy,8.1e-07,66895.0,0.0541849499999999
VIB/BTC,1608195413652,2020-12-17T08:56:53.652Z,buy,8.1e-07,33392.0,0.02704752
VIB/BTC,1608195477551,2020-12-17T08:57:57.551Z,sell,8e-07,64829.0,0.0518632
VIB/BTC,1608195484349,2020-12-17T08:58:04.349Z,sell,8e-07,168.0,0.0001344
VIB/BTC,1608195509604,2020-12-17T08:58:29.604Z,buy,8.1e-07,616656.0,0.49949136
VIB/BTC,1608195521423,2020-12-17T08:58:41.423Z,buy,8.1e-07,515131.0,0.41725611
VIB/BTC,1608195539776,2020-12-17T08:58:59.776Z,buy,8.1e-07,15102.0,0.01223262
VIB/BTC,1608195546091,2020-12-17T08:59:06.091Z,buy,8.1e-07,7551.0,0.00611631
VIB/BTC,1608195561814,2020-12-17T08:59:21.814Z,buy,8.1e-07,9852.0,0.00798012
VIB/BTC,1608195568134,2020-12-17T08:59:28.134Z,buy,8.1e-07,4875.0,0.00394875
VIB/BTC,1608195573588,2020-12-17T08:59:33.588Z,buy,8.1e-07,3641.0,0.00294921
VIB/BTC,1608195579599,2020-12-17T08:59:39.599Z,buy,8.1e-07,3324.0,0.00269244
VIB/BTC,1608195584620,2020-12-17T08:59:44.620Z,buy,8.1e-07,5784.0,0.00468504
VIB/BTC,1608195594065,2020-12-17T08:59:54.065Z,buy,8.1e-07,847.0,0.00068607
VIB/BTC,1608195720302,2020-12-17T09:02:00.302Z,sell,8e-07,36112.0,0.0288895999999999
VIB/BTC,1608195774343,2020-12-17T09:02:54.343Z,sell,8e-07,54656.0,0.0437248
VIB/BTC,1608195873067,2020-12-17T09:04:33.067Z,sell,8e-07,4617.0,0.0036936
VIB/BTC,1608196077818,2020-12-17T09:07:57.818Z,sell,8e-07,72402.0,0.0579216
VIB/BTC,1608196098453,2020-12-17T09:08:18.453Z,sell,8e-07,13099.0,0.0104792
VIB/BTC,1608196125577,2020-12-17T09:08:45.577Z,buy,8e-07,3950.0,0.00316
VIB/BTC,1608196235106,2020-12-17T09:10:35.106Z,sell,7.9e-07,158569.0,0.12526951
VIB/BTC,1608196235122,2020-12-17T09:10:35.122Z,buy,7.9e-07,1619.0,0.00127901
VIB/BTC,1608196235397,2020-12-17T09:10:35.397Z,buy,7.9e-07,411.0,0.00032469
VIB/BTC,1608196235648,2020-12-17T09:10:35.648Z,buy,7.9e-07,1392.0,0.00109968
VIB/BTC,1608196267870,2020-12-17T09:11:07.870Z,buy,7.9e-07,127.0,0.00010033
VIB/BTC,1608196288182,2020-12-17T09:11:28.182Z,sell,7.8e-07,3812.0,0.00297336
VIB/BTC,1608196289492,2020-12-17T09:11:29.492Z,sell,7.8e-07,37701.0,0.02940678
VIB/BTC,1608196312974,2020-12-17T09:11:52.974Z,sell,7.8e-07,12048.0,0.00939744
VIB/BTC,1608196334636,2020-12-17T09:12:14.636Z,sell,7.8e-07,32736.0,0.02553408
VIB/BTC,1608196334653,2020-12-17T09:12:14.653Z,buy,7.8e-07,1000.0,0.00078
VIB/BTC,1608196334653,2020-12-17T09:12:14.653Z,buy,7.8e-07,1004.0,0.00078312
VIB/BTC,1608196342551,2020-12-17T09:12:22.551Z,buy,7.8e-07,7231.0,0.00564018
VIB/BTC,1608196345904,2020-12-17T09:12:25.904Z,buy,7.8e-07,2826.0,0.00220428
VIB/BTC,1608196357739,2020-12-17T09:12:37.739Z,buy,7.8e-07,129.0,0.00010062
VIB/BTC,1608196448027,2020-12-17T09:14:08.027Z,buy,7.8e-07,129.0,0.00010062
VIB/BTC,1608196494087,2020-12-17T09:14:54.087Z,sell,7.7e-07,52198.0,0.04019246
VIB/BTC,1608196494087,2020-12-17T09:14:54.087Z,sell,7.7e-07,1176.0,0.00090552
VIB/BTC,1608196510521,2020-12-17T09:15:10.521Z,sell,7.7e-07,112268.0,0.08644636
VIB/BTC,1608196514501,2020-12-17T09:15:14.501Z,sell,7.7e-07,1364.0,0.00105028
VIB/BTC,1608196611864,2020-12-17T09:16:51.864Z,sell,7.7e-07,13665.0,0.01052205
VIB/BTC,1608196611956,2020-12-17T09:16:51.956Z,buy,7.7e-07,1002.0,0.00077154
VIB/BTC,1608196612006,2020-12-17T09:16:52.006Z,buy,7.7e-07,1000.0,0.00077
VIB/BTC,1608196612045,2020-12-17T09:16:52.045Z,buy,7.7e-07,10422.0,0.00802494
VIB/BTC,1608196612253,2020-12-17T09:16:52.253Z,buy,7.7e-07,1002.0,0.00077154
VIB/BTC,1608196612396,2020-12-17T09:16:52.396Z,buy,7.7e-07,1000.0,0.00077
VIB/BTC,1608196612920,2020-12-17T09:16:52.920Z,buy,7.7e-07,688702.0,0.53030054
VIB/BTC,1608196721335,2020-12-17T09:18:41.335Z,sell,7.7e-07,34893.0,0.02686761
VIB/BTC,1608196738089,2020-12-17T09:18:58.089Z,sell,7.7e-07,11870.0,0.0091399
VIB/BTC,1608196738871,2020-12-17T09:18:58.871Z,buy,7.8e-07,215.0,0.0001677
VIB/BTC,1608196753907,2020-12-17T09:19:13.907Z,sell,7.7e-07,262.0,0.00020174
VIB/BTC,1608196794436,2020-12-17T09:19:54.436Z,sell,7.7e-07,1345.0,0.00103565
VIB/BTC,1608196835564,2020-12-17T09:20:35.564Z,sell,7.7e-07,44404.0,0.03419108
VIB/BTC,1608196835579,2020-12-17T09:20:35.579Z,buy,7.7e-07,7513.0,0.00578501
VIB/BTC,1608196874124,2020-12-17T09:21:14.124Z,sell,7.6e-07,3990.0,0.0030324
VIB/BTC,1608196874124,2020-12-17T09:21:14.124Z,sell,7.6e-07,250.0,0.00019
VIB/BTC,1608196911733,2020-12-17T09:21:51.733Z,buy,7.7e-07,654.0,0.00050358
VIB/BTC,1608196913413,2020-12-17T09:21:53.413Z,buy,7.7e-07,2352.0,0.00181104
VIB/BTC,1608196949540,2020-12-17T09:22:29.540Z,buy,7.7e-07,130.0,0.0001001
VIB/BTC,1608196990437,2020-12-17T09:23:10.437Z,buy,7.7e-07,6493.0,0.00499961
VIB/BTC,1608196991321,2020-12-17T09:23:11.321Z,buy,7.7e-07,5469.0,0.00421113
VIB/BTC,1608196993154,2020-12-17T09:23:13.154Z,buy,7.7e-07,2130.0,0.0016401
VIB/BTC,1608197050858,2020-12-17T09:24:10.858Z,buy,7.7e-07,1380.0,0.0010626
VIB/BTC,1608197051072,2020-12-17T09:24:11.072Z,buy,7.7e-07,2768.0,0.00213136
VIB/BTC,1608197051316,2020-12-17T09:24:11.316Z,buy,7.7e-07,1346.0,0.00103642
VIB/BTC,1608197051564,2020-12-17T09:24:11.564Z,buy,7.7e-07,1689.0,0.00130053
VIB/BTC,1608197051675,2020-12-17T09:24:11.675Z,buy,7.7e-07,654.0,0.00050358
VIB/BTC,1608197053549,2020-12-17T09:24:13.549Z,buy,7.7e-07,1739.0,0.00133903
VIB/BTC,1608197056479,2020-12-17T09:24:16.479Z,buy,7.7e-07,1739.0,0.00133903
VIB/BTC,1608197059509,2020-12-17T09:24:19.509Z,buy,7.7e-07,1739.0,0.00133903
VIB/BTC,1608197067528,2020-12-17T09:24:27.528Z,buy,7.7e-07,2501.0,0.00192577
VIB/BTC,1608197077346,2020-12-17T09:24:37.346Z,buy,7.7e-07,46842.0,0.03606834
VIB/BTC,1608197084633,2020-12-17T09:24:44.633Z,buy,7.7e-07,347.0,0.00026719
VIB/BTC,1608197095425,2020-12-17T09:24:55.425Z,buy,7.7e-07,5675.0,0.00436975
VIB/BTC,1608197098982,2020-12-17T09:24:58.982Z,buy,7.7e-07,8832.0,0.00680064
VIB/BTC,1608197100083,2020-12-17T09:25:00.083Z,buy,7.7e-07,2446.0,0.00188342
VIB/BTC,1608197112955,2020-12-17T09:25:12.955Z,buy,7.7e-07,4416.0,0.00340032
VIB/BTC,1608197137464,2020-12-17T09:25:37.464Z,buy,7.7e-07,3975.0,0.00306075
VIB/BTC,1608197149845,2020-12-17T09:25:49.845Z,buy,7.7e-07,336.0,0.00025872
VIB/BTC,1608197304006,2020-12-17T09:28:24.006Z,buy,7.7e-07,43.0,3.311e-05
VIB/BTC,1608197381521,2020-12-17T09:29:41.521Z,buy,7.7e-07,850.0,0.0006545
VIB/BTC,1608197424692,2020-12-17T09:30:24.692Z,buy,7.7e-07,1445.0,0.00111265
VIB/BTC,1608197424695,2020-12-17T09:30:24.695Z,buy,7.7e-07,20446.0,0.01574342
VIB/BTC,1608197424696,2020-12-17T09:30:24.696Z,buy,7.7e-07,10816.0,0.00832832
VIB/BTC,1608197424701,2020-12-17T09:30:24.701Z,buy,7.7e-07,20446.0,0.01574342
VIB/BTC,1608197424737,2020-12-17T09:30:24.737Z,buy,7.7e-07,4614.0,0.00355278
VIB/BTC,1608197725638,2020-12-17T09:35:25.638Z,sell,7.6e-07,284.0,0.00021584
VIB/BTC,1608197769821,2020-12-17T09:36:09.821Z,buy,7.7e-07,42.0,3.234e-05
VIB/BTC,1608197821703,2020-12-17T09:37:01.703Z,buy,7.7e-07,176760.0,0.1361052
VIB/BTC,1608197839021,2020-12-17T09:37:19.021Z,buy,7.7e-07,141705.0,0.10911285
VIB/BTC,1608197929550,2020-12-17T09:38:49.550Z,buy,7.7e-07,5564.0,0.00428428
VIB/BTC,1608197950388,2020-12-17T09:39:10.388Z,buy,7.8e-07,6355.0,0.0049569
VIB/BTC,1608197950446,2020-12-17T09:39:10.446Z,buy,7.8e-07,361.0,0.00028158
VIB/BTC,1608197994551,2020-12-17T09:39:54.551Z,buy,7.8e-07,16438.0,0.01282164
VIB/BTC,1608198020311,2020-12-17T09:40:20.311Z,buy,7.8e-07,10285.0,0.0080223
VIB/BTC,1608198036773,2020-12-17T09:40:36.773Z,sell,7.7e-07,3100.0,0.002387
VIB/BTC,1608198039502,2020-12-17T09:40:39.502Z,buy,7.8e-07,42232.0,0.03294096
VIB/BTC,1608198047245,2020-12-17T09:40:47.245Z,buy,7.8e-07,3884.0,0.00302952
VIB/BTC,1608198055531,2020-12-17T09:40:55.531Z,buy,7.8e-07,2891.0,0.00225498
VIB/BTC,1608198090724,2020-12-17T09:41:30.724Z,buy,7.9e-07,5325.0,0.0042067499999999
VIB/BTC,1608198132646,2020-12-17T09:42:12.646Z,sell,7.8e-07,1227.0,0.00095706
VIB/BTC,1608198307133,2020-12-17T09:45:07.133Z,sell,7.9e-07,1226.0,0.0009685399999999
VIB/BTC,1608198367942,2020-12-17T09:46:07.942Z,sell,7.9e-07,130.0,0.0001026999999999
VIB/BTC,1608198367942,2020-12-17T09:46:07.942Z,sell,7.9e-07,130.0,0.0001026999999999
VIB/BTC,1608198496971,2020-12-17T09:48:16.971Z,buy,8e-07,125.0,0.0001
VIB/BTC,1608198539041,2020-12-17T09:48:59.041Z,buy,8e-07,3000.0,0.0024
VIB/BTC,1608198634709,2020-12-17T09:50:34.709Z,buy,8e-07,36864.0,0.0294912
VIB/BTC,1608198696903,2020-12-17T09:51:36.903Z,buy,8e-07,1194.0,0.0009551999999999
VIB/BTC,1608198709378,2020-12-17T09:51:49.378Z,buy,8e-07,36.0,2.88e-05
VIB/BTC,1608198733415,2020-12-17T09:52:13.415Z,buy,8e-07,1252.0,0.0010016
VIB/BTC,1608198791033,2020-12-17T09:53:11.033Z,buy,8e-07,1570.0,0.001256
VIB/BTC,1608198827501,2020-12-17T09:53:47.501Z,sell,7.9e-07,170.0,0.0001342999999999
VIB/BTC,1608198841270,2020-12-17T09:54:01.270Z,sell,7.9e-07,2269.0,0.00179251
VIB/BTC,1608198842259,2020-12-17T09:54:02.259Z,sell,7.9e-07,4308.0,0.0034033199999999
VIB/BTC,1608198940013,2020-12-17T09:55:40.013Z,sell,7.9e-07,168.0,0.00013272
VIB/BTC,1608198964141,2020-12-17T09:56:04.141Z,sell,7.9e-07,347.0,0.00027413
VIB/BTC,1608199183181,2020-12-17T09:59:43.181Z,buy,8e-07,1266.0,0.0010128
VIB/BTC,1608199281448,2020-12-17T10:01:21.448Z,buy,8e-07,25213.0,0.0201703999999999
VIB/BTC,1608199287406,2020-12-17T10:01:27.406Z,buy,8e-07,9184.0,0.0073472
VIB/BTC,1608199297014,2020-12-17T10:01:37.014Z,buy,8e-07,12472.0,0.0099776
VIB/BTC,1608199333104,2020-12-17T10:02:13.104Z,buy,8e-07,127.0,0.0001015999999999
VIB/BTC,1608199333113,2020-12-17T10:02:13.113Z,buy,8.1e-07,38.0,3.078e-05
VIB/BTC,1608199333517,2020-12-17T10:02:13.517Z,sell,8e-07,1067.0,0.0008535999999999
VIB/BTC,1608199333832,2020-12-17T10:02:13.832Z,sell,8e-07,2247.0,0.0017976
VIB/BTC,1608199437971,2020-12-17T10:03:57.971Z,buy,8.1e-07,22269.0,0.01803789
VIB/BTC,1608199635837,2020-12-17T10:07:15.837Z,buy,8.1e-07,33718.0,0.02731158
VIB/BTC,1608199844196,2020-12-17T10:10:44.196Z,sell,8e-07,154.0,0.0001231999999999
VIB/BTC,1608199853044,2020-12-17T10:10:53.044Z,buy,8.1e-07,24639.0,0.01995759
VIB/BTC,1608199863249,2020-12-17T10:11:03.249Z,buy,8.1e-07,24639.0,0.01995759
VIB/BTC,1608199929400,2020-12-17T10:12:09.400Z,buy,8.1e-07,33007.0,0.02673567
VIB/BTC,1608199930406,2020-12-17T10:12:10.406Z,buy,8.1e-07,14645.0,0.01186245
VIB/BTC,1608199960730,2020-12-17T10:12:40.730Z,sell,8e-07,361.0,0.0002887999999999
VIB/BTC,1608200002418,2020-12-17T10:13:22.418Z,sell,8e-07,219601.0,0.1756808
VIB/BTC,1608200252988,2020-12-17T10:17:32.988Z,buy,8.1e-07,9021.0,0.00730701
VIB/BTC,1608200379401,2020-12-17T10:19:39.401Z,sell,8e-07,1375.0,0.0010999999999999
VIB/BTC,1608200643311,2020-12-17T10:24:03.311Z,buy,8.2e-07,1970.0,0.0016154
VIB/BTC,1608200643840,2020-12-17T10:24:03.840Z,buy,8.2e-07,5942.0,0.00487244
VIB/BTC,1608200696901,2020-12-17T10:24:56.901Z,sell,8.1e-07,4960.0,0.0040176
VIB/BTC,1608201038787,2020-12-17T10:30:38.787Z,buy,8.2e-07,1221.0,0.00100122
VIB/BTC,1608201195879,2020-12-17T10:33:15.879Z,buy,8.2e-07,103554.0,0.08491428
VIB/BTC,1608201212715,2020-12-17T10:33:32.715Z,buy,8.2e-07,58865.0,0.0482693
VIB/BTC,1608201327092,2020-12-17T10:35:27.092Z,buy,8.2e-07,124.0,0.00010168
VIB/BTC,1608201490252,2020-12-17T10:38:10.252Z,sell,8.1e-07,45247.0,0.03665007
VIB/BTC,1608201585179,2020-12-17T10:39:45.179Z,sell,8.1e-07,5503.0,0.00445743
VIB/BTC,1608201791580,2020-12-17T10:43:11.580Z,sell,8.1e-07,218.0,0.00017658
VIB/BTC,1608201840565,2020-12-17T10:44:00.565Z,sell,8.1e-07,31711.0,0.02568591
VIB/BTC,1608201840565,2020-12-17T10:44:00.565Z,sell,8.1e-07,31711.0,0.02568591
VIB/BTC,1608202558698,2020-12-17T10:55:58.698Z,sell,8.1e-07,20055.0,0.01624455
VIB/BTC,1608202575285,2020-12-17T10:56:15.285Z,buy,8.2e-07,2887.0,0.00236734
VIB/BTC,1608202613185,2020-12-17T10:56:53.185Z,buy,8.2e-07,646.0,0.00052972
VIB/BTC,1608203109750,2020-12-17T11:05:09.750Z,buy,8.2e-07,25715.0,0.0210863
VIB/BTC,1608203296030,2020-12-17T11:08:16.030Z,buy,8.2e-07,1408.0,0.00115456
VIB/BTC,1608203571495,2020-12-17T11:12:51.495Z,buy,8.2e-07,37.0,3.034e-05
VIB/BTC,1608203621769,2020-12-17T11:13:41.769Z,sell,8.1e-07,28435.0,0.02303235
VIB/BTC,1608203637734,2020-12-17T11:13:57.734Z,sell,8.1e-07,1221.0,0.00098901
VIB/BTC,1608203638669,2020-12-17T11:13:58.669Z,sell,8.1e-07,1770.0,0.0014337
VIB/BTC,1608203645972,2020-12-17T11:14:05.972Z,sell,8.1e-07,2501.0,0.00202581
VIB/BTC,1608203646147,2020-12-17T11:14:06.147Z,sell,8.1e-07,2355.0,0.00190755
VIB/BTC,1608204560106,2020-12-17T11:29:20.106Z,sell,8.1e-07,8438.0,0.0068347799999999
VIB/BTC,1608204796087,2020-12-17T11:33:16.087Z,buy,8.2e-07,3396.0,0.00278472
VIB/BTC,1608205057425,2020-12-17T11:37:37.425Z,sell,8.1e-07,5978.0,0.00484218
VIB/BTC,1608205057425,2020-12-17T11:37:37.425Z,sell,8.1e-07,12968.0,0.0105040799999999
VIB/BTC,1608205057494,2020-12-17T11:37:37.494Z,buy,8.2e-07,34.0,2.788e-05
VIB/BTC,1608205057494,2020-12-17T11:37:37.494Z,buy,8.2e-07,34.0,2.788e-05
VIB/BTC,1608206365886,2020-12-17T11:59:25.886Z,sell,8.1e-07,148.0,0.00011988
VIB/BTC,1608206495727,2020-12-17T12:01:35.727Z,sell,8.1e-07,2925.0,0.00236925
VIB/BTC,1608206495801,2020-12-17T12:01:35.801Z,buy,8.1e-07,3871.0,0.0031355099999999
VIB/BTC,1608206513515,2020-12-17T12:01:53.515Z,buy,8.1e-07,224.0,0.00018144
VIB/BTC,1608206535529,2020-12-17T12:02:15.529Z,sell,8e-07,39426.0,0.0315408
VIB/BTC,1608206535535,2020-12-17T12:02:15.535Z,buy,8e-07,11611.0,0.0092888
VIB/BTC,1608206535544,2020-12-17T12:02:15.544Z,buy,8e-07,749.0,0.0005991999999999
VIB/BTC,1608206549740,2020-12-17T12:02:29.740Z,sell,7.9e-07,103346.0,0.08164334
VIB/BTC,1608206738097,2020-12-17T12:05:38.097Z,buy,8e-07,149.0,0.0001192
VIB/BTC,1608206762298,2020-12-17T12:06:02.298Z,buy,8e-07,19588.0,0.0156704
VIB/BTC,1608207235044,2020-12-17T12:13:55.044Z,sell,7.9e-07,466.0,0.00036814
VIB/BTC,1608207615020,2020-12-17T12:20:15.020Z,buy,8e-07,4875.0,0.0039
VIB/BTC,1608207629735,2020-12-17T12:20:29.735Z,buy,8e-07,133.0,0.0001064
VIB/BTC,1608207766701,2020-12-17T12:22:46.701Z,buy,8e-07,300.0,0.0002399999999999
VIB/BTC,1608207992502,2020-12-17T12:26:32.502Z,buy,8e-07,7303.0,0.0058423999999999
VIB/BTC,1608208255177,2020-12-17T12:30:55.177Z,buy,8e-07,208.0,0.0001663999999999
VIB/BTC,1608208306669,2020-12-17T12:31:46.669Z,buy,8e-07,529825.0,0.4238599999999999
VIB/BTC,1608208306689,2020-12-17T12:31:46.689Z,sell,8e-07,1396.0,0.0011168
VIB/BTC,1608208322408,2020-12-17T12:32:02.408Z,buy,8.1e-07,98872.0,0.08008632
VIB/BTC,1608208322526,2020-12-17T12:32:02.526Z,buy,8.1e-07,4724.0,0.00382644
VIB/BTC,1608208326314,2020-12-17T12:32:06.314Z,buy,8.1e-07,99422.0,0.08053182
VIB/BTC,1608208336877,2020-12-17T12:32:16.877Z,buy,8.2e-07,131.0,0.00010742
VIB/BTC,1608208346590,2020-12-17T12:32:26.590Z,sell,8.1e-07,3682.0,0.00298242
VIB/BTC,1608208346782,2020-12-17T12:32:26.782Z,sell,8.1e-07,2166.0,0.00175446
VIB/BTC,1608208355690,2020-12-17T12:32:35.690Z,buy,8.2e-07,131.0,0.00010742
VIB/BTC,1608208355690,2020-12-17T12:32:35.690Z,buy,8.2e-07,131.0,0.00010742
VIB/BTC,1608208676931,2020-12-17T12:37:56.931Z,sell,8.1e-07,148.0,0.00011988
VIB/BTC,1608208681268,2020-12-17T12:38:01.268Z,sell,8.1e-07,11484.0,0.00930204
VIB/BTC,1608208786094,2020-12-17T12:39:46.094Z,buy,8.2e-07,131.0,0.00010742
VIB/BTC,1608209302106,2020-12-17T12:48:22.106Z,sell,8.1e-07,200.0,0.000162
VIB/BTC,1608209576472,2020-12-17T12:52:56.472Z,sell,8.1e-07,7001.0,0.00567081
VIB/BTC,1608209577029,2020-12-17T12:52:57.029Z,sell,8.1e-07,8962.0,0.0072592199999999
VIB/BTC,1608209577047,2020-12-17T12:52:57.047Z,sell,8.1e-07,457.0,0.00037017
VIB/BTC,1608209577049,2020-12-17T12:52:57.049Z,sell,8.1e-07,457.0,0.00037017
VIB/BTC,1608209577288,2020-12-17T12:52:57.288Z,sell,8.1e-07,7607.0,0.00616167
VIB/BTC,1608209581011,2020-12-17T12:53:01.011Z,sell,8.1e-07,20396.0,0.01652076
VIB/BTC,1608209615188,2020-12-17T12:53:35.188Z,buy,8.2e-07,212.0,0.00017384
VIB/BTC,1608209623548,2020-12-17T12:53:43.548Z,sell,8.1e-07,872.0,0.00070632
VIB/BTC,1608209821492,2020-12-17T12:57:01.492Z,sell,8.1e-07,28597.0,0.0231635699999999
VIB/BTC,1608209829224,2020-12-17T12:57:09.224Z,sell,8.1e-07,9192.0,0.00744552
VIB/BTC,1608210445741,2020-12-17T13:07:25.741Z,sell,8e-07,3736.0,0.0029888
VIB/BTC,1608210483309,2020-12-17T13:08:03.309Z,sell,8e-07,11444.0,0.0091551999999999
VIB/BTC,1608210498873,2020-12-17T13:08:18.873Z,buy,8e-07,58642.0,0.0469136
VIB/BTC,1608210501846,2020-12-17T13:08:21.846Z,sell,8e-07,53229.0,0.0425831999999999
VIB/BTC,1608210503934,2020-12-17T13:08:23.934Z,buy,8.1e-07,222.0,0.00017982
VIB/BTC,1608210679299,2020-12-17T13:11:19.299Z,buy,8.1e-07,1313.0,0.00106353
VIB/BTC,1608210782888,2020-12-17T13:13:02.888Z,buy,8.1e-07,1219.0,0.0009873899999999
VIB/BTC,1608210843966,2020-12-17T13:14:03.966Z,buy,8.1e-07,1137.0,0.00092097
VIB/BTC,1608210845536,2020-12-17T13:14:05.536Z,buy,8.1e-07,767.0,0.0006212699999999
VIB/BTC,1608210845550,2020-12-17T13:14:05.550Z,buy,8.1e-07,1940.0,0.0015714
VIB/BTC,1608210847115,2020-12-17T13:14:07.115Z,buy,8.1e-07,758.0,0.00061398
VIB/BTC,1608210847122,2020-12-17T13:14:07.122Z,buy,8.1e-07,1693.0,0.00137133
VIB/BTC,1608210848713,2020-12-17T13:14:08.713Z,buy,8.1e-07,816.0,0.0006609599999999
VIB/BTC,1608210850267,2020-12-17T13:14:10.267Z,buy,8.1e-07,1430.0,0.0011583
VIB/BTC,1608210850287,2020-12-17T13:14:10.287Z,buy,8.1e-07,1873.0,0.00151713
VIB/BTC,1608210851830,2020-12-17T13:14:11.830Z,buy,8.1e-07,1109.0,0.0008982899999999
VIB/BTC,1608210851871,2020-12-17T13:14:11.871Z,buy,8.1e-07,814.0,0.00065934
VIB/BTC,1608210853431,2020-12-17T13:14:13.431Z,buy,8.1e-07,1981.0,0.00160461
VIB/BTC,1608210853431,2020-12-17T13:14:13.431Z,buy,8.1e-07,1926.0,0.00156006
VIB/BTC,1608210855040,2020-12-17T13:14:15.040Z,buy,8.1e-07,1373.0,0.00111213
VIB/BTC,1608210855044,2020-12-17T13:14:15.044Z,buy,8.1e-07,1455.0,0.00117855
VIB/BTC,1608210856647,2020-12-17T13:14:16.647Z,buy,8.1e-07,1525.0,0.00123525
VIB/BTC,1608210858191,2020-12-17T13:14:18.191Z,buy,8.1e-07,1017.0,0.0008237699999999
VIB/BTC,1608210858223,2020-12-17T13:14:18.223Z,buy,8.1e-07,204.0,0.0001652399999999
VIB/BTC,1608210859808,2020-12-17T13:14:19.808Z,buy,8.1e-07,290.0,0.0002349
VIB/BTC,1608210861356,2020-12-17T13:14:21.356Z,buy,8.1e-07,666.0,0.00053946
VIB/BTC,1608210861387,2020-12-17T13:14:21.387Z,buy,8.1e-07,136.0,0.00011016
VIB/BTC,1608210862946,2020-12-17T13:14:22.946Z,buy,8.1e-07,1510.0,0.0012231
VIB/BTC,1608210862953,2020-12-17T13:14:22.953Z,buy,8.1e-07,1464.0,0.0011858399999999
VIB/BTC,1608210864505,2020-12-17T13:14:24.505Z,buy,8.1e-07,1497.0,0.00121257
VIB/BTC,1608210864545,2020-12-17T13:14:24.545Z,buy,8.1e-07,1479.0,0.00119799
VIB/BTC,1608210864936,2020-12-17T13:14:24.936Z,buy,8.1e-07,16514.0,0.0133763399999999
VIB/BTC,1608210866073,2020-12-17T13:14:26.073Z,buy,8.1e-07,1222.0,0.00098982
VIB/BTC,1608210866512,2020-12-17T13:14:26.512Z,buy,8.1e-07,8817.0,0.0071417699999999
VIB/BTC,1608210866541,2020-12-17T13:14:26.541Z,buy,8.1e-07,1716.0,0.00138996
VIB/BTC,1608210867686,2020-12-17T13:14:27.686Z,buy,8.1e-07,1062.0,0.00086022
VIB/BTC,1608210868086,2020-12-17T13:14:28.086Z,buy,8.1e-07,17750.0,0.0143775
VIB/BTC,1608210868116,2020-12-17T13:14:28.116Z,buy,8.1e-07,799.0,0.00064719
VIB/BTC,1608210869265,2020-12-17T13:14:29.265Z,buy,8.1e-07,1982.0,0.00160542
VIB/BTC,1608210869698,2020-12-17T13:14:29.698Z,buy,8.1e-07,13148.0,0.01064988
VIB/BTC,1608210869729,2020-12-17T13:14:29.729Z,buy,8.1e-07,670.0,0.0005427
VIB/BTC,1608210870878,2020-12-17T13:14:30.878Z,buy,8.1e-07,1696.0,0.00137376
VIB/BTC,1608210871275,2020-12-17T13:14:31.275Z,buy,8.1e-07,10771.0,0.00872451
VIB/BTC,1608210871292,2020-12-17T13:14:31.292Z,buy,8.1e-07,1564.0,0.00126684
VIB/BTC,1608210871976,2020-12-17T13:14:31.976Z,buy,8.1e-07,282176.0,0.22856256
VIB/BTC,1608210872472,2020-12-17T13:14:32.472Z,buy,8.1e-07,237.0,0.00019197
VIB/BTC,1608210872860,2020-12-17T13:14:32.860Z,buy,8.1e-07,2781.0,0.00225261
VIB/BTC,1608210872868,2020-12-17T13:14:32.868Z,buy,8.1e-07,1141.0,0.00092421
VIB/BTC,1608210874174,2020-12-17T13:14:34.174Z,buy,8.1e-07,616.0,0.00049896
VIB/BTC,1608210874427,2020-12-17T13:14:34.427Z,buy,8.1e-07,13139.0,0.01064259
VIB/BTC,1608210875258,2020-12-17T13:14:35.258Z,buy,8.1e-07,155522.0,0.1259728199999999
VIB/BTC,1608210875268,2020-12-17T13:14:35.268Z,sell,8.1e-07,21743.0,0.01761183
VIB/BTC,1608210875278,2020-12-17T13:14:35.278Z,sell,8.1e-07,10043.0,0.00813483
VIB/BTC,1608210875293,2020-12-17T13:14:35.293Z,sell,8.1e-07,21743.0,0.01761183
VIB/BTC,1608210875782,2020-12-17T13:14:35.782Z,buy,8.2e-07,1931.0,0.0015834199999999
VIB/BTC,1608210875999,2020-12-17T13:14:35.999Z,buy,8.2e-07,1332.0,0.00109224
VIB/BTC,1608210876037,2020-12-17T13:14:36.037Z,buy,8.2e-07,11943.0,0.00979326
VIB/BTC,1608210877594,2020-12-17T13:14:37.594Z,buy,8.2e-07,793.0,0.0006502599999999
VIB/BTC,1608210877630,2020-12-17T13:14:37.630Z,buy,8.2e-07,19405.0,0.0159121
VIB/BTC,1608210878931,2020-12-17T13:14:38.931Z,buy,8.2e-07,1566.0,0.00128412
VIB/BTC,1608210879613,2020-12-17T13:14:39.613Z,buy,8.2e-07,11442.0,0.00938244
VIB/BTC,1608210879619,2020-12-17T13:14:39.619Z,buy,8.2e-07,727.0,0.00059614
VIB/BTC,1608210880959,2020-12-17T13:14:40.959Z,buy,8.2e-07,1754.0,0.00143828
VIB/BTC,1608210881168,2020-12-17T13:14:41.168Z,buy,8.2e-07,4901.0,0.00401882
VIB/BTC,1608210881600,2020-12-17T13:14:41.600Z,buy,8.2e-07,541.0,0.00044362
VIB/BTC,1608210882585,2020-12-17T13:14:42.585Z,buy,8.2e-07,1814.0,0.00148748
VIB/BTC,1608210882759,2020-12-17T13:14:42.759Z,buy,8.2e-07,16152.0,0.01324464
VIB/BTC,1608210884159,2020-12-17T13:14:44.159Z,buy,8.2e-07,1235.0,0.0010127
VIB/BTC,1608210884324,2020-12-17T13:14:44.324Z,buy,8.2e-07,18604.0,0.01525528
VIB/BTC,1608210885156,2020-12-17T13:14:45.156Z,buy,8.2e-07,1093.0,0.00089626
VIB/BTC,1608210885737,2020-12-17T13:14:45.737Z,buy,8.2e-07,870.0,0.0007134
VIB/BTC,1608210885909,2020-12-17T13:14:45.909Z,buy,8.2e-07,17558.0,0.01439756
VIB/BTC,1608210886745,2020-12-17T13:14:46.745Z,buy,8.2e-07,239.0,0.00019598
VIB/BTC,1608210887364,2020-12-17T13:14:47.364Z,buy,8.2e-07,579.0,0.00047478
VIB/BTC,1608210888332,2020-12-17T13:14:48.332Z,buy,8.2e-07,450.0,0.0003689999999999
VIB/BTC,1608210888936,2020-12-17T13:14:48.936Z,buy,8.2e-07,369.0,0.00030258
VIB/BTC,1608210889042,2020-12-17T13:14:49.042Z,buy,8.2e-07,12984.0,0.01064688
VIB/BTC,1608210889913,2020-12-17T13:14:49.913Z,buy,8.2e-07,1127.0,0.0009241399999999
VIB/BTC,1608210890525,2020-12-17T13:14:50.525Z,buy,8.2e-07,444.0,0.0003640799999999
VIB/BTC,1608210890619,2020-12-17T13:14:50.619Z,buy,8.2e-07,16316.0,0.01337912
VIB/BTC,1608210891480,2020-12-17T13:14:51.480Z,buy,8.2e-07,459.0,0.00037638
VIB/BTC,1608210892089,2020-12-17T13:14:52.089Z,buy,8.2e-07,1833.0,0.00150306
VIB/BTC,1608210892180,2020-12-17T13:14:52.180Z,buy,8.2e-07,15528.0,0.01273296
VIB/BTC,1608210893067,2020-12-17T13:14:53.067Z,buy,8.2e-07,628.0,0.00051496
VIB/BTC,1608210893662,2020-12-17T13:14:53.662Z,buy,8.2e-07,816.0,0.0006691199999999
VIB/BTC,1608210893752,2020-12-17T13:14:53.752Z,buy,8.2e-07,10542.0,0.00864444
VIB/BTC,1608210894650,2020-12-17T13:14:54.650Z,buy,8.2e-07,1580.0,0.0012956
VIB/BTC,1608210895234,2020-12-17T13:14:55.234Z,buy,8.2e-07,1134.0,0.00092988
VIB/BTC,1608210895322,2020-12-17T13:14:55.322Z,buy,8.2e-07,7564.0,0.00620248
VIB/BTC,1608210896251,2020-12-17T13:14:56.251Z,buy,8.2e-07,1179.0,0.00096678
VIB/BTC,1608210896847,2020-12-17T13:14:56.847Z,buy,8.2e-07,226.0,0.00018532
VIB/BTC,1608210896888,2020-12-17T13:14:56.888Z,buy,8.2e-07,4113.0,0.00337266
VIB/BTC,1608210897830,2020-12-17T13:14:57.830Z,buy,8.2e-07,869.0,0.00071258
VIB/BTC,1608210898433,2020-12-17T13:14:58.433Z,buy,8.2e-07,253.0,0.00020746
VIB/BTC,1608210899421,2020-12-17T13:14:59.421Z,buy,8.2e-07,993.0,0.00081426
VIB/BTC,1608210900016,2020-12-17T13:15:00.016Z,buy,8.2e-07,471.0,0.00038622
VIB/BTC,1608210900976,2020-12-17T13:15:00.976Z,buy,8.2e-07,1621.0,0.0013292199999999
VIB/BTC,1608210901582,2020-12-17T13:15:01.582Z,buy,8.2e-07,1792.0,0.00146944
VIB/BTC,1608210902531,2020-12-17T13:15:02.531Z,buy,8.2e-07,1526.0,0.00125132
VIB/BTC,1608210904129,2020-12-17T13:15:04.129Z,buy,8.2e-07,697.0,0.0005715399999999
VIB/BTC,1608210904946,2020-12-17T13:15:04.946Z,buy,8.2e-07,1846.0,0.0015137199999999
VIB/BTC,1608210906175,2020-12-17T13:15:06.175Z,buy,8.2e-07,1416.0,0.00116112
VIB/BTC,1608210906597,2020-12-17T13:15:06.597Z,buy,8.2e-07,510.0,0.0004182
VIB/BTC,1608210907762,2020-12-17T13:15:07.762Z,buy,8.2e-07,1725.0,0.0014145
VIB/BTC,1608210908166,2020-12-17T13:15:08.166Z,buy,8.2e-07,230.0,0.0001886
VIB/BTC,1608210909760,2020-12-17T13:15:09.760Z,buy,8.2e-07,357.0,0.00029274
VIB/BTC,1608210910921,2020-12-17T13:15:10.921Z,buy,8.2e-07,269.0,0.00022058
VIB/BTC,1608210911376,2020-12-17T13:15:11.376Z,buy,8.2e-07,974.0,0.00079868
VIB/BTC,1608210912514,2020-12-17T13:15:12.514Z,buy,8.2e-07,912.0,0.0007478399999999
VIB/BTC,1608210912957,2020-12-17T13:15:12.957Z,buy,8.2e-07,1680.0,0.0013775999999999
VIB/BTC,1608210914133,2020-12-17T13:15:14.133Z,buy,8.2e-07,570.0,0.0004674
VIB/BTC,1608210914522,2020-12-17T13:15:14.522Z,buy,8.2e-07,1815.0,0.0014883
VIB/BTC,1608210915715,2020-12-17T13:15:15.715Z,buy,8.2e-07,1174.0,0.0009626799999999
VIB/BTC,1608210916529,2020-12-17T13:15:16.529Z,buy,8.2e-07,815.0,0.0006683
VIB/BTC,1608210917288,2020-12-17T13:15:17.288Z,buy,8.2e-07,833.0,0.00068306
VIB/BTC,1608210918129,2020-12-17T13:15:18.129Z,buy,8.2e-07,1638.0,0.00134316
VIB/BTC,1608210918865,2020-12-17T13:15:18.865Z,buy,8.2e-07,1196.0,0.00098072
VIB/BTC,1608210919718,2020-12-17T13:15:19.718Z,buy,8.2e-07,1643.0,0.00134726
VIB/BTC,1608210921295,2020-12-17T13:15:21.295Z,buy,8.2e-07,1062.0,0.00087084
VIB/BTC,1608210922056,2020-12-17T13:15:22.056Z,buy,8.2e-07,1369.0,0.00112258
VIB/BTC,1608210922900,2020-12-17T13:15:22.900Z,buy,8.2e-07,808.0,0.00066256
VIB/BTC,1608210923662,2020-12-17T13:15:23.662Z,buy,8.2e-07,1242.0,0.00101844
VIB/BTC,1608210924460,2020-12-17T13:15:24.460Z,buy,8.2e-07,488.0,0.00040016
VIB/BTC,1608210925262,2020-12-17T13:15:25.262Z,buy,8.2e-07,1702.0,0.00139564
VIB/BTC,1608210926061,2020-12-17T13:15:26.061Z,buy,8.2e-07,1890.0,0.0015498
VIB/BTC,1608210926843,2020-12-17T13:15:26.843Z,buy,8.2e-07,938.0,0.00076916
VIB/BTC,1608210927655,2020-12-17T13:15:27.655Z,buy,8.2e-07,1893.0,0.00155226
VIB/BTC,1608210928434,2020-12-17T13:15:28.434Z,buy,8.2e-07,1354.0,0.00111028
VIB/BTC,1608210929228,2020-12-17T13:15:29.228Z,buy,8.2e-07,1826.0,0.00149732
VIB/BTC,1608210930019,2020-12-17T13:15:30.019Z,buy,8.2e-07,278.0,0.00022796
VIB/BTC,1608210930810,2020-12-17T13:15:30.810Z,buy,8.2e-07,1902.0,0.00155964
VIB/BTC,1608210931624,2020-12-17T13:15:31.624Z,buy,8.2e-07,1539.0,0.00126198
VIB/BTC,1608210932390,2020-12-17T13:15:32.390Z,buy,8.2e-07,1310.0,0.0010742
VIB/BTC,1608210933216,2020-12-17T13:15:33.216Z,buy,8.2e-07,1609.0,0.00131938
VIB/BTC,1608210934937,2020-12-17T13:15:34.937Z,buy,8.2e-07,1908.0,0.00156456
VIB/BTC,1608210935711,2020-12-17T13:15:35.711Z,buy,8.2e-07,412.0,0.00033784
VIB/BTC,1608210936504,2020-12-17T13:15:36.504Z,buy,8.2e-07,1968.0,0.0016137599999999
VIB/BTC,1608210937288,2020-12-17T13:15:37.288Z,buy,8.2e-07,1130.0,0.0009266
VIB/BTC,1608210938121,2020-12-17T13:15:38.121Z,buy,8.2e-07,1238.0,0.00101516
VIB/BTC,1608210938858,2020-12-17T13:15:38.858Z,buy,8.2e-07,129.0,0.00010578
VIB/BTC,1608210939701,2020-12-17T13:15:39.701Z,buy,8.2e-07,623.0,0.00051086
VIB/BTC,1608210940882,2020-12-17T13:15:40.882Z,buy,8.2e-07,619.0,0.00050758
VIB/BTC,1608210942881,2020-12-17T13:15:42.881Z,buy,8.2e-07,130.0,0.0001066
VIB/BTC,1608210943725,2020-12-17T13:15:43.725Z,buy,8.2e-07,662.0,0.00054284
VIB/BTC,1608210944505,2020-12-17T13:15:44.505Z,buy,8.2e-07,1918.0,0.0015727599999999
VIB/BTC,1608210945294,2020-12-17T13:15:45.294Z,buy,8.2e-07,1729.0,0.00141778
VIB/BTC,1608210946069,2020-12-17T13:15:46.069Z,buy,8.2e-07,287.0,0.00023534
VIB/BTC,1608210946860,2020-12-17T13:15:46.860Z,buy,8.2e-07,465.0,0.0003813
VIB/BTC,1608210947679,2020-12-17T13:15:47.679Z,buy,8.2e-07,1943.0,0.00159326
VIB/BTC,1608210948519,2020-12-17T13:15:48.519Z,buy,8.2e-07,1482.0,0.00121524
VIB/BTC,1608210949278,2020-12-17T13:15:49.278Z,buy,8.2e-07,586.0,0.00048052
VIB/BTC,1608210950579,2020-12-17T13:15:50.579Z,buy,8.2e-07,1868.0,0.00153176
VIB/BTC,1608210950858,2020-12-17T13:15:50.858Z,buy,8.2e-07,941.0,0.00077162
VIB/BTC,1608210952172,2020-12-17T13:15:52.172Z,buy,8.2e-07,1375.0,0.0011275
VIB/BTC,1608210952858,2020-12-17T13:15:52.858Z,buy,8.2e-07,719.0,0.00058958
VIB/BTC,1608210953749,2020-12-17T13:15:53.749Z,buy,8.2e-07,639.0,0.00052398
VIB/BTC,1608210954458,2020-12-17T13:15:54.458Z,buy,8.2e-07,585.0,0.0004797
VIB/BTC,1608210955345,2020-12-17T13:15:55.345Z,buy,8.2e-07,1088.0,0.00089216
VIB/BTC,1608210956060,2020-12-17T13:15:56.060Z,buy,8.2e-07,1006.0,0.00082492
VIB/BTC,1608210957008,2020-12-17T13:15:57.008Z,buy,8.2e-07,1421.0,0.00116522
VIB/BTC,1608210957780,2020-12-17T13:15:57.780Z,buy,8.2e-07,1160.0,0.0009512
VIB/BTC,1608210958597,2020-12-17T13:15:58.597Z,buy,8.2e-07,617.0,0.00050594
VIB/BTC,1608210959442,2020-12-17T13:15:59.442Z,buy,8.2e-07,306.0,0.00025092
VIB/BTC,1608210960611,2020-12-17T13:16:00.611Z,buy,8.2e-07,755.0,0.0006191
VIB/BTC,1608210961022,2020-12-17T13:16:01.022Z,buy,8.2e-07,1757.0,0.00144074
VIB/BTC,1608210962208,2020-12-17T13:16:02.208Z,buy,8.2e-07,1574.0,0.00129068
VIB/BTC,1608210962586,2020-12-17T13:16:02.586Z,buy,8.2e-07,237.0,0.0001943399999999
VIB/BTC,1608210963794,2020-12-17T13:16:03.794Z,buy,8.2e-07,603.0,0.00049446
VIB/BTC,1608210964143,2020-12-17T13:16:04.143Z,buy,8.2e-07,1291.0,0.00105862
VIB/BTC,1608210965492,2020-12-17T13:16:05.492Z,buy,8.2e-07,1313.0,0.00107666
VIB/BTC,1608210965705,2020-12-17T13:16:05.705Z,buy,8.2e-07,524.0,0.00042968
VIB/BTC,1608210967040,2020-12-17T13:16:07.040Z,buy,8.2e-07,1297.0,0.00106354
VIB/BTC,1608210967273,2020-12-17T13:16:07.273Z,buy,8.2e-07,1313.0,0.00107666
VIB/BTC,1608210968638,2020-12-17T13:16:08.638Z,buy,8.2e-07,936.0,0.0007675199999999
VIB/BTC,1608210968835,2020-12-17T13:16:08.835Z,buy,8.2e-07,511.0,0.00041902
VIB/BTC,1608210970234,2020-12-17T13:16:10.234Z,buy,8.2e-07,240.0,0.0001967999999999
VIB/BTC,1608210970429,2020-12-17T13:16:10.429Z,buy,8.2e-07,655.0,0.0005371
VIB/BTC,1608210972229,2020-12-17T13:16:12.229Z,buy,8.2e-07,414.0,0.0003394799999999
VIB/BTC,1608210973681,2020-12-17T13:16:13.681Z,buy,8.2e-07,226.0,0.00018532
VIB/BTC,1608210973771,2020-12-17T13:16:13.771Z,buy,8.2e-07,1223.0,0.00100286
VIB/BTC,1608210975340,2020-12-17T13:16:15.340Z,buy,8.2e-07,776.0,0.00063632
VIB/BTC,1608210975361,2020-12-17T13:16:15.361Z,buy,8.2e-07,828.0,0.0006789599999999
VIB/BTC,1608210976937,2020-12-17T13:16:16.937Z,buy,8.2e-07,1335.0,0.0010946999999999
VIB/BTC,1608210976938,2020-12-17T13:16:16.938Z,buy,8.2e-07,1400.0,0.001148
VIB/BTC,1608210978497,2020-12-17T13:16:18.497Z,buy,8.2e-07,1275.0,0.0010455
VIB/BTC,1608210978518,2020-12-17T13:16:18.518Z,buy,8.2e-07,1686.0,0.00138252
VIB/BTC,1608210980104,2020-12-17T13:16:20.104Z,buy,8.2e-07,891.0,0.00073062
VIB/BTC,1608210981677,2020-12-17T13:16:21.677Z,buy,8.2e-07,1826.0,0.00149732
VIB/BTC,1608210981711,2020-12-17T13:16:21.711Z,buy,8.2e-07,977.0,0.00080114
VIB/BTC,1608210983241,2020-12-17T13:16:23.241Z,buy,8.2e-07,556.0,0.00045592
VIB/BTC,1608210983296,2020-12-17T13:16:23.296Z,buy,8.2e-07,846.0,0.00069372
VIB/BTC,1608210984801,2020-12-17T13:16:24.801Z,buy,8.2e-07,1454.0,0.00119228
VIB/BTC,1608210984870,2020-12-17T13:16:24.870Z,buy,8.2e-07,488.0,0.00040016
VIB/BTC,1608210986381,2020-12-17T13:16:26.381Z,buy,8.2e-07,793.0,0.0006502599999999
VIB/BTC,1608210986447,2020-12-17T13:16:26.447Z,buy,8.2e-07,1071.0,0.00087822
VIB/BTC,1608210988000,2020-12-17T13:16:28.000Z,buy,8.2e-07,1927.0,0.00158014
VIB/BTC,1608210988016,2020-12-17T13:16:28.016Z,buy,8.2e-07,385.0,0.0003157
VIB/BTC,1608210989568,2020-12-17T13:16:29.568Z,buy,8.2e-07,584.0,0.00047888
VIB/BTC,1608210989616,2020-12-17T13:16:29.616Z,buy,8.2e-07,248.0,0.00020336
VIB/BTC,1608210991178,2020-12-17T13:16:31.178Z,buy,8.2e-07,1452.0,0.00119064
VIB/BTC,1608210991198,2020-12-17T13:16:31.198Z,buy,8.2e-07,1513.0,0.00124066
VIB/BTC,1608210992747,2020-12-17T13:16:32.747Z,buy,8.2e-07,395.0,0.0003239
VIB/BTC,1608210992750,2020-12-17T13:16:32.750Z,buy,8.2e-07,1284.0,0.00105288
VIB/BTC,1608210994287,2020-12-17T13:16:34.287Z,buy,8.2e-07,1921.0,0.00157522
VIB/BTC,1608210995919,2020-12-17T13:16:35.919Z,buy,8.2e-07,155.0,0.0001271
VIB/BTC,1608210997494,2020-12-17T13:16:37.494Z,buy,8.2e-07,174.0,0.00014268
VIB/BTC,1608210997503,2020-12-17T13:16:37.503Z,buy,8.2e-07,1675.0,0.0013735
VIB/BTC,1608210999068,2020-12-17T13:16:39.068Z,buy,8.2e-07,1370.0,0.0011233999999999
VIB/BTC,1608210999077,2020-12-17T13:16:39.077Z,buy,8.2e-07,887.0,0.00072734
VIB/BTC,1608211001075,2020-12-17T13:16:41.075Z,buy,8.2e-07,1130.0,0.0009266
VIB/BTC,1608211001112,2020-12-17T13:16:41.112Z,buy,8.2e-07,980.0,0.0008036
VIB/BTC,1608211003172,2020-12-17T13:16:43.172Z,buy,8.2e-07,1281.0,0.00105042
VIB/BTC,1608211003182,2020-12-17T13:16:43.182Z,buy,8.2e-07,898.0,0.00073636
VIB/BTC,1608211004759,2020-12-17T13:16:44.759Z,buy,8.2e-07,687.0,0.00056334
VIB/BTC,1608211005161,2020-12-17T13:16:45.161Z,buy,8.2e-07,628.0,0.00051496
VIB/BTC,1608211006341,2020-12-17T13:16:46.341Z,buy,8.2e-07,1940.0,0.0015908
VIB/BTC,1608211006756,2020-12-17T13:16:46.756Z,buy,8.2e-07,570.0,0.0004674
VIB/BTC,1608211007913,2020-12-17T13:16:47.913Z,buy,8.2e-07,1842.0,0.00151044
VIB/BTC,1608211009508,2020-12-17T13:16:49.508Z,buy,8.2e-07,1709.0,0.00140138
VIB/BTC,1608211009918,2020-12-17T13:16:49.918Z,buy,8.2e-07,1825.0,0.0014965
VIB/BTC,1608211011121,2020-12-17T13:16:51.121Z,buy,8.2e-07,696.0,0.00057072
VIB/BTC,1608211011522,2020-12-17T13:16:51.522Z,buy,8.2e-07,1816.0,0.00148912
VIB/BTC,1608211012709,2020-12-17T13:16:52.709Z,buy,8.2e-07,900.0,0.0007379999999999
VIB/BTC,1608211013116,2020-12-17T13:16:53.116Z,buy,8.2e-07,1563.0,0.00128166
VIB/BTC,1608211014300,2020-12-17T13:16:54.300Z,buy,8.2e-07,1767.0,0.00144894
VIB/BTC,1608211014716,2020-12-17T13:16:54.716Z,buy,8.2e-07,582.0,0.00047724
VIB/BTC,1608211016320,2020-12-17T13:16:56.320Z,buy,8.2e-07,494.0,0.00040508
VIB/BTC,1608211017481,2020-12-17T13:16:57.481Z,buy,8.2e-07,727.0,0.00059614
VIB/BTC,1608211017892,2020-12-17T13:16:57.892Z,buy,8.2e-07,1744.0,0.00143008
VIB/BTC,1608211019045,2020-12-17T13:16:59.045Z,buy,8.2e-07,1995.0,0.0016359
VIB/BTC,1608211019487,2020-12-17T13:16:59.487Z,buy,8.2e-07,814.0,0.00066748
VIB/BTC,1608211020665,2020-12-17T13:17:00.665Z,buy,8.2e-07,341.0,0.00027962
VIB/BTC,1608211021087,2020-12-17T13:17:01.087Z,buy,8.2e-07,1374.0,0.00112668
VIB/BTC,1608211022275,2020-12-17T13:17:02.275Z,buy,8.2e-07,1946.0,0.00159572
VIB/BTC,1608211022651,2020-12-17T13:17:02.651Z,buy,8.2e-07,1420.0,0.0011644
VIB/BTC,1608211023858,2020-12-17T13:17:03.858Z,buy,8.2e-07,1460.0,0.0011972
VIB/BTC,1608211024236,2020-12-17T13:17:04.236Z,buy,8.2e-07,1890.0,0.0015498
VIB/BTC,1608211025462,2020-12-17T13:17:05.462Z,buy,8.2e-07,1881.0,0.00154242
VIB/BTC,1608211025748,2020-12-17T13:17:05.748Z,buy,8.2e-07,57400.0,0.047068
VIB/BTC,1608211025809,2020-12-17T13:17:05.809Z,buy,8.2e-07,1936.0,0.00158752
VIB/BTC,1608211027049,2020-12-17T13:17:07.049Z,buy,8.2e-07,1664.0,0.00136448
VIB/BTC,1608211027382,2020-12-17T13:17:07.382Z,buy,8.2e-07,1621.0,0.0013292199999999
VIB/BTC,1608211028684,2020-12-17T13:17:08.684Z,buy,8.2e-07,913.0,0.00074866
VIB/BTC,1608211030257,2020-12-17T13:17:10.257Z,buy,8.2e-07,773.0,0.00063386
VIB/BTC,1608211030505,2020-12-17T13:17:10.505Z,buy,8.2e-07,1570.0,0.0012874
VIB/BTC,1608211031848,2020-12-17T13:17:11.848Z,buy,8.2e-07,850.0,0.000697
VIB/BTC,1608211032090,2020-12-17T13:17:12.090Z,buy,8.2e-07,980.0,0.0008036
VIB/BTC,1608211033408,2020-12-17T13:17:13.408Z,buy,8.2e-07,1344.0,0.00110208
VIB/BTC,1608211033667,2020-12-17T13:17:13.667Z,buy,8.2e-07,1921.0,0.00157522
VIB/BTC,1608211035083,2020-12-17T13:17:15.083Z,buy,8.2e-07,807.0,0.00066174
VIB/BTC,1608211035676,2020-12-17T13:17:15.676Z,buy,8.2e-07,1274.0,0.00104468
VIB/BTC,1608211036659,2020-12-17T13:17:16.659Z,buy,8.2e-07,1571.0,0.00128822
VIB/BTC,1608211037240,2020-12-17T13:17:17.240Z,buy,8.2e-07,1202.0,0.00098564
VIB/BTC,1608211038247,2020-12-17T13:17:18.247Z,buy,8.2e-07,1440.0,0.0011808
VIB/BTC,1608211039805,2020-12-17T13:17:19.805Z,buy,8.2e-07,674.0,0.00055268
VIB/BTC,1608211040377,2020-12-17T13:17:20.377Z,buy,8.2e-07,1796.0,0.00147272
VIB/BTC,1608211041368,2020-12-17T13:17:21.368Z,buy,8.2e-07,196.0,0.00016072
VIB/BTC,1608211041955,2020-12-17T13:17:21.955Z,buy,8.2e-07,1399.0,0.00114718
VIB/BTC,1608211042960,2020-12-17T13:17:22.960Z,buy,8.2e-07,1805.0,0.0014801
VIB/BTC,1608211043506,2020-12-17T13:17:23.506Z,buy,8.2e-07,540.0,0.0004428
VIB/BTC,1608211044541,2020-12-17T13:17:24.541Z,buy,8.2e-07,1326.0,0.00108732
VIB/BTC,1608211045044,2020-12-17T13:17:25.044Z,buy,8.2e-07,1721.0,0.00141122
VIB/BTC,1608211046613,2020-12-17T13:17:26.613Z,buy,8.2e-07,968.0,0.00079376
VIB/BTC,1608211047709,2020-12-17T13:17:27.709Z,buy,8.2e-07,1918.0,0.0015727599999999
VIB/BTC,1608211048198,2020-12-17T13:17:28.198Z,buy,8.2e-07,434.0,0.00035588
VIB/BTC,1608211049303,2020-12-17T13:17:29.303Z,buy,8.2e-07,864.0,0.0007084799999999
VIB/BTC,1608211049769,2020-12-17T13:17:29.769Z,buy,8.2e-07,1898.0,0.00155636
VIB/BTC,1608211050871,2020-12-17T13:17:30.871Z,buy,8.2e-07,1880.0,0.0015416
VIB/BTC,1608211051336,2020-12-17T13:17:31.336Z,buy,8.2e-07,1818.0,0.00149076
VIB/BTC,1608211052476,2020-12-17T13:17:32.476Z,buy,8.2e-07,1178.0,0.00096596
VIB/BTC,1608211052915,2020-12-17T13:17:32.915Z,buy,8.2e-07,1678.0,0.00137596
VIB/BTC,1608211054045,2020-12-17T13:17:34.045Z,buy,8.2e-07,651.0,0.00053382
VIB/BTC,1608211054475,2020-12-17T13:17:34.475Z,buy,8.2e-07,1708.0,0.00140056
VIB/BTC,1608211055714,2020-12-17T13:17:35.714Z,buy,8.2e-07,475.0,0.0003895
VIB/BTC,1608211057297,2020-12-17T13:17:37.297Z,buy,8.2e-07,183.0,0.00015006
VIB/BTC,1608211057699,2020-12-17T13:17:37.699Z,buy,8.2e-07,185.0,0.0001517
VIB/BTC,1608211058863,2020-12-17T13:17:38.863Z,buy,8.2e-07,584.0,0.00047888
VIB/BTC,1608211059271,2020-12-17T13:17:39.271Z,buy,8.2e-07,1959.0,0.00160638
VIB/BTC,1608211060449,2020-12-17T13:17:40.449Z,buy,8.2e-07,1664.0,0.00136448
VIB/BTC,1608211062460,2020-12-17T13:17:42.460Z,buy,8.2e-07,1151.0,0.0009438199999999
VIB/BTC,1608211062461,2020-12-17T13:17:42.461Z,buy,8.2e-07,1831.0,0.00150142
VIB/BTC,1608211064480,2020-12-17T13:17:44.480Z,buy,8.2e-07,491.0,0.00040262
VIB/BTC,1608211064501,2020-12-17T13:17:44.501Z,buy,8.2e-07,1865.0,0.0015293
VIB/BTC,1608211066048,2020-12-17T13:17:46.048Z,buy,8.2e-07,1627.0,0.00133414
VIB/BTC,1608211066069,2020-12-17T13:17:46.069Z,buy,8.2e-07,611.0,0.00050102
VIB/BTC,1608211067660,2020-12-17T13:17:47.660Z,buy,8.2e-07,1112.0,0.00091184
VIB/BTC,1608211067669,2020-12-17T13:17:47.669Z,buy,8.2e-07,1286.0,0.00105452
VIB/BTC,1608211069266,2020-12-17T13:17:49.266Z,buy,8.2e-07,643.0,0.00052726
VIB/BTC,1608211069269,2020-12-17T13:17:49.269Z,buy,8.2e-07,907.0,0.00074374
VIB/BTC,1608211070834,2020-12-17T13:17:50.834Z,buy,8.2e-07,1831.0,0.00150142
VIB/BTC,1608211070836,2020-12-17T13:17:50.836Z,buy,8.2e-07,616.0,0.00050512
VIB/BTC,1608211072395,2020-12-17T13:17:52.395Z,buy,8.2e-07,545.0,0.0004468999999999
VIB/BTC,1608211170237,2020-12-17T13:19:30.237Z,buy,8.2e-07,165.0,0.0001353
VIB/BTC,1608211171815,2020-12-17T13:19:31.815Z,buy,8.2e-07,205.0,0.0001681
VIB/BTC,1608211172636,2020-12-17T13:19:32.636Z,buy,8.2e-07,1316.0,0.00107912
VIB/BTC,1608211173413,2020-12-17T13:19:33.413Z,buy,8.2e-07,179.0,0.00014678
VIB/BTC,1608211173512,2020-12-17T13:19:33.512Z,buy,8.2e-07,20546.0,0.01684772
VIB/BTC,1608211174995,2020-12-17T13:19:34.995Z,buy,8.2e-07,128.0,0.00010496
VIB/BTC,1608211176581,2020-12-17T13:19:36.581Z,buy,8.2e-07,148.0,0.00012136
VIB/BTC,1608211179760,2020-12-17T13:19:39.760Z,buy,8.2e-07,149.0,0.00012218
VIB/BTC,1608211180062,2020-12-17T13:19:40.062Z,buy,8.2e-07,226393.0,0.18564226
VIB/BTC,1608211181734,2020-12-17T13:19:41.734Z,buy,8.2e-07,193349.0,0.15854618
VIB/BTC,1608211182884,2020-12-17T13:19:42.884Z,buy,8.2e-07,197188.0,0.16169416
VIB/BTC,1608211183020,2020-12-17T13:19:43.020Z,buy,8.2e-07,158.0,0.00012956
VIB/BTC,1608211185098,2020-12-17T13:19:45.098Z,buy,8.2e-07,199005.0,0.1631841
VIB/BTC,1608211187157,2020-12-17T13:19:47.157Z,buy,8.2e-07,200816.0,0.16466912
VIB/BTC,1608211193304,2020-12-17T13:19:53.304Z,buy,8.2e-07,50154.0,0.04112628
VIB/BTC,1608211194380,2020-12-17T13:19:54.380Z,buy,8.2e-07,1129.0,0.00092578
VIB/BTC,1608211195033,2020-12-17T13:19:55.033Z,buy,8.3e-07,148.0,0.00012284
VIB/BTC,1608211197803,2020-12-17T13:19:57.803Z,sell,8.2e-07,4377.0,0.0035891399999999
VIB/BTC,1608211198843,2020-12-17T13:19:58.843Z,sell,8.2e-07,1601.0,0.00131282
VIB/BTC,1608211199806,2020-12-17T13:19:59.806Z,buy,8.3e-07,138.0,0.00011454
VIB/BTC,1608211203026,2020-12-17T13:20:03.026Z,buy,8.3e-07,163.0,0.00013529
VIB/BTC,1608211205433,2020-12-17T13:20:05.433Z,sell,8.2e-07,75293.0,0.06174026
VIB/BTC,1608211212801,2020-12-17T13:20:12.801Z,buy,8.3e-07,173.0,0.00014359
VIB/BTC,1608211217547,2020-12-17T13:20:17.547Z,buy,8.3e-07,181.0,0.00015023
VIB/BTC,1608211219155,2020-12-17T13:20:19.155Z,buy,8.3e-07,132.0,0.00010956
VIB/BTC,1608211220012,2020-12-17T13:20:20.012Z,sell,8.2e-07,32954.0,0.02702228
VIB/BTC,1608211223577,2020-12-17T13:20:23.577Z,buy,8.3e-07,141.0,0.00011703
VIB/BTC,1608211225861,2020-12-17T13:20:25.861Z,sell,8.2e-07,1020.0,0.0008364
VIB/BTC,1608211226991,2020-12-17T13:20:26.991Z,buy,8.3e-07,163.0,0.00013529
VIB/BTC,1608211231771,2020-12-17T13:20:31.771Z,buy,8.3e-07,139.0,0.00011537
VIB/BTC,1608211233362,2020-12-17T13:20:33.362Z,sell,8.2e-07,2718.0,0.0022287599999999
VIB/BTC,1608211234402,2020-12-17T13:20:34.402Z,sell,8.2e-07,2154.0,0.00176628
VIB/BTC,1608211234936,2020-12-17T13:20:34.936Z,buy,8.3e-07,137.0,0.00011371
VIB/BTC,1608211238106,2020-12-17T13:20:38.106Z,buy,8.3e-07,167.0,0.00013861
VIB/BTC,1608211241249,2020-12-17T13:20:41.249Z,buy,8.3e-07,160.0,0.0001328
VIB/BTC,1608211242846,2020-12-17T13:20:42.846Z,buy,8.3e-07,186.0,0.00015438
VIB/BTC,1608211246414,2020-12-17T13:20:46.414Z,buy,8.3e-07,122.0,0.00010126
VIB/BTC,1608211249539,2020-12-17T13:20:49.539Z,buy,8.3e-07,164.0,0.00013612
VIB/BTC,1608211251142,2020-12-17T13:20:51.142Z,buy,8.3e-07,191.0,0.00015853
VIB/BTC,1608211258883,2020-12-17T13:20:58.883Z,sell,8.2e-07,2103.0,0.00172446
VIB/BTC,1608211260577,2020-12-17T13:21:00.577Z,buy,8.3e-07,157.0,0.00013031
VIB/BTC,1608211261855,2020-12-17T13:21:01.855Z,sell,8.2e-07,1059.0,0.00086838
VIB/BTC,1608211262884,2020-12-17T13:21:02.884Z,sell,8.2e-07,2717.0,0.00222794
VIB/BTC,1608211263121,2020-12-17T13:21:03.121Z,buy,8.3e-07,313.0,0.00025979
VIB/BTC,1608211263760,2020-12-17T13:21:03.760Z,buy,8.3e-07,156.0,0.00012948
VIB/BTC,1608211268557,2020-12-17T13:21:08.557Z,buy,8.3e-07,193.0,0.00016019
VIB/BTC,1608211270131,2020-12-17T13:21:10.131Z,buy,8.3e-07,192.0,0.00015936
VIB/BTC,1608211273345,2020-12-17T13:21:13.345Z,buy,8.3e-07,130.0,0.0001079
VIB/BTC,1608211275065,2020-12-17T13:21:15.065Z,buy,8.3e-07,129.0,0.00010707
VIB/BTC,1608211276635,2020-12-17T13:21:16.635Z,buy,8.3e-07,168.0,0.00013944
VIB/BTC,1608211278282,2020-12-17T13:21:18.282Z,buy,8.3e-07,206.0,0.00017098
VIB/BTC,1608211281444,2020-12-17T13:21:21.444Z,buy,8.3e-07,158.0,0.00013114
VIB/BTC,1608211286287,2020-12-17T13:21:26.287Z,buy,8.3e-07,165.0,0.00013695
VIB/BTC,1608211292607,2020-12-17T13:21:32.607Z,buy,8.3e-07,126.0,0.00010458
VIB/BTC,1608211294299,2020-12-17T13:21:34.299Z,buy,8.3e-07,176.0,0.00014608
VIB/BTC,1608211295879,2020-12-17T13:21:35.879Z,buy,8.3e-07,162.0,0.00013446
VIB/BTC,1608211297451,2020-12-17T13:21:37.451Z,buy,8.3e-07,207.0,0.00017181
VIB/BTC,1608211305341,2020-12-17T13:21:45.341Z,buy,8.3e-07,124.0,0.00010292
VIB/BTC,1608211307350,2020-12-17T13:21:47.350Z,buy,8.3e-07,161.0,0.00013363
VIB/BTC,1608211308959,2020-12-17T13:21:48.959Z,buy,8.3e-07,177.0,0.00014691
VIB/BTC,1608211310539,2020-12-17T13:21:50.539Z,buy,8.3e-07,177.0,0.00014691
VIB/BTC,1608211314969,2020-12-17T13:21:54.969Z,sell,8.2e-07,1314.0,0.00107748
VIB/BTC,1608211316879,2020-12-17T13:21:56.879Z,buy,8.3e-07,152.0,0.00012616
VIB/BTC,1608211321599,2020-12-17T13:22:01.599Z,buy,8.3e-07,206.0,0.00017098
VIB/BTC,1608211324726,2020-12-17T13:22:04.726Z,buy,8.3e-07,180.0,0.0001494
VIB/BTC,1608211325104,2020-12-17T13:22:05.104Z,buy,8.3e-07,4282.0,0.00355406
VIB/BTC,1608211326341,2020-12-17T13:22:06.341Z,buy,8.3e-07,156.0,0.00012948
VIB/BTC,1608211329597,2020-12-17T13:22:09.597Z,buy,8.3e-07,189.0,0.00015687
VIB/BTC,1608211331169,2020-12-17T13:22:11.169Z,buy,8.3e-07,138.0,0.00011454
VIB/BTC,1608211332737,2020-12-17T13:22:12.737Z,buy,8.3e-07,200.0,0.000166
VIB/BTC,1608211335845,2020-12-17T13:22:15.845Z,buy,8.3e-07,187.0,0.00015521
VIB/BTC,1608211339201,2020-12-17T13:22:19.201Z,buy,8.3e-07,209.0,0.00017347
VIB/BTC,1608211340768,2020-12-17T13:22:20.768Z,buy,8.3e-07,188.0,0.00015604
VIB/BTC,1608211343942,2020-12-17T13:22:23.942Z,buy,8.3e-07,151.0,0.00012533
VIB/BTC,1608211345486,2020-12-17T13:22:25.486Z,buy,8.3e-07,151.0,0.00012533
VIB/BTC,1608211347078,2020-12-17T13:22:27.078Z,buy,8.3e-07,132.0,0.00010956
VIB/BTC,1608211348654,2020-12-17T13:22:28.654Z,buy,8.3e-07,165.0,0.00013695
VIB/BTC,1608211350236,2020-12-17T13:22:30.236Z,buy,8.3e-07,125.0,0.00010375
VIB/BTC,1608211354928,2020-12-17T13:22:34.928Z,buy,8.3e-07,180.0,0.0001494
VIB/BTC,1608211356502,2020-12-17T13:22:36.502Z,buy,8.3e-07,194.0,0.00016102
VIB/BTC,1608211362880,2020-12-17T13:22:42.880Z,buy,8.3e-07,183.0,0.00015189
VIB/BTC,1608211366034,2020-12-17T13:22:46.034Z,buy,8.3e-07,144.0,0.00011952
VIB/BTC,1608211376424,2020-12-17T13:22:56.424Z,buy,8.3e-07,208.0,0.00017264
VIB/BTC,1608211379609,2020-12-17T13:22:59.609Z,buy,8.3e-07,198.0,0.00016434
VIB/BTC,1608211383214,2020-12-17T13:23:03.214Z,buy,8.3e-07,198.0,0.00016434
VIB/BTC,1608211384777,2020-12-17T13:23:04.777Z,buy,8.3e-07,161.0,0.00013363
VIB/BTC,1608211386380,2020-12-17T13:23:06.380Z,buy,8.3e-07,149.0,0.00012367
VIB/BTC,1608211387949,2020-12-17T13:23:07.949Z,buy,8.3e-07,134.0,0.00011122
VIB/BTC,1608211392751,2020-12-17T13:23:12.751Z,buy,8.3e-07,131.0,0.00010873
VIB/BTC,1608211394441,2020-12-17T13:23:14.441Z,buy,8.3e-07,157.0,0.00013031
VIB/BTC,1608211396010,2020-12-17T13:23:16.010Z,buy,8.3e-07,175.0,0.00014525
VIB/BTC,1608211397598,2020-12-17T13:23:17.598Z,buy,8.3e-07,160.0,0.0001328
VIB/BTC,1608211403952,2020-12-17T13:23:23.952Z,buy,8.3e-07,180.0,0.0001494
VIB/BTC,1608211408741,2020-12-17T13:23:28.741Z,buy,8.3e-07,150.0,0.0001245
VIB/BTC,1608211409001,2020-12-17T13:23:29.001Z,buy,8.3e-07,4327.0,0.00359141
VIB/BTC,1608211410299,2020-12-17T13:23:30.299Z,buy,8.3e-07,152.0,0.00012616
VIB/BTC,1608211411927,2020-12-17T13:23:31.927Z,buy,8.3e-07,189.0,0.00015687
VIB/BTC,1608211416739,2020-12-17T13:23:36.739Z,buy,8.3e-07,195.0,0.00016185
VIB/BTC,1608211418334,2020-12-17T13:23:38.334Z,buy,8.3e-07,122.0,0.00010126
VIB/BTC,1608211423146,2020-12-17T13:23:43.146Z,buy,8.3e-07,186.0,0.00015438
VIB/BTC,1608211426328,2020-12-17T13:23:46.328Z,buy,8.3e-07,176.0,0.00014608
VIB/BTC,1608211428346,2020-12-17T13:23:48.346Z,buy,8.3e-07,133.0,0.00011039
VIB/BTC,1608211431582,2020-12-17T13:23:51.582Z,buy,8.3e-07,134.0,0.00011122
VIB/BTC,1608211444621,2020-12-17T13:24:04.621Z,buy,8.3e-07,167.0,0.00013861
VIB/BTC,1608211446175,2020-12-17T13:24:06.175Z,buy,8.3e-07,178.0,0.00014774
VIB/BTC,1608211447847,2020-12-17T13:24:07.847Z,buy,8.3e-07,206.0,0.00017098
VIB/BTC,1608211449448,2020-12-17T13:24:09.448Z,buy,8.3e-07,178.0,0.00014774
VIB/BTC,1608211451056,2020-12-17T13:24:11.056Z,buy,8.3e-07,200.0,0.000166
VIB/BTC,1608211454203,2020-12-17T13:24:14.203Z,buy,8.3e-07,122.0,0.00010126
VIB/BTC,1608211460515,2020-12-17T13:24:20.515Z,buy,8.3e-07,170.0,0.0001411
VIB/BTC,1608211466844,2020-12-17T13:24:26.844Z,buy,8.3e-07,186.0,0.00015438
VIB/BTC,1608211469972,2020-12-17T13:24:29.972Z,buy,8.3e-07,170.0,0.0001411
VIB/BTC,1608211471531,2020-12-17T13:24:31.531Z,buy,8.3e-07,195.0,0.00016185
VIB/BTC,1608211476282,2020-12-17T13:24:36.282Z,buy,8.3e-07,163.0,0.00013529
VIB/BTC,1608211484276,2020-12-17T13:24:44.276Z,buy,8.3e-07,125.0,0.00010375
VIB/BTC,1608211489058,2020-12-17T13:24:49.058Z,buy,8.3e-07,150.0,0.0001245
VIB/BTC,1608211491064,2020-12-17T13:24:51.064Z,buy,8.3e-07,194.0,0.00016102
VIB/BTC,1608211497970,2020-12-17T13:24:57.970Z,buy,8.3e-07,142.0,0.00011786
VIB/BTC,1608211499538,2020-12-17T13:24:59.538Z,buy,8.3e-07,149.0,0.00012367
VIB/BTC,1608211502846,2020-12-17T13:25:02.846Z,buy,8.3e-07,145.0,0.00012035
VIB/BTC,1608211504416,2020-12-17T13:25:04.416Z,buy,8.3e-07,149.0,0.00012367
VIB/BTC,1608211509146,2020-12-17T13:25:09.146Z,buy,8.3e-07,198.0,0.00016434
VIB/BTC,1608211510750,2020-12-17T13:25:10.750Z,buy,8.3e-07,142.0,0.00011786
VIB/BTC,1608211512336,2020-12-17T13:25:12.336Z,buy,8.3e-07,133.0,0.00011039
VIB/BTC,1608211517120,2020-12-17T13:25:17.120Z,buy,8.3e-07,135.0,0.00011205
VIB/BTC,1608211518741,2020-12-17T13:25:18.741Z,buy,8.3e-07,190.0,0.0001577
VIB/BTC,1608211520332,2020-12-17T13:25:20.332Z,buy,8.3e-07,149.0,0.00012367
VIB/BTC,1608211521951,2020-12-17T13:25:21.951Z,buy,8.3e-07,166.0,0.00013778
VIB/BTC,1608211525071,2020-12-17T13:25:25.071Z,buy,8.3e-07,181.0,0.00015023
VIB/BTC,1608211528248,2020-12-17T13:25:28.248Z,buy,8.3e-07,158.0,0.00013114
VIB/BTC,1608211529860,2020-12-17T13:25:29.860Z,buy,8.3e-07,132.0,0.00010956
VIB/BTC,1608211536150,2020-12-17T13:25:36.150Z,buy,8.3e-07,178.0,0.00014774
VIB/BTC,1608211537738,2020-12-17T13:25:37.738Z,buy,8.3e-07,184.0,0.00015272
VIB/BTC,1608211539297,2020-12-17T13:25:39.297Z,buy,8.3e-07,141.0,0.00011703
VIB/BTC,1608211542463,2020-12-17T13:25:42.463Z,buy,8.3e-07,125.0,0.00010375
VIB/BTC,1608211549001,2020-12-17T13:25:49.001Z,buy,8.3e-07,121.0,0.00010043
VIB/BTC,1608211560440,2020-12-17T13:26:00.440Z,buy,8.3e-07,138.0,0.00011454
VIB/BTC,1608211563680,2020-12-17T13:26:03.680Z,buy,8.3e-07,157.0,0.00013031
VIB/BTC,1608211565247,2020-12-17T13:26:05.247Z,buy,8.3e-07,178.0,0.00014774
VIB/BTC,1608211566822,2020-12-17T13:26:06.822Z,buy,8.3e-07,169.0,0.00014027
VIB/BTC,1608211568414,2020-12-17T13:26:08.414Z,buy,8.3e-07,204.0,0.00016932
VIB/BTC,1608211570027,2020-12-17T13:26:10.027Z,buy,8.3e-07,156.0,0.00012948
VIB/BTC,1608211573229,2020-12-17T13:26:13.229Z,buy,8.3e-07,166.0,0.00013778
VIB/BTC,1608211576489,2020-12-17T13:26:16.489Z,buy,8.3e-07,152.0,0.00012616
VIB/BTC,1608211579619,2020-12-17T13:26:19.619Z,buy,8.3e-07,149.0,0.00012367
VIB/BTC,1608211584406,2020-12-17T13:26:24.406Z,buy,8.3e-07,164.0,0.00013612
VIB/BTC,1608211587532,2020-12-17T13:26:27.532Z,buy,8.3e-07,210.0,0.0001743
VIB/BTC,1608211589115,2020-12-17T13:26:29.115Z,buy,8.3e-07,171.0,0.00014193
VIB/BTC,1608211590700,2020-12-17T13:26:30.700Z,buy,8.3e-07,143.0,0.00011869
VIB/BTC,1608211592272,2020-12-17T13:26:32.272Z,buy,8.3e-07,146.0,0.00012118
VIB/BTC,1608211595406,2020-12-17T13:26:35.406Z,sell,8.2e-07,36585.0,0.0299997
VIB/BTC,1608211605157,2020-12-17T13:26:45.157Z,buy,8.3e-07,129.0,0.00010707
VIB/BTC,1608211606576,2020-12-17T13:26:46.576Z,buy,8.3e-07,193.0,0.00016019
VIB/BTC,1608211611698,2020-12-17T13:26:51.698Z,buy,8.3e-07,179.0,0.00014857
VIB/BTC,1608211613284,2020-12-17T13:26:53.284Z,buy,8.3e-07,129.0,0.00010707
VIB/BTC,1608211614851,2020-12-17T13:26:54.851Z,buy,8.3e-07,135.0,0.00011205
VIB/BTC,1608211621437,2020-12-17T13:27:01.437Z,buy,8.3e-07,133.0,0.00011039
VIB/BTC,1608211621479,2020-12-17T13:27:01.479Z,sell,8.2e-07,24390.0,0.0199997999999999
VIB/BTC,1608211622996,2020-12-17T13:27:02.996Z,buy,8.3e-07,203.0,0.00016849
VIB/BTC,1608211624586,2020-12-17T13:27:04.586Z,buy,8.3e-07,136.0,0.00011288
VIB/BTC,1608211626056,2020-12-17T13:27:06.056Z,buy,8.3e-07,131.0,0.00010873
VIB/BTC,1608211626169,2020-12-17T13:27:06.169Z,buy,8.3e-07,173.0,0.00014359
VIB/BTC,1608211629857,2020-12-17T13:27:09.857Z,buy,8.3e-07,131.0,0.00010873
VIB/BTC,1608211631422,2020-12-17T13:27:11.422Z,buy,8.3e-07,144.0,0.00011952
VIB/BTC,1608211633001,2020-12-17T13:27:13.001Z,buy,8.3e-07,124.0,0.00010292
VIB/BTC,1608211634596,2020-12-17T13:27:14.596Z,buy,8.3e-07,146.0,0.00012118
VIB/BTC,1608211637889,2020-12-17T13:27:17.889Z,buy,8.3e-07,176.0,0.00014608
VIB/BTC,1608211639456,2020-12-17T13:27:19.456Z,buy,8.3e-07,204.0,0.00016932
VIB/BTC,1608211641028,2020-12-17T13:27:21.028Z,buy,8.3e-07,199.0,0.00016517
VIB/BTC,1608211642586,2020-12-17T13:27:22.586Z,buy,8.3e-07,124.0,0.00010292
VIB/BTC,1608211644281,2020-12-17T13:27:24.281Z,buy,8.3e-07,182.0,0.00015106
VIB/BTC,1608211645773,2020-12-17T13:27:25.773Z,sell,8.2e-07,24390.0,0.0199997999999999
VIB/BTC,1608211655420,2020-12-17T13:27:35.420Z,sell,8.2e-07,28049.0,0.02300018
VIB/BTC,1608211658631,2020-12-17T13:27:38.631Z,buy,8.3e-07,161.0,0.00013363
VIB/BTC,1608211660222,2020-12-17T13:27:40.222Z,buy,8.3e-07,134.0,0.00011122
VIB/BTC,1608211663411,2020-12-17T13:27:43.411Z,buy,8.3e-07,185.0,0.00015355
VIB/BTC,1608211666584,2020-12-17T13:27:46.584Z,buy,8.3e-07,189.0,0.00015687
VIB/BTC,1608211670168,2020-12-17T13:27:50.168Z,buy,8.3e-07,199.0,0.00016517
VIB/BTC,1608211680738,2020-12-17T13:28:00.738Z,buy,8.3e-07,210.0,0.0001743
VIB/BTC,1608211690276,2020-12-17T13:28:10.276Z,buy,8.3e-07,209.0,0.00017347
VIB/BTC,1608211693429,2020-12-17T13:28:13.429Z,buy,8.3e-07,149.0,0.00012367
VIB/BTC,1608211694986,2020-12-17T13:28:14.986Z,buy,8.3e-07,140.0,0.0001162
VIB/BTC,1608211699780,2020-12-17T13:28:19.780Z,buy,8.3e-07,172.0,0.00014276
VIB/BTC,1608211702887,2020-12-17T13:28:22.887Z,buy,8.3e-07,163.0,0.00013529
VIB/BTC,1608211704465,2020-12-17T13:28:24.465Z,buy,8.3e-07,161.0,0.00013363
VIB/BTC,1608211706048,2020-12-17T13:28:26.048Z,buy,8.3e-07,205.0,0.00017015
VIB/BTC,1608211709213,2020-12-17T13:28:29.213Z,buy,8.3e-07,146.0,0.00012118
VIB/BTC,1608211710791,2020-12-17T13:28:30.791Z,buy,8.3e-07,211.0,0.00017513
VIB/BTC,1608211712387,2020-12-17T13:28:32.387Z,buy,8.3e-07,179.0,0.00014857
VIB/BTC,1608211717236,2020-12-17T13:28:37.236Z,buy,8.3e-07,174.0,0.00014442
VIB/BTC,1608211718864,2020-12-17T13:28:38.864Z,buy,8.3e-07,163.0,0.00013529
VIB/BTC,1608211723652,2020-12-17T13:28:43.652Z,buy,8.3e-07,197.0,0.00016351
VIB/BTC,1608211725232,2020-12-17T13:28:45.232Z,buy,8.3e-07,174.0,0.00014442
VIB/BTC,1608211725232,2020-12-17T13:28:45.232Z,buy,8.3e-07,174.0,0.00014442
VIB/BTC,1608211735327,2020-12-17T13:28:55.327Z,buy,8.3e-07,133.0,0.00011039
VIB/BTC,1608211736875,2020-12-17T13:28:56.875Z,buy,8.3e-07,162.0,0.00013446
VIB/BTC,1608211743178,2020-12-17T13:29:03.178Z,buy,8.3e-07,185.0,0.00015355
VIB/BTC,1608211744751,2020-12-17T13:29:04.751Z,buy,8.3e-07,172.0,0.00014276
VIB/BTC,1608211746366,2020-12-17T13:29:06.366Z,buy,8.3e-07,173.0,0.00014359
VIB/BTC,1608211747927,2020-12-17T13:29:07.927Z,buy,8.3e-07,178.0,0.00014774
VIB/BTC,1608211749691,2020-12-17T13:29:09.691Z,buy,8.3e-07,167.0,0.00013861
VIB/BTC,1608211754566,2020-12-17T13:29:14.566Z,buy,8.3e-07,212.0,0.00017596
VIB/BTC,1608211765571,2020-12-17T13:29:25.571Z,buy,8.3e-07,149.0,0.00012367
VIB/BTC,1608211767132,2020-12-17T13:29:27.132Z,buy,8.3e-07,200.0,0.000166
VIB/BTC,1608211768717,2020-12-17T13:29:28.717Z,buy,8.3e-07,124.0,0.00010292
VIB/BTC,1608211770321,2020-12-17T13:29:30.321Z,buy,8.3e-07,205.0,0.00017015
VIB/BTC,1608212221603,2020-12-17T13:37:01.603Z,sell,8.2e-07,149.0,0.00012218
VIB/BTC,1608212263918,2020-12-17T13:37:43.918Z,buy,8.3e-07,131.0,0.00010873
VIB/BTC,1608212278664,2020-12-17T13:37:58.664Z,sell,8.2e-07,43902.0,0.03599964
VIB/BTC,1608212285347,2020-12-17T13:38:05.347Z,buy,8.3e-07,131.0,0.00010873
VIB/BTC,1608212389224,2020-12-17T13:39:49.224Z,sell,8.2e-07,3113.0,0.00255266
VIB/BTC,1608212390864,2020-12-17T13:39:50.864Z,sell,8.2e-07,353.0,0.00028946
VIB/BTC,1608212391315,2020-12-17T13:39:51.315Z,sell,8.2e-07,353.0,0.00028946
VIB/BTC,1608212391789,2020-12-17T13:39:51.789Z,sell,8.2e-07,353.0,0.00028946
VIB/BTC,1608212399750,2020-12-17T13:39:59.750Z,sell,8.2e-07,20362.0,0.01669684
VIB/BTC,1608212425523,2020-12-17T13:40:25.523Z,buy,8.3e-07,131.0,0.00010873
VIB/BTC,1608212661788,2020-12-17T13:44:21.788Z,sell,8.2e-07,9344.0,0.00766208
VIB/BTC,1608212661788,2020-12-17T13:44:21.788Z,sell,8.1e-07,115023.0,0.09316863
VIB/BTC,1608212661799,2020-12-17T13:44:21.799Z,buy,8.1e-07,566.0,0.00045846
VIB/BTC,1608212661799,2020-12-17T13:44:21.799Z,buy,8.1e-07,566.0,0.00045846
VIB/BTC,1608212661799,2020-12-17T13:44:21.799Z,buy,8.1e-07,566.0,0.00045846
VIB/BTC,1608212661799,2020-12-17T13:44:21.799Z,buy,8.1e-07,566.0,0.00045846
VIB/BTC,1608212661799,2020-12-17T13:44:21.799Z,buy,8.1e-07,566.0,0.00045846
VIB/BTC,1608212661800,2020-12-17T13:44:21.800Z,buy,8.1e-07,566.0,0.00045846
VIB/BTC,1608212661800,2020-12-17T13:44:21.800Z,buy,8.1e-07,566.0,0.00045846
VIB/BTC,1608212661800,2020-12-17T13:44:21.800Z,buy,8.1e-07,566.0,0.00045846
VIB/BTC,1608212661800,2020-12-17T13:44:21.800Z,buy,8.1e-07,566.0,0.00045846
VIB/BTC,1608212661800,2020-12-17T13:44:21.800Z,buy,8.1e-07,566.0,0.00045846
VIB/BTC,1608212661800,2020-12-17T13:44:21.800Z,buy,8.1e-07,566.0,0.00045846
VIB/BTC,1608212661801,2020-12-17T13:44:21.801Z,buy,8.1e-07,566.0,0.00045846
VIB/BTC,1608212661801,2020-12-17T13:44:21.801Z,buy,8.1e-07,566.0,0.00045846
VIB/BTC,1608212661801,2020-12-17T13:44:21.801Z,buy,8.1e-07,566.0,0.00045846
VIB/BTC,1608212661801,2020-12-17T13:44:21.801Z,buy,8.1e-07,566.0,0.00045846
VIB/BTC,1608212661802,2020-12-17T13:44:21.802Z,buy,8.1e-07,566.0,0.00045846
VIB/BTC,1608212661802,2020-12-17T13:44:21.802Z,buy,8.1e-07,566.0,0.00045846
VIB/BTC,1608212661802,2020-12-17T13:44:21.802Z,buy,8.1e-07,566.0,0.00045846
VIB/BTC,1608212661802,2020-12-17T13:44:21.802Z,buy,8.1e-07,566.0,0.00045846
VIB/BTC,1608212661803,2020-12-17T13:44:21.803Z,buy,8.1e-07,566.0,0.00045846
VIB/BTC,1608212661803,2020-12-17T13:44:21.803Z,buy,8.1e-07,566.0,0.00045846
VIB/BTC,1608212661803,2020-12-17T13:44:21.803Z,buy,8.1e-07,566.0,0.00045846
VIB/BTC,1608212661803,2020-12-17T13:44:21.803Z,buy,8.1e-07,566.0,0.00045846
VIB/BTC,1608212661803,2020-12-17T13:44:21.803Z,buy,8.1e-07,566.0,0.00045846
VIB/BTC,1608212661803,2020-12-17T13:44:21.803Z,buy,8.1e-07,566.0,0.00045846
VIB/BTC,1608212661803,2020-12-17T13:44:21.803Z,buy,8.1e-07,7694.0,0.00623214
VIB/BTC,1608212661804,2020-12-17T13:44:21.804Z,buy,8.1e-07,566.0,0.00045846
VIB/BTC,1608212661804,2020-12-17T13:44:21.804Z,buy,8.1e-07,566.0,0.00045846
VIB/BTC,1608212661804,2020-12-17T13:44:21.804Z,buy,8.1e-07,566.0,0.00045846
VIB/BTC,1608212661804,2020-12-17T13:44:21.804Z,buy,8.1e-07,566.0,0.00045846
VIB/BTC,1608212661804,2020-12-17T13:44:21.804Z,buy,8.1e-07,566.0,0.00045846
VIB/BTC,1608212661804,2020-12-17T13:44:21.804Z,buy,8.1e-07,566.0,0.00045846
VIB/BTC,1608212661804,2020-12-17T13:44:21.804Z,buy,8.1e-07,566.0,0.00045846
VIB/BTC,1608212661804,2020-12-17T13:44:21.804Z,buy,8.1e-07,566.0,0.00045846
VIB/BTC,1608212661805,2020-12-17T13:44:21.805Z,buy,8.1e-07,566.0,0.00045846
VIB/BTC,1608212661805,2020-12-17T13:44:21.805Z,buy,8.1e-07,566.0,0.00045846
VIB/BTC,1608212661805,2020-12-17T13:44:21.805Z,buy,8.1e-07,9344.0,0.00756864
VIB/BTC,1608212661805,2020-12-17T13:44:21.805Z,buy,8.1e-07,566.0,0.00045846
VIB/BTC,1608212661806,2020-12-17T13:44:21.806Z,buy,8.1e-07,566.0,0.00045846
VIB/BTC,1608212661806,2020-12-17T13:44:21.806Z,buy,8.1e-07,566.0,0.00045846
VIB/BTC,1608212661806,2020-12-17T13:44:21.806Z,buy,8.1e-07,566.0,0.00045846
VIB/BTC,1608212661806,2020-12-17T13:44:21.806Z,buy,8.1e-07,566.0,0.00045846
VIB/BTC,1608212661807,2020-12-17T13:44:21.807Z,buy,8.1e-07,566.0,0.00045846
VIB/BTC,1608212661807,2020-12-17T13:44:21.807Z,buy,8.1e-07,566.0,0.00045846
VIB/BTC,1608212661811,2020-12-17T13:44:21.811Z,buy,8.1e-07,566.0,0.00045846
VIB/BTC,1608212661813,2020-12-17T13:44:21.813Z,buy,8.1e-07,566.0,0.00045846
VIB/BTC,1608212661873,2020-12-17T13:44:21.873Z,buy,8.1e-07,566.0,0.00045846
VIB/BTC,1608212662458,2020-12-17T13:44:22.458Z,sell,8e-07,3477.0,0.0027816
VIB/BTC,1608212670367,2020-12-17T13:44:30.367Z,buy,8.1e-07,313.0,0.0002535299999999
VIB/BTC,1608212686146,2020-12-17T13:44:46.146Z,buy,8.1e-07,52534.0,0.04255254
VIB/BTC,1608212688495,2020-12-17T13:44:48.495Z,buy,8.1e-07,86861.0,0.07035741
VIB/BTC,1608212689579,2020-12-17T13:44:49.579Z,buy,8.1e-07,147398.0,0.1193923799999999
VIB/BTC,1608212692351,2020-12-17T13:44:52.351Z,buy,8.1e-07,117025.0,0.0947902499999999
VIB/BTC,1608212695877,2020-12-17T13:44:55.877Z,buy,8.1e-07,92759.0,0.0751347899999999
VIB/BTC,1608212699084,2020-12-17T13:44:59.084Z,buy,8.1e-07,96748.0,0.07836588
VIB/BTC,1608212700890,2020-12-17T13:45:00.890Z,buy,8.1e-07,23164.0,0.01876284
VIB/BTC,1608212701681,2020-12-17T13:45:01.681Z,buy,8.1e-07,66482.0,0.0538504199999999
VIB/BTC,1608212706425,2020-12-17T13:45:06.425Z,buy,8.1e-07,35926.0,0.02910006
VIB/BTC,1608212721827,2020-12-17T13:45:21.827Z,sell,8e-07,5395.0,0.0043159999999999
VIB/BTC,1608212722466,2020-12-17T13:45:22.466Z,buy,8.1e-07,371.0,0.00030051
VIB/BTC,1608212758216,2020-12-17T13:45:58.216Z,buy,8.1e-07,9536.0,0.00772416
VIB/BTC,1608212806233,2020-12-17T13:46:46.233Z,sell,8e-07,21372.0,0.0170975999999999
VIB/BTC,1608212831731,2020-12-17T13:47:11.731Z,sell,7.9e-07,3677.0,0.0029048299999999
VIB/BTC,1608212846345,2020-12-17T13:47:26.345Z,buy,8e-07,153.0,0.0001224
VIB/BTC,1608212986545,2020-12-17T13:49:46.545Z,sell,7.9e-07,1231.0,0.0009724899999999
VIB/BTC,1608212988700,2020-12-17T13:49:48.700Z,buy,8e-07,34912.0,0.0279296
VIB/BTC,1608213008509,2020-12-17T13:50:08.509Z,buy,8e-07,160809.0,0.1286472
VIB/BTC,1608213008558,2020-12-17T13:50:08.558Z,buy,8e-07,6316.0,0.0050528
VIB/BTC,1608213027044,2020-12-17T13:50:27.044Z,buy,8.1e-07,732016.0,0.59293296
VIB/BTC,1608213034258,2020-12-17T13:50:34.258Z,buy,8.1e-07,38058.0,0.03082698
VIB/BTC,1608213039311,2020-12-17T13:50:39.311Z,buy,8.1e-07,25371.0,0.02055051
VIB/BTC,1608213066026,2020-12-17T13:51:06.026Z,buy,8.2e-07,26428.0,0.02167096
VIB/BTC,1608213073230,2020-12-17T13:51:13.230Z,buy,8.2e-07,839464.0,0.6883604799999999
VIB/BTC,1608213077566,2020-12-17T13:51:17.566Z,buy,8.2e-07,28889.0,0.02368898
VIB/BTC,1608213080248,2020-12-17T13:51:20.248Z,buy,8.2e-07,16096.0,0.01319872
VIB/BTC,1608213082657,2020-12-17T13:51:22.657Z,sell,8.2e-07,2879.0,0.00236078
VIB/BTC,1608213083249,2020-12-17T13:51:23.249Z,sell,8.2e-07,4734.0,0.00388188
VIB/BTC,1608213084138,2020-12-17T13:51:24.138Z,sell,8.2e-07,1696.0,0.00139072
VIB/BTC,1608213084149,2020-12-17T13:51:24.149Z,buy,8.3e-07,131.0,0.00010873
VIB/BTC,1608213086649,2020-12-17T13:51:26.649Z,sell,8.2e-07,222.0,0.0001820399999999
VIB/BTC,1608213113993,2020-12-17T13:51:53.993Z,sell,8.2e-07,60976.0,0.05000032
VIB/BTC,1608213121256,2020-12-17T13:52:01.256Z,sell,8.2e-07,1355.0,0.0011111
VIB/BTC,1608213164812,2020-12-17T13:52:44.812Z,buy,8.3e-07,131.0,0.00010873
VIB/BTC,1608213325174,2020-12-17T13:55:25.174Z,sell,8.2e-07,30488.0,0.02500016
VIB/BTC,1608213329723,2020-12-17T13:55:29.723Z,buy,8.3e-07,131.0,0.00010873
VIB/BTC,1608213353450,2020-12-17T13:55:53.450Z,sell,8.2e-07,979.0,0.00080278
VIB/BTC,1608213353521,2020-12-17T13:55:53.521Z,sell,8.2e-07,979.0,0.00080278
VIB/BTC,1608213353595,2020-12-17T13:55:53.595Z,sell,8.2e-07,979.0,0.00080278
VIB/BTC,1608213353667,2020-12-17T13:55:53.667Z,sell,8.2e-07,979.0,0.00080278
VIB/BTC,1608213353728,2020-12-17T13:55:53.728Z,sell,8.2e-07,833.0,0.00068306
VIB/BTC,1608213397810,2020-12-17T13:56:37.810Z,buy,8.3e-07,131.0,0.00010873
VIB/BTC,1608213507733,2020-12-17T13:58:27.733Z,buy,8.3e-07,72618.0,0.06027294
VIB/BTC,1608213507757,2020-12-17T13:58:27.757Z,sell,8.3e-07,12382.0,0.01027706
VIB/BTC,1608213568499,2020-12-17T13:59:28.499Z,buy,8.3e-07,313.0,0.00025979
VIB/BTC,1608213571377,2020-12-17T13:59:31.377Z,buy,8.3e-07,474.0,0.00039342
VIB/BTC,1608213571377,2020-12-17T13:59:31.377Z,buy,8.4e-07,41.0,3.444e-05
VIB/BTC,1608213597252,2020-12-17T13:59:57.252Z,sell,8.2e-07,121951.0,0.09999982
VIB/BTC,1608213600278,2020-12-17T14:00:00.278Z,buy,8.3e-07,313.0,0.00025979
VIB/BTC,1608213607580,2020-12-17T14:00:07.580Z,buy,8.3e-07,11100.0,0.009213
VIB/BTC,1608213610373,2020-12-17T14:00:10.373Z,sell,8.3e-07,2.0,1.66e-06
VIB/BTC,1608213611915,2020-12-17T14:00:11.915Z,buy,8.3e-07,119.0,9.877e-05
VIB/BTC,1608213611915,2020-12-17T14:00:11.915Z,buy,8.4e-07,14.0,1.176e-05
VIB/BTC,1608213636347,2020-12-17T14:00:36.347Z,buy,8.4e-07,630.0,0.0005292
VIB/BTC,1608213647513,2020-12-17T14:00:47.513Z,sell,8.2e-07,48780.0,0.0399995999999999
VIB/BTC,1608213654214,2020-12-17T14:00:54.214Z,buy,8.3e-07,11294.0,0.00937402
VIB/BTC,1608213654862,2020-12-17T14:00:54.862Z,sell,8.3e-07,1.0,8.3e-07
VIB/BTC,1608213657987,2020-12-17T14:00:57.987Z,sell,8.2e-07,602.0,0.0004936399999999
VIB/BTC,1608213658756,2020-12-17T14:00:58.756Z,buy,8.3e-07,121.0,0.00010043
VIB/BTC,1608213658756,2020-12-17T14:00:58.756Z,buy,8.4e-07,192.0,0.00016128
VIB/BTC,1608213707649,2020-12-17T14:01:47.649Z,sell,8.3e-07,1703.0,0.0014134899999999
VIB/BTC,1608213713549,2020-12-17T14:01:53.549Z,sell,8.3e-07,1325.0,0.00109975
VIB/BTC,1608213737979,2020-12-17T14:02:17.979Z,sell,8.3e-07,2218.0,0.00184094
VIB/BTC,1608213737979,2020-12-17T14:02:17.979Z,sell,8.2e-07,97782.0,0.08018124
VIB/BTC,1608213741933,2020-12-17T14:02:21.933Z,buy,8.3e-07,313.0,0.00025979
VIB/BTC,1608213748893,2020-12-17T14:02:28.893Z,buy,8.3e-07,10985.0,0.00911755
VIB/BTC,1608213753205,2020-12-17T14:02:33.205Z,buy,8.3e-07,2438.0,0.00202354
VIB/BTC,1608213757317,2020-12-17T14:02:37.317Z,buy,8.4e-07,141.0,0.00011844
VIB/BTC,1608213788156,2020-12-17T14:03:08.156Z,sell,8.3e-07,1010.0,0.0008383
VIB/BTC,1608213788156,2020-12-17T14:03:08.156Z,sell,8.2e-07,5949.0,0.00487818
VIB/BTC,1608213819270,2020-12-17T14:03:39.270Z,buy,8.3e-07,1328.0,0.00110224
VIB/BTC,1608213825370,2020-12-17T14:03:45.370Z,buy,8.4e-07,131.0,0.00011004
VIB/BTC,1608213846713,2020-12-17T14:04:06.713Z,sell,8.3e-07,1374.0,0.00114042
VIB/BTC,1608213846713,2020-12-17T14:04:06.713Z,sell,8.2e-07,35211.0,0.02887302
VIB/BTC,1608213856970,2020-12-17T14:04:16.970Z,buy,8.3e-07,131.0,0.00010873
VIB/BTC,1608213867057,2020-12-17T14:04:27.057Z,sell,8.2e-07,3966.0,0.00325212
VIB/BTC,1608213867057,2020-12-17T14:04:27.057Z,sell,8.1e-07,130533.0,0.10573173
VIB/BTC,1608213867057,2020-12-17T14:04:27.057Z,sell,8e-07,155301.0,0.1242408
VIB/BTC,1608213867065,2020-12-17T14:04:27.065Z,buy,8e-07,198079.0,0.1584632
VIB/BTC,1608213867072,2020-12-17T14:04:27.072Z,buy,8e-07,63395.0,0.050716
VIB/BTC,1608213867094,2020-12-17T14:04:27.094Z,sell,7.9e-07,5404.0,0.00426916
VIB/BTC,1608213867331,2020-12-17T14:04:27.331Z,sell,8e-07,56486.0,0.0451888
VIB/BTC,1608213867397,2020-12-17T14:04:27.397Z,sell,7.9e-07,3966.0,0.00313314
VIB/BTC,1608213902614,2020-12-17T14:05:02.614Z,sell,7.9e-07,1678.0,0.00132562
VIB/BTC,1608213902803,2020-12-17T14:05:02.803Z,sell,7.9e-07,679.0,0.00053641
VIB/BTC,1608213902896,2020-12-17T14:05:02.896Z,sell,7.9e-07,679.0,0.00053641
VIB/BTC,1608213903052,2020-12-17T14:05:03.052Z,sell,7.9e-07,679.0,0.00053641
VIB/BTC,1608213903249,2020-12-17T14:05:03.249Z,sell,7.9e-07,679.0,0.00053641
VIB/BTC,1608213903472,2020-12-17T14:05:03.472Z,sell,7.9e-07,679.0,0.00053641
VIB/BTC,1608213903634,2020-12-17T14:05:03.634Z,sell,7.9e-07,679.0,0.00053641
VIB/BTC,1608213903890,2020-12-17T14:05:03.890Z,sell,7.9e-07,679.0,0.00053641
VIB/BTC,1608213904577,2020-12-17T14:05:04.577Z,sell,7.9e-07,679.0,0.00053641
VIB/BTC,1608213905493,2020-12-17T14:05:05.493Z,sell,7.9e-07,674.0,0.00053246
VIB/BTC,1608213909663,2020-12-17T14:05:09.663Z,buy,8e-07,1347.0,0.0010776
VIB/BTC,1608213927863,2020-12-17T14:05:27.863Z,buy,8e-07,521.0,0.0004168
VIB/BTC,1608213962973,2020-12-17T14:06:02.973Z,buy,8e-07,2092.0,0.0016736
VIB/BTC,1608213963612,2020-12-17T14:06:03.612Z,buy,8e-07,545.0,0.0004359999999999
VIB/BTC,1608214060753,2020-12-17T14:07:40.753Z,buy,8e-07,187500.0,0.15
VIB/BTC,1608214091734,2020-12-17T14:08:11.734Z,sell,7.9e-07,1221.0,0.00096459
VIB/BTC,1608214142271,2020-12-17T14:09:02.271Z,sell,7.9e-07,1400.0,0.001106
VIB/BTC,1608214144119,2020-12-17T14:09:04.119Z,sell,7.9e-07,298.0,0.00023542
VIB/BTC,1608214153894,2020-12-17T14:09:13.894Z,sell,7.9e-07,150.0,0.0001185
VIB/BTC,1608214162973,2020-12-17T14:09:22.973Z,buy,8e-07,250.0,0.0001999999999999
VIB/BTC,1608214596730,2020-12-17T14:16:36.730Z,buy,8e-07,6889.0,0.0055112
VIB/BTC,1608214814944,2020-12-17T14:20:14.944Z,sell,7.9e-07,886.0,0.0006999399999999
VIB/BTC,1608214815212,2020-12-17T14:20:15.212Z,sell,7.9e-07,1444.0,0.00114076
VIB/BTC,1608215067916,2020-12-17T14:24:27.916Z,sell,7.9e-07,2173.0,0.00171667
VIB/BTC,1608215134116,2020-12-17T14:25:34.116Z,sell,7.9e-07,10272.0,0.00811488
VIB/BTC,1608215235923,2020-12-17T14:27:15.923Z,sell,7.9e-07,5000.0,0.0039499999999999
VIB/BTC,1608215235924,2020-12-17T14:27:15.924Z,sell,7.9e-07,5000.0,0.0039499999999999
VIB/BTC,1608215235927,2020-12-17T14:27:15.927Z,sell,7.9e-07,1786.0,0.0014109399999999
VIB/BTC,1608215235928,2020-12-17T14:27:15.928Z,sell,7.9e-07,3864.0,0.0030525599999999
VIB/BTC,1608215237207,2020-12-17T14:27:17.207Z,buy,7.9e-07,183.0,0.0001445699999999
VIB/BTC,1608215241191,2020-12-17T14:27:21.191Z,sell,7.8e-07,13738.0,0.01071564
VIB/BTC,1608215241191,2020-12-17T14:27:21.191Z,sell,7.8e-07,13738.0,0.01071564
VIB/BTC,1608215392235,2020-12-17T14:29:52.235Z,buy,7.9e-07,237.0,0.0001872299999999
VIB/BTC,1608215504296,2020-12-17T14:31:44.296Z,buy,7.9e-07,2301.0,0.00181779
VIB/BTC,1608215539499,2020-12-17T14:32:19.499Z,buy,7.9e-07,5198.0,0.0041064199999999
VIB/BTC,1608216049480,2020-12-17T14:40:49.480Z,buy,7.9e-07,200.0,0.000158
VIB/BTC,1608216054036,2020-12-17T14:40:54.036Z,buy,7.9e-07,138.0,0.00010902
VIB/BTC,1608216736513,2020-12-17T14:52:16.513Z,sell,7.8e-07,17392.0,0.01356576
VIB/BTC,1608216736529,2020-12-17T14:52:16.529Z,buy,7.8e-07,3584.0,0.00279552
VIB/BTC,1608216736550,2020-12-17T14:52:16.550Z,buy,7.8e-07,10130.0,0.0079014
VIB/BTC,1608216736631,2020-12-17T14:52:16.631Z,buy,7.8e-07,10130.0,0.0079014
VIB/BTC,1608216736652,2020-12-17T14:52:16.652Z,buy,7.8e-07,388.0,0.00030264
VIB/BTC,1608216747056,2020-12-17T14:52:27.056Z,buy,7.8e-07,10277.0,0.00801606
VIB/BTC,1608216920059,2020-12-17T14:55:20.059Z,buy,7.8e-07,119935.0,0.0935493
VIB/BTC,1608216991524,2020-12-17T14:56:31.524Z,buy,7.9e-07,1082.0,0.00085478
VIB/BTC,1608217057964,2020-12-17T14:57:37.964Z,sell,7.8e-07,27705.0,0.0216099
VIB/BTC,1608217108806,2020-12-17T14:58:28.806Z,buy,7.8e-07,238.0,0.00018564
VIB/BTC,1608217684226,2020-12-17T15:08:04.226Z,buy,7.8e-07,3197.0,0.00249366
VIB/BTC,1608217856046,2020-12-17T15:10:56.046Z,sell,7.8e-07,194.0,0.00015132
VIB/BTC,1608218279268,2020-12-17T15:17:59.268Z,buy,7.9e-07,57765.0,0.04563435
VIB/BTC,1608218385455,2020-12-17T15:19:45.455Z,buy,7.9e-07,136.0,0.0001074399999999
VIB/BTC,1608218718759,2020-12-17T15:25:18.759Z,buy,7.9e-07,60452.0,0.04775708
VIB/BTC,1608218718759,2020-12-17T15:25:18.759Z,buy,7.9e-07,60452.0,0.04775708
VIB/BTC,1608219046561,2020-12-17T15:30:46.561Z,sell,7.8e-07,20000.0,0.0156
VIB/BTC,1608219629061,2020-12-17T15:40:29.061Z,sell,7.8e-07,3488.0,0.00272064
VIB/BTC,1608219958010,2020-12-17T15:45:58.010Z,sell,7.8e-07,13958.0,0.01088724
VIB/BTC,1608219998925,2020-12-17T15:46:38.925Z,buy,7.8e-07,238.0,0.00018564
VIB/BTC,1608220116455,2020-12-17T15:48:36.455Z,buy,7.8e-07,10130.0,0.0079014
VIB/BTC,1608220116494,2020-12-17T15:48:36.494Z,buy,7.8e-07,9710.0,0.0075738
VIB/BTC,1608220379462,2020-12-17T15:52:59.462Z,buy,7.8e-07,6267.0,0.00488826
VIB/BTC,1608220782242,2020-12-17T15:59:42.242Z,sell,7.7e-07,69762.0,0.05371674
VIB/BTC,1608221016715,2020-12-17T16:03:36.715Z,sell,7.7e-07,418.0,0.00032186
VIB/BTC,1608221154476,2020-12-17T16:05:54.476Z,sell,7.7e-07,1315.0,0.00101255
VIB/BTC,1608221156181,2020-12-17T16:05:56.181Z,sell,7.7e-07,1184.0,0.00091168
VIB/BTC,1608221206031,2020-12-17T16:06:46.031Z,sell,7.7e-07,14346.0,0.01104642
VIB/BTC,1608221206041,2020-12-17T16:06:46.041Z,buy,7.7e-07,7543.0,0.00580811
VIB/BTC,1608221206048,2020-12-17T16:06:46.048Z,buy,7.7e-07,7569.0,0.00582813
VIB/BTC,1608221206089,2020-12-17T16:06:46.089Z,buy,7.8e-07,1298.0,0.00101244
VIB/BTC,1608221230971,2020-12-17T16:07:10.971Z,sell,7.7e-07,1032.0,0.00079464
VIB/BTC,1608221250715,2020-12-17T16:07:30.715Z,sell,7.7e-07,1292.0,0.00099484
VIB/BTC,1608221310833,2020-12-17T16:08:30.833Z,buy,7.8e-07,24920.0,0.0194376
VIB/BTC,1608221451233,2020-12-17T16:10:51.233Z,buy,7.8e-07,167.0,0.00013026
VIB/BTC,1608222137826,2020-12-17T16:22:17.826Z,sell,7.7e-07,4557.0,0.00350889
VIB/BTC,1608222137826,2020-12-17T16:22:17.826Z,sell,7.7e-07,4557.0,0.00350889
VIB/BTC,1608222568387,2020-12-17T16:29:28.387Z,sell,7.7e-07,194.0,0.00014938
VIB/BTC,1608223185731,2020-12-17T16:39:45.731Z,sell,7.7e-07,6923.0,0.00533071
VIB/BTC,1608223322421,2020-12-17T16:42:02.421Z,buy,7.8e-07,16971.0,0.01323738
VIB/BTC,1608223326578,2020-12-17T16:42:06.578Z,buy,7.8e-07,2437.0,0.00190086
VIB/BTC,1608223331669,2020-12-17T16:42:11.669Z,buy,7.8e-07,3081.0,0.00240318
VIB/BTC,1608223397489,2020-12-17T16:43:17.489Z,sell,7.7e-07,1368.0,0.00105336
VIB/BTC,1608223612363,2020-12-17T16:46:52.363Z,sell,7.7e-07,766.0,0.00058982
VIB/BTC,1608223642237,2020-12-17T16:47:22.237Z,sell,7.7e-07,22051.0,0.01697927
VIB/BTC,1608223899985,2020-12-17T16:51:39.985Z,buy,7.8e-07,11038.0,0.00860964
VIB/BTC,1608224134907,2020-12-17T16:55:34.907Z,sell,7.7e-07,400.0,0.000308
VIB/BTC,1608224690539,2020-12-17T17:04:50.539Z,sell,7.7e-07,28290.0,0.0217833
VIB/BTC,1608224919215,2020-12-17T17:08:39.215Z,sell,7.7e-07,7762.0,0.00597674
VIB/BTC,1608225148272,2020-12-17T17:12:28.272Z,buy,7.8e-07,7600.0,0.005928
VIB/BTC,1608225155152,2020-12-17T17:12:35.152Z,sell,7.7e-07,2301.0,0.00177177
VIB/BTC,1608225160548,2020-12-17T17:12:40.548Z,sell,7.7e-07,6422.0,0.00494494
VIB/BTC,1608225164978,2020-12-17T17:12:44.978Z,buy,7.8e-07,7600.0,0.005928
VIB/BTC,1608225164978,2020-12-17T17:12:44.978Z,buy,7.8e-07,7600.0,0.005928
VIB/BTC,1608225909818,2020-12-17T17:25:09.818Z,buy,7.8e-07,4786.0,0.00373308
VIB/BTC,1608226330380,2020-12-17T17:32:10.380Z,buy,7.8e-07,2812.0,0.00219336
VIB/BTC,1608226396115,2020-12-17T17:33:16.115Z,buy,7.8e-07,108865.0,0.0849147
VIB/BTC,1608226428774,2020-12-17T17:33:48.774Z,buy,7.8e-07,12807.0,0.00998946
VIB/BTC,1608226774310,2020-12-17T17:39:34.310Z,sell,7.7e-07,3420.0,0.0026334
VIB/BTC,1608227670320,2020-12-17T17:54:30.320Z,sell,7.7e-07,1666.0,0.00128282
VIB/BTC,1608227989933,2020-12-17T17:59:49.933Z,sell,7.7e-07,11651.0,0.00897127
VIB/BTC,1608227990064,2020-12-17T17:59:50.064Z,sell,7.7e-07,9459.0,0.00728343
VIB/BTC,1608227990136,2020-12-17T17:59:50.136Z,sell,7.7e-07,8287.0,0.00638099
VIB/BTC,1608227991920,2020-12-17T17:59:51.920Z,sell,7.7e-07,2179.0,0.00167783
VIB/BTC,1608227999846,2020-12-17T17:59:59.846Z,sell,7.7e-07,918.0,0.00070686
VIB/BTC,1608228233801,2020-12-17T18:03:53.801Z,sell,7.7e-07,3468.0,0.00267036
VIB/BTC,1608228358175,2020-12-17T18:05:58.175Z,buy,7.8e-07,1791.0,0.00139698
VIB/BTC,1608228433663,2020-12-17T18:07:13.663Z,buy,7.8e-07,1602.0,0.00124956
VIB/BTC,1608228617578,2020-12-17T18:10:17.578Z,buy,7.8e-07,1173.0,0.00091494
VIB/BTC,1608228617578,2020-12-17T18:10:17.578Z,buy,7.8e-07,1173.0,0.00091494
VIB/BTC,1608228806604,2020-12-17T18:13:26.604Z,buy,7.8e-07,25295.0,0.0197301
VIB/BTC,1608229033401,2020-12-17T18:17:13.401Z,buy,7.8e-07,32051.0,0.02499978
VIB/BTC,1608229120333,2020-12-17T18:18:40.333Z,sell,7.7e-07,15000.0,0.01155
VIB/BTC,1608229602306,2020-12-17T18:26:42.306Z,sell,7.7e-07,2711.0,0.00208747
VIB/BTC,1608229618235,2020-12-17T18:26:58.235Z,buy,7.8e-07,12190.0,0.0095082
VIB/BTC,1608229998988,2020-12-17T18:33:18.988Z,buy,7.8e-07,2219.0,0.00173082
VIB/BTC,1608230202944,2020-12-17T18:36:42.944Z,sell,7.7e-07,512.0,0.00039424
VIB/BTC,1608230317789,2020-12-17T18:38:37.789Z,sell,7.7e-07,3718.0,0.00286286
VIB/BTC,1608230488956,2020-12-17T18:41:28.956Z,buy,7.8e-07,11059.0,0.00862602
VIB/BTC,1608230523056,2020-12-17T18:42:03.056Z,buy,7.8e-07,129.0,0.00010062
VIB/BTC,1608231811430,2020-12-17T19:03:31.430Z,sell,7.7e-07,1110.0,0.0008547
VIB/BTC,1608232116748,2020-12-17T19:08:36.748Z,sell,7.7e-07,1240.0,0.0009548
VIB/BTC,1608232155032,2020-12-17T19:09:15.032Z,sell,7.7e-07,1781.0,0.00137137
VIB/BTC,1608232155032,2020-12-17T19:09:15.032Z,sell,7.7e-07,1781.0,0.00137137
VIB/BTC,1608232431425,2020-12-17T19:13:51.425Z,sell,7.7e-07,3079.0,0.00237083
VIB/BTC,1608232431649,2020-12-17T19:13:51.649Z,sell,7.7e-07,2518.0,0.00193886
VIB/BTC,1608232523384,2020-12-17T19:15:23.384Z,sell,7.7e-07,2219.0,0.00170863
VIB/BTC,1608232848044,2020-12-17T19:20:48.044Z,sell,7.7e-07,1000.0,0.00077
VIB/BTC,1608233348961,2020-12-17T19:29:08.961Z,buy,7.8e-07,130.0,0.0001014
VIB/BTC,1608233518002,2020-12-17T19:31:58.002Z,buy,7.8e-07,129.0,0.00010062
VIB/BTC,1608234152096,2020-12-17T19:42:32.096Z,sell,7.7e-07,30381.0,0.02339337
VIB/BTC,1608234190373,2020-12-17T19:43:10.373Z,sell,7.7e-07,5990.0,0.0046123
VIB/BTC,1608234190403,2020-12-17T19:43:10.403Z,sell,7.7e-07,1315.0,0.00101255
VIB/BTC,1608234296693,2020-12-17T19:44:56.693Z,buy,7.8e-07,12266.0,0.00956748
VIB/BTC,1608234799534,2020-12-17T19:53:19.534Z,buy,7.8e-07,106645.0,0.0831831
VIB/BTC,1608234832090,2020-12-17T19:53:52.090Z,sell,7.8e-07,15002.0,0.01170156
VIB/BTC,1608235104972,2020-12-17T19:58:24.972Z,sell,7.8e-07,4306.0,0.00335868
VIB/BTC,1608235108071,2020-12-17T19:58:28.071Z,sell,7.8e-07,4080.0,0.0031824
VIB/BTC,1608235627135,2020-12-17T20:07:07.135Z,sell,7.8e-07,14389.0,0.01122342
VIB/BTC,1608235627135,2020-12-17T20:07:07.135Z,sell,7.8e-07,14389.0,0.01122342
VIB/BTC,1608236742140,2020-12-17T20:25:42.140Z,sell,7.8e-07,193.0,0.00015054
VIB/BTC,1608237221278,2020-12-17T20:33:41.278Z,buy,7.9e-07,73800.0,0.058302
VIB/BTC,1608237221826,2020-12-17T20:33:41.826Z,sell,7.9e-07,1904.0,0.0015041599999999
VIB/BTC,1608237221842,2020-12-17T20:33:41.842Z,sell,7.9e-07,8113.0,0.00640927
VIB/BTC,1608237222392,2020-12-17T20:33:42.392Z,sell,7.9e-07,5032.0,0.0039752799999999
VIB/BTC,1608237222648,2020-12-17T20:33:42.648Z,sell,7.9e-07,3081.0,0.00243399
VIB/BTC,1608237225053,2020-12-17T20:33:45.053Z,buy,8e-07,8113.0,0.0064903999999999
VIB/BTC,1608237307231,2020-12-17T20:35:07.231Z,sell,7.9e-07,6395.0,0.00505205
VIB/BTC,1608237595933,2020-12-17T20:39:55.933Z,buy,8e-07,107109.0,0.0856871999999999
VIB/BTC,1608237595939,2020-12-17T20:39:55.939Z,sell,8e-07,23823.0,0.0190584
VIB/BTC,1608237596036,2020-12-17T20:39:56.036Z,sell,8e-07,669032.0,0.5352256
VIB/BTC,1608237604784,2020-12-17T20:40:04.784Z,buy,8e-07,558030.0,0.446424
VIB/BTC,1608237612689,2020-12-17T20:40:12.689Z,buy,8e-07,383125.0,0.3065
VIB/BTC,1608237619990,2020-12-17T20:40:19.990Z,buy,8e-07,299837.0,0.2398696
VIB/BTC,1608237631386,2020-12-17T20:40:31.386Z,buy,8e-07,466413.0,0.3731304
VIB/BTC,1608237640947,2020-12-17T20:40:40.947Z,buy,8e-07,333152.0,0.2665215999999999
VIB/BTC,1608237642496,2020-12-17T20:40:42.496Z,buy,8e-07,15643.0,0.0125144
VIB/BTC,1608237649025,2020-12-17T20:40:49.025Z,buy,8e-07,11087.0,0.0088696
VIB/BTC,1608237649169,2020-12-17T20:40:49.169Z,sell,8e-07,291439.0,0.2331512
VIB/BTC,1608237649242,2020-12-17T20:40:49.242Z,sell,7.9e-07,11732.0,0.00926828
VIB/BTC,1608237671932,2020-12-17T20:41:11.932Z,buy,8e-07,239138.0,0.1913104
VIB/BTC,1608237675659,2020-12-17T20:41:15.659Z,buy,8e-07,32484.0,0.0259872
VIB/BTC,1608237689187,2020-12-17T20:41:29.187Z,buy,8e-07,162418.0,0.1299344
VIB/BTC,1608237694804,2020-12-17T20:41:34.804Z,buy,8e-07,56722.0,0.0453776
VIB/BTC,1608237813227,2020-12-17T20:43:33.227Z,buy,8e-07,27446.0,0.0219568
VIB/BTC,1608237813234,2020-12-17T20:43:33.234Z,sell,8e-07,22391.0,0.0179128
VIB/BTC,1608237813235,2020-12-17T20:43:33.235Z,sell,8e-07,1000.0,0.0007999999999999
VIB/BTC,1608237855394,2020-12-17T20:44:15.394Z,sell,8e-07,21286.0,0.0170288
VIB/BTC,1608237855396,2020-12-17T20:44:15.396Z,sell,8e-07,21286.0,0.0170288
VIB/BTC,1608237855399,2020-12-17T20:44:15.399Z,sell,8e-07,21286.0,0.0170288
VIB/BTC,1608237855401,2020-12-17T20:44:15.401Z,sell,8e-07,21285.0,0.0170279999999999
VIB/BTC,1608237855944,2020-12-17T20:44:15.944Z,buy,8e-07,12570.0,0.0100559999999999
VIB/BTC,1608237885716,2020-12-17T20:44:45.716Z,sell,8e-07,910.0,0.0007279999999999
VIB/BTC,1608237885733,2020-12-17T20:44:45.733Z,sell,8e-07,1823.0,0.0014583999999999
VIB/BTC,1608237918166,2020-12-17T20:45:18.166Z,sell,8e-07,144615.0,0.1156919999999999
VIB/BTC,1608237920493,2020-12-17T20:45:20.493Z,sell,8e-07,1000.0,0.0007999999999999
VIB/BTC,1608237944751,2020-12-17T20:45:44.751Z,sell,8e-07,1000.0,0.0007999999999999
VIB/BTC,1608237961964,2020-12-17T20:46:01.964Z,sell,8e-07,1000.0,0.0007999999999999
VIB/BTC,1608237963042,2020-12-17T20:46:03.042Z,sell,8e-07,1000.0,0.0007999999999999
VIB/BTC,1608237989097,2020-12-17T20:46:29.097Z,buy,8.1e-07,158.0,0.00012798
VIB/BTC,1608238103514,2020-12-17T20:48:23.514Z,sell,8e-07,527.0,0.0004216
VIB/BTC,1608238129527,2020-12-17T20:48:49.527Z,sell,8e-07,57806.0,0.0462447999999999
VIB/BTC,1608238134350,2020-12-17T20:48:54.350Z,sell,8e-07,46770.0,0.037416
VIB/BTC,1608238140178,2020-12-17T20:49:00.178Z,buy,8.1e-07,215717.0,0.17473077
VIB/BTC,1608238143232,2020-12-17T20:49:03.232Z,buy,8.1e-07,15000.0,0.01215
VIB/BTC,1608238148732,2020-12-17T20:49:08.732Z,buy,8.1e-07,15000.0,0.01215
VIB/BTC,1608238160952,2020-12-17T20:49:20.952Z,buy,8.1e-07,616463.0,0.4993350299999999
VIB/BTC,1608238166849,2020-12-17T20:49:26.849Z,buy,8.1e-07,49077.0,0.03975237
VIB/BTC,1608238166939,2020-12-17T20:49:26.939Z,buy,8.1e-07,31549.0,0.0255546899999999
VIB/BTC,1608238174302,2020-12-17T20:49:34.302Z,buy,8.1e-07,33293.0,0.0269673299999999
VIB/BTC,1608238186600,2020-12-17T20:49:46.600Z,buy,8.1e-07,40.0,3.24e-05
VIB/BTC,1608238187653,2020-12-17T20:49:47.653Z,buy,8.1e-07,523912.0,0.42436872
VIB/BTC,1608238200903,2020-12-17T20:50:00.903Z,buy,8.1e-07,401762.0,0.32542722
VIB/BTC,1608238206047,2020-12-17T20:50:06.047Z,buy,8.1e-07,46677.0,0.03780837
VIB/BTC,1608238213913,2020-12-17T20:50:13.913Z,buy,8.1e-07,3782.0,0.00306342
VIB/BTC,1608238299636,2020-12-17T20:51:39.636Z,buy,8.1e-07,26516.0,0.02147796
VIB/BTC,1608238336982,2020-12-17T20:52:16.982Z,buy,8.1e-07,440.0,0.0003564
VIB/BTC,1608238351020,2020-12-17T20:52:31.020Z,buy,8.1e-07,17612.0,0.0142657199999999
VIB/BTC,1608238421278,2020-12-17T20:53:41.278Z,sell,8e-07,12511.0,0.0100088
VIB/BTC,1608238547221,2020-12-17T20:55:47.221Z,buy,8.1e-07,713788.0,0.57816828
VIB/BTC,1608238557382,2020-12-17T20:55:57.382Z,buy,8.1e-07,15715.0,0.01272915
VIB/BTC,1608238649775,2020-12-17T20:57:29.775Z,sell,8e-07,36325.0,0.02906
VIB/BTC,1608238665570,2020-12-17T20:57:45.570Z,sell,8e-07,3001.0,0.0024008
VIB/BTC,1608238665718,2020-12-17T20:57:45.718Z,sell,8e-07,133.0,0.0001064
VIB/BTC,1608238685665,2020-12-17T20:58:05.665Z,sell,8e-07,1963.0,0.0015704
VIB/BTC,1608238736191,2020-12-17T20:58:56.191Z,sell,8e-07,24968.0,0.0199744
VIB/BTC,1608238759005,2020-12-17T20:59:19.005Z,buy,8.1e-07,32981.0,0.02671461
VIB/BTC,1608238764583,2020-12-17T20:59:24.583Z,sell,8.1e-07,354.0,0.00028674
VIB/BTC,1608238765062,2020-12-17T20:59:25.062Z,sell,8.1e-07,353.0,0.00028593
VIB/BTC,1608238765077,2020-12-17T20:59:25.077Z,sell,8.1e-07,82201.0,0.0665828099999999
VIB/BTC,1608238765543,2020-12-17T20:59:25.543Z,sell,8.1e-07,354.0,0.00028674
VIB/BTC,1608238780501,2020-12-17T20:59:40.501Z,sell,8.1e-07,10578.0,0.00856818
VIB/BTC,1608238823386,2020-12-17T21:00:23.386Z,buy,8.1e-07,681662.0,0.55214622
VIB/BTC,1608238837005,2020-12-17T21:00:37.005Z,buy,8.1e-07,437381.0,0.35427861
VIB/BTC,1608238850830,2020-12-17T21:00:50.830Z,buy,8.1e-07,291569.0,0.23617089
VIB/BTC,1608238866451,2020-12-17T21:01:06.451Z,buy,8.1e-07,259172.0,0.20992932
VIB/BTC,1608238892005,2020-12-17T21:01:32.005Z,buy,8.1e-07,194.0,0.00015714
VIB/BTC,1608238896358,2020-12-17T21:01:36.358Z,buy,8.1e-07,631.0,0.00051111
VIB/BTC,1608238899680,2020-12-17T21:01:39.680Z,buy,8.1e-07,242.0,0.0001960199999999
VIB/BTC,1608238905624,2020-12-17T21:01:45.624Z,buy,8.1e-07,971.0,0.0007865099999999
VIB/BTC,1608238909530,2020-12-17T21:01:49.530Z,buy,8.1e-07,161.0,0.00013041
VIB/BTC,1608238913033,2020-12-17T21:01:53.033Z,buy,8.1e-07,190.0,0.0001539
VIB/BTC,1608238920170,2020-12-17T21:02:00.170Z,buy,8.1e-07,292.0,0.00023652
VIB/BTC,1608238923134,2020-12-17T21:02:03.134Z,buy,8.1e-07,452.0,0.00036612
VIB/BTC,1608238925564,2020-12-17T21:02:05.564Z,buy,8.1e-07,854.0,0.0006917399999999
VIB/BTC,1608238932407,2020-12-17T21:02:12.407Z,buy,8.1e-07,200.0,0.000162
VIB/BTC,1608238935192,2020-12-17T21:02:15.192Z,buy,8.1e-07,150.0,0.0001215
VIB/BTC,1608238941196,2020-12-17T21:02:21.196Z,buy,8.1e-07,241.0,0.00019521
VIB/BTC,1608238943286,2020-12-17T21:02:23.286Z,buy,8.1e-07,200.0,0.000162
VIB/BTC,1608238944968,2020-12-17T21:02:24.968Z,buy,8.1e-07,200.0,0.000162
VIB/BTC,1608238950733,2020-12-17T21:02:30.733Z,buy,8.1e-07,180.0,0.0001458
VIB/BTC,1608238953508,2020-12-17T21:02:33.508Z,buy,8.1e-07,132.0,0.00010692
VIB/BTC,1608238959284,2020-12-17T21:02:39.284Z,buy,8.1e-07,147.0,0.00011907
VIB/BTC,1608238963017,2020-12-17T21:02:43.017Z,buy,8.1e-07,179.0,0.00014499
VIB/BTC,1608238967581,2020-12-17T21:02:47.581Z,buy,8.1e-07,163.0,0.00013203
VIB/BTC,1608239043689,2020-12-17T21:04:03.689Z,buy,8.1e-07,149895.0,0.12141495
VIB/BTC,1608239043689,2020-12-17T21:04:03.689Z,buy,8.2e-07,58818.0,0.04823076
VIB/BTC,1608239043991,2020-12-17T21:04:03.991Z,buy,8.1e-07,10032.0,0.00812592
VIB/BTC,1608239043994,2020-12-17T21:04:03.994Z,buy,8.1e-07,1032.0,0.00083592
VIB/BTC,1608239044107,2020-12-17T21:04:04.107Z,buy,8.1e-07,229.0,0.00018549
VIB/BTC,1608239192886,2020-12-17T21:06:32.886Z,sell,8.1e-07,354.0,0.00028674
VIB/BTC,1608239194500,2020-12-17T21:06:34.500Z,sell,8.1e-07,1250.0,0.0010125
VIB/BTC,1608239222869,2020-12-17T21:07:02.869Z,sell,8.1e-07,317.0,0.0002567699999999
VIB/BTC,1608239222869,2020-12-17T21:07:02.869Z,sell,8.1e-07,317.0,0.0002567699999999
VIB/BTC,1608239246198,2020-12-17T21:07:26.198Z,buy,8.1e-07,2000.0,0.00162
VIB/BTC,1608239252636,2020-12-17T21:07:32.636Z,sell,8.1e-07,3771.0,0.00305451
VIB/BTC,1608239361893,2020-12-17T21:09:21.893Z,buy,8.1e-07,232.0,0.00018792
VIB/BTC,1608239383714,2020-12-17T21:09:43.714Z,buy,8.1e-07,1901.0,0.00153981
VIB/BTC,1608239388268,2020-12-17T21:09:48.268Z,buy,8.1e-07,37.0,2.997e-05
VIB/BTC,1608239537666,2020-12-17T21:12:17.666Z,buy,8.1e-07,40.0,3.24e-05
VIB/BTC,1608239626058,2020-12-17T21:13:46.058Z,buy,8.1e-07,41.0,3.321e-05
VIB/BTC,1608239704554,2020-12-17T21:15:04.554Z,buy,8.1e-07,35.0,2.835e-05
VIB/BTC,1608239707554,2020-12-17T21:15:07.554Z,sell,8e-07,199.0,0.0001592
VIB/BTC,1608239736294,2020-12-17T21:15:36.294Z,sell,8e-07,5765.0,0.004612
VIB/BTC,1608239820439,2020-12-17T21:17:00.439Z,sell,8e-07,28566.0,0.0228528
VIB/BTC,1608239994718,2020-12-17T21:19:54.718Z,sell,8e-07,1601.0,0.0012808
VIB/BTC,1608240099185,2020-12-17T21:21:39.185Z,sell,8e-07,47966.0,0.0383728
VIB/BTC,1608240111520,2020-12-17T21:21:51.520Z,sell,8e-07,169.0,0.0001352
VIB/BTC,1608240223113,2020-12-17T21:23:43.113Z,sell,8e-07,13262.0,0.0106096
VIB/BTC,1608240237307,2020-12-17T21:23:57.307Z,sell,8e-07,9114.0,0.0072911999999999
VIB/BTC,1608240296159,2020-12-17T21:24:56.159Z,buy,8e-07,127.0,0.0001015999999999
VIB/BTC,1608241103213,2020-12-17T21:38:23.213Z,buy,8e-07,126.0,0.0001008
VIB/BTC,1608241644987,2020-12-17T21:47:24.987Z,buy,8e-07,1932.0,0.0015455999999999
VIB/BTC,1608241945562,2020-12-17T21:52:25.562Z,sell,7.9e-07,325.0,0.00025675
VIB/BTC,1608242206765,2020-12-17T21:56:46.765Z,sell,7.9e-07,2250.0,0.0017775
VIB/BTC,1608242272946,2020-12-17T21:57:52.946Z,buy,8e-07,1932.0,0.0015455999999999
VIB/BTC,1608242321328,2020-12-17T21:58:41.328Z,buy,8e-07,5425.0,0.00434
VIB/BTC,1608242412568,2020-12-17T22:00:12.568Z,sell,7.9e-07,176.0,0.00013904
VIB/BTC,1608242532473,2020-12-17T22:02:12.473Z,buy,8e-07,46.0,3.68e-05
VIB/BTC,1608242719389,2020-12-17T22:05:19.389Z,buy,8e-07,1010.0,0.000808
VIB/BTC,1608242719389,2020-12-17T22:05:19.389Z,buy,8e-07,1010.0,0.000808
VIB/BTC,1608242956342,2020-12-17T22:09:16.342Z,buy,8e-07,7446.0,0.0059568
VIB/BTC,1608242957618,2020-12-17T22:09:17.618Z,sell,8e-07,2183.0,0.0017464
VIB/BTC,1608243048011,2020-12-17T22:10:48.011Z,sell,8e-07,340.0,0.000272
VIB/BTC,1608244308591,2020-12-17T22:31:48.591Z,sell,8e-07,5199.0,0.0041592
VIB/BTC,1608244625591,2020-12-17T22:37:05.591Z,buy,8.1e-07,10000.0,0.0081
VIB/BTC,1608245872928,2020-12-17T22:57:52.928Z,sell,8e-07,6198.0,0.0049584
VIB/BTC,1608245872928,2020-12-17T22:57:52.928Z,sell,8e-07,6198.0,0.0049584
VIB/BTC,1608246729330,2020-12-17T23:12:09.330Z,buy,8.1e-07,1001.0,0.00081081
VIB/BTC,1608247968846,2020-12-17T23:32:48.846Z,sell,8e-07,718.0,0.0005744
VIB/BTC,1608249057707,2020-12-17T23:50:57.707Z,sell,8e-07,3418.0,0.0027343999999999
VIB/BTC,1608249057707,2020-12-17T23:50:57.707Z,sell,8e-07,3418.0,0.0027343999999999
VIB/BTC,1608249686648,2020-12-18T00:01:26.648Z,sell,8e-07,9740.0,0.0077919999999999
VIB/BTC,1608249761328,2020-12-18T00:02:41.328Z,sell,8e-07,9778.0,0.0078224
VIB/BTC,1608249784109,2020-12-18T00:03:04.109Z,buy,8.1e-07,6349.0,0.00514269
VIB/BTC,1608250127046,2020-12-18T00:08:47.046Z,sell,8e-07,1407.0,0.0011256
VIB/BTC,1608250144444,2020-12-18T00:09:04.444Z,sell,8e-07,3208.0,0.0025664
VIB/BTC,1608250177742,2020-12-18T00:09:37.742Z,sell,8e-07,49983.0,0.0399864
VIB/BTC,1608251653348,2020-12-18T00:34:13.348Z,buy,8.1e-07,2044.0,0.0016556399999999
VIB/BTC,1608251653562,2020-12-18T00:34:13.562Z,buy,8.1e-07,1195.0,0.00096795
VIB/BTC,1608251653954,2020-12-18T00:34:13.954Z,buy,8.1e-07,2029.0,0.00164349
VIB/BTC,1608252016312,2020-12-18T00:40:16.312Z,sell,8e-07,2509.0,0.0020071999999999
VIB/BTC,1608252016513,2020-12-18T00:40:16.513Z,sell,8e-07,8449.0,0.0067592
VIB/BTC,1608252322298,2020-12-18T00:45:22.298Z,sell,8e-07,3835.0,0.003068
VIB/BTC,1608252322298,2020-12-18T00:45:22.298Z,sell,8e-07,3835.0,0.003068
VIB/BTC,1608253275736,2020-12-18T01:01:15.736Z,sell,8e-07,797.0,0.0006376
VIB/BTC,1608253344035,2020-12-18T01:02:24.035Z,sell,8e-07,6357.0,0.0050856
VIB/BTC,1608253680449,2020-12-18T01:08:00.449Z,sell,8e-07,5419.0,0.0043352
VIB/BTC,1608254344689,2020-12-18T01:19:04.689Z,sell,8e-07,135.0,0.000108
VIB/BTC,1608254398008,2020-12-18T01:19:58.008Z,sell,8e-07,60391.0,0.0483127999999999
VIB/BTC,1608255800408,2020-12-18T01:43:20.408Z,sell,8e-07,1776.0,0.0014207999999999
VIB/BTC,1608255800408,2020-12-18T01:43:20.408Z,sell,8e-07,1776.0,0.0014207999999999
VIB/BTC,1608256812613,2020-12-18T02:00:12.613Z,buy,8.1e-07,75146.0,0.06086826
VIB/BTC,1608256812613,2020-12-18T02:00:12.613Z,buy,8.1e-07,75146.0,0.06086826
VIB/BTC,1608262232494,2020-12-18T03:30:32.494Z,sell,8e-07,1153.0,0.0009224
VIB/BTC,1608262232494,2020-12-18T03:30:32.494Z,sell,8e-07,1153.0,0.0009224
VIB/BTC,1608263130212,2020-12-18T03:45:30.212Z,sell,8e-07,168.0,0.0001344
VIB/BTC,1608263445721,2020-12-18T03:50:45.721Z,sell,8e-07,3484.0,0.0027871999999999
VIB/BTC,1608264645069,2020-12-18T04:10:45.069Z,buy,8.1e-07,1079.0,0.0008739899999999
VIB/BTC,1608265354928,2020-12-18T04:22:34.928Z,buy,8.1e-07,51305.0,0.04155705
VIB/BTC,1608265354928,2020-12-18T04:22:34.928Z,buy,8.1e-07,51305.0,0.04155705
VIB/BTC,1608267242073,2020-12-18T04:54:02.073Z,sell,8e-07,283.0,0.0002264
VIB/BTC,1608267242073,2020-12-18T04:54:02.073Z,sell,8e-07,283.0,0.0002264
VIB/BTC,1608269599202,2020-12-18T05:33:19.202Z,buy,8.1e-07,700.0,0.000567
VIB/BTC,1608269599202,2020-12-18T05:33:19.202Z,buy,8.1e-07,700.0,0.000567
VIB/BTC,1608271342140,2020-12-18T06:02:22.140Z,buy,8.1e-07,176.0,0.00014256
VIB/BTC,1608271342140,2020-12-18T06:02:22.140Z,buy,8.1e-07,176.0,0.00014256
VIB/BTC,1608273295482,2020-12-18T06:34:55.482Z,buy,8.1e-07,5898.0,0.0047773799999999
VIB/BTC,1608273744525,2020-12-18T06:42:24.525Z,buy,8.1e-07,7274.0,0.00589194
VIB/BTC,1608274534411,2020-12-18T06:55:34.411Z,buy,8.1e-07,1260.0,0.0010206
VIB/BTC,1608274547877,2020-12-18T06:55:47.877Z,buy,8.1e-07,1393.0,0.0011283299999999
VIB/BTC,1608274585496,2020-12-18T06:56:25.496Z,buy,8.1e-07,3012.0,0.00243972
VIB/BTC,1608274607842,2020-12-18T06:56:47.842Z,buy,8.1e-07,2362.0,0.00191322
VIB/BTC,1608274610183,2020-12-18T06:56:50.183Z,buy,8.1e-07,2511.0,0.00203391
VIB/BTC,1608274718385,2020-12-18T06:58:38.385Z,buy,8.1e-07,1694.0,0.00137214
VIB/BTC,1608274718385,2020-12-18T06:58:38.385Z,buy,8.1e-07,1694.0,0.00137214
VIB/BTC,1608277466510,2020-12-18T07:44:26.510Z,buy,8.1e-07,7407.0,0.0059996699999999
VIB/BTC,1608277588206,2020-12-18T07:46:28.206Z,buy,8.1e-07,38222.0,0.03095982
VIB/BTC,1608277588226,2020-12-18T07:46:28.226Z,sell,8.1e-07,2367.0,0.00191727
VIB/BTC,1608277588242,2020-12-18T07:46:28.242Z,sell,8.1e-07,787.0,0.00063747
VIB/BTC,1608277588250,2020-12-18T07:46:28.250Z,sell,8.1e-07,8739.0,0.00707859
VIB/BTC,1608277588276,2020-12-18T07:46:28.276Z,sell,8.1e-07,4060.0,0.0032886
VIB/BTC,1608277588295,2020-12-18T07:46:28.295Z,sell,8.1e-07,1995.0,0.00161595
VIB/BTC,1608277589415,2020-12-18T07:46:29.415Z,sell,8.1e-07,18401.0,0.01490481
VIB/BTC,1608277589416,2020-12-18T07:46:29.416Z,sell,8.1e-07,18401.0,0.01490481
VIB/BTC,1608277589420,2020-12-18T07:46:29.420Z,sell,8.1e-07,18401.0,0.01490481
VIB/BTC,1608277589422,2020-12-18T07:46:29.422Z,sell,8.1e-07,1903.0,0.0015414299999999
VIB/BTC,1608277589447,2020-12-18T07:46:29.447Z,buy,8.1e-07,8969.0,0.0072648899999999
VIB/BTC,1608277589447,2020-12-18T07:46:29.447Z,buy,8.2e-07,9196.0,0.00754072
VIB/BTC,1608277686486,2020-12-18T07:48:06.486Z,sell,8.1e-07,1038.0,0.00084078
VIB/BTC,1608277688102,2020-12-18T07:48:08.102Z,sell,8.1e-07,51091.0,0.04138371
VIB/BTC,1608277716403,2020-12-18T07:48:36.403Z,sell,8.1e-07,361.0,0.00029241
VIB/BTC,1608277965173,2020-12-18T07:52:45.173Z,sell,8.1e-07,5153.0,0.00417393
VIB/BTC,1608277965174,2020-12-18T07:52:45.174Z,sell,8.1e-07,5263.0,0.00426303
VIB/BTC,1608277967297,2020-12-18T07:52:47.297Z,sell,8.1e-07,4562.0,0.00369522
VIB/BTC,1608278259803,2020-12-18T07:57:39.803Z,buy,8.2e-07,12954.0,0.01062228
VIB/BTC,1608278260079,2020-12-18T07:57:40.079Z,sell,8.2e-07,167.0,0.00013694
VIB/BTC,1608278261380,2020-12-18T07:57:41.380Z,sell,8.2e-07,350.0,0.000287
VIB/BTC,1608278261432,2020-12-18T07:57:41.432Z,sell,8.2e-07,126.0,0.00010332
VIB/BTC,1608278300596,2020-12-18T07:58:20.596Z,sell,8.2e-07,1341.0,0.00109962
VIB/BTC,1608278300596,2020-12-18T07:58:20.596Z,sell,8.2e-07,1341.0,0.00109962
VIB/BTC,1608278320280,2020-12-18T07:58:40.280Z,buy,8.3e-07,163.0,0.00013529
VIB/BTC,1608278324646,2020-12-18T07:58:44.646Z,sell,8.2e-07,350.0,0.000287
VIB/BTC,1608278325225,2020-12-18T07:58:45.225Z,sell,8.2e-07,350.0,0.000287
VIB/BTC,1608278325598,2020-12-18T07:58:45.598Z,sell,8.2e-07,350.0,0.000287
VIB/BTC,1608278326084,2020-12-18T07:58:46.084Z,sell,8.2e-07,350.0,0.000287
VIB/BTC,1608278327012,2020-12-18T07:58:47.012Z,sell,8.2e-07,350.0,0.000287
VIB/BTC,1608278327477,2020-12-18T07:58:47.477Z,sell,8.2e-07,350.0,0.000287
VIB/BTC,1608278327938,2020-12-18T07:58:47.938Z,sell,8.2e-07,350.0,0.000287
VIB/BTC,1608278328423,2020-12-18T07:58:48.423Z,sell,8.2e-07,350.0,0.000287
VIB/BTC,1608278389655,2020-12-18T07:59:49.655Z,sell,8.2e-07,350.0,0.000287
VIB/BTC,1608278390133,2020-12-18T07:59:50.133Z,sell,8.2e-07,350.0,0.000287
VIB/BTC,1608278606094,2020-12-18T08:03:26.094Z,sell,8.2e-07,25000.0,0.0205
VIB/BTC,1608278625395,2020-12-18T08:03:45.395Z,buy,8.3e-07,205.0,0.00017015
VIB/BTC,1608278815368,2020-12-18T08:06:55.368Z,buy,8.3e-07,59058.0,0.04901814
VIB/BTC,1608278821513,2020-12-18T08:07:01.513Z,sell,8.2e-07,2520.0,0.0020664
VIB/BTC,1608278829867,2020-12-18T08:07:09.867Z,buy,8.3e-07,2820.0,0.0023406
VIB/BTC,1608278849490,2020-12-18T08:07:29.490Z,sell,8.3e-07,2903.0,0.00240949
VIB/BTC,1608278962146,2020-12-18T08:09:22.146Z,buy,8.4e-07,163.0,0.00013692
VIB/BTC,1608279023076,2020-12-18T08:10:23.076Z,buy,8.4e-07,135223.0,0.11358732
VIB/BTC,1608279031173,2020-12-18T08:10:31.173Z,buy,8.4e-07,200.0,0.000168
VIB/BTC,1608279034471,2020-12-18T08:10:34.471Z,buy,8.4e-07,1320.0,0.0011088
VIB/BTC,1608279034482,2020-12-18T08:10:34.482Z,sell,8.4e-07,680.0,0.0005712
VIB/BTC,1608279065729,2020-12-18T08:11:05.729Z,sell,8.4e-07,11591.0,0.00973644
VIB/BTC,1608279066007,2020-12-18T08:11:06.007Z,sell,8.4e-07,4556.0,0.00382704
VIB/BTC,1608279073660,2020-12-18T08:11:13.660Z,sell,8.3e-07,22430.0,0.0186169
VIB/BTC,1608279089500,2020-12-18T08:11:29.500Z,sell,8.3e-07,1061.0,0.00088063
VIB/BTC,1608279090775,2020-12-18T08:11:30.775Z,sell,8.2e-07,108647.0,0.08909054
VIB/BTC,1608279096478,2020-12-18T08:11:36.478Z,sell,8.2e-07,2895.0,0.0023739
VIB/BTC,1608279128039,2020-12-18T08:12:08.039Z,sell,8.2e-07,11742.0,0.00962844
VIB/BTC,1608279131231,2020-12-18T08:12:11.231Z,sell,8.2e-07,14616.0,0.01198512
VIB/BTC,1608279144879,2020-12-18T08:12:24.879Z,buy,8.3e-07,229.0,0.00019007
VIB/BTC,1608279314452,2020-12-18T08:15:14.452Z,sell,8.2e-07,66846.0,0.0548137199999999
VIB/BTC,1608279316174,2020-12-18T08:15:16.174Z,sell,8.2e-07,2122.0,0.00174004
VIB/BTC,1608279330559,2020-12-18T08:15:30.559Z,sell,8.2e-07,48680.0,0.0399176
VIB/BTC,1608279337288,2020-12-18T08:15:37.288Z,buy,8.2e-07,1303.0,0.00106846
VIB/BTC,1608279374917,2020-12-18T08:16:14.917Z,sell,8.2e-07,1974.0,0.00161868
VIB/BTC,1608279375182,2020-12-18T08:16:15.182Z,buy,8.2e-07,3390.0,0.0027798
VIB/BTC,1608279388665,2020-12-18T08:16:28.665Z,buy,8.2e-07,147.0,0.00012054
VIB/BTC,1608279409191,2020-12-18T08:16:49.191Z,buy,8.2e-07,1359.0,0.0011143799999999
VIB/BTC,1608279534870,2020-12-18T08:18:54.870Z,buy,8.2e-07,16480.0,0.0135135999999999
VIB/BTC,1608279542595,2020-12-18T08:19:02.595Z,sell,8.1e-07,16131.0,0.0130661099999999
VIB/BTC,1608280619019,2020-12-18T08:36:59.019Z,buy,8.2e-07,604583.0,0.49575806
VIB/BTC,1608280632644,2020-12-18T08:37:12.644Z,buy,8.2e-07,384744.0,0.31549008
VIB/BTC,1608280633655,2020-12-18T08:37:13.655Z,buy,8.2e-07,40833.0,0.03348306
VIB/BTC,1608280633665,2020-12-18T08:37:13.665Z,sell,8.2e-07,3068.0,0.00251576
VIB/BTC,1608280651971,2020-12-18T08:37:31.971Z,sell,8.2e-07,93080.0,0.0763256
VIB/BTC,1608280669716,2020-12-18T08:37:49.716Z,sell,8.2e-07,73843.0,0.0605512599999999
VIB/BTC,1608280714547,2020-12-18T08:38:34.547Z,sell,8.2e-07,58969.0,0.04835458
VIB/BTC,1608280727644,2020-12-18T08:38:47.644Z,sell,8.2e-07,35518.0,0.02912476
VIB/BTC,1608280740979,2020-12-18T08:39:00.979Z,sell,8.2e-07,267245.0,0.2191409
VIB/BTC,1608280751199,2020-12-18T08:39:11.199Z,buy,8.3e-07,236575.0,0.19635725
VIB/BTC,1608280852836,2020-12-18T08:40:52.836Z,sell,8.2e-07,12962.0,0.01062884
VIB/BTC,1608280888761,2020-12-18T08:41:28.761Z,sell,8.2e-07,5111.0,0.00419102
VIB/BTC,1608280997390,2020-12-18T08:43:17.390Z,buy,8.3e-07,52853.0,0.04386799
VIB/BTC,1608281012336,2020-12-18T08:43:32.336Z,buy,8.3e-07,384018.0,0.31873494
VIB/BTC,1608281023391,2020-12-18T08:43:43.391Z,buy,8.3e-07,69073.0,0.05733059
VIB/BTC,1608281074617,2020-12-18T08:44:34.617Z,buy,8.3e-07,552583.0,0.45864389
VIB/BTC,1608281098684,2020-12-18T08:44:58.684Z,buy,8.3e-07,5353.0,0.00444299
VIB/BTC,1608281105447,2020-12-18T08:45:05.447Z,buy,8.3e-07,648.0,0.00053784
VIB/BTC,1608281125531,2020-12-18T08:45:25.531Z,sell,8.2e-07,58584.0,0.04803888
VIB/BTC,1608281132115,2020-12-18T08:45:32.115Z,sell,8.2e-07,35000.0,0.0287
VIB/BTC,1608281155946,2020-12-18T08:45:55.946Z,buy,8.3e-07,565781.0,0.46959823
VIB/BTC,1608281186359,2020-12-18T08:46:26.359Z,buy,8.3e-07,645.0,0.00053535
VIB/BTC,1608281191363,2020-12-18T08:46:31.363Z,buy,8.3e-07,806.0,0.00066898
VIB/BTC,1608281544257,2020-12-18T08:52:24.257Z,sell,8.2e-07,7600.0,0.006232
VIB/BTC,1608281548354,2020-12-18T08:52:28.354Z,sell,8.2e-07,7600.0,0.006232
VIB/BTC,1608281712253,2020-12-18T08:55:12.253Z,sell,8.2e-07,45802.0,0.0375576399999999
VIB/BTC,1608281748915,2020-12-18T08:55:48.915Z,buy,8.3e-07,596702.0,0.49526266
VIB/BTC,1608281805572,2020-12-18T08:56:45.572Z,buy,8.3e-07,690969.0,0.57350427
VIB/BTC,1608281805572,2020-12-18T08:56:45.572Z,buy,8.3e-07,690969.0,0.57350427
VIB/BTC,1608282165529,2020-12-18T09:02:45.529Z,sell,8.2e-07,158.0,0.00012956
VIB/BTC,1608282267876,2020-12-18T09:04:27.876Z,sell,8.2e-07,140987.0,0.1156093399999999
VIB/BTC,1608282267893,2020-12-18T09:04:27.893Z,buy,8.2e-07,662.0,0.00054284
VIB/BTC,1608282268013,2020-12-18T09:04:28.013Z,buy,8.2e-07,118024.0,0.0967796799999999
VIB/BTC,1608282268013,2020-12-18T09:04:28.013Z,buy,8.3e-07,583709.0,0.48447847
VIB/BTC,1608282282154,2020-12-18T09:04:42.154Z,buy,8.3e-07,53814.0,0.04466562
VIB/BTC,1608282288026,2020-12-18T09:04:48.026Z,buy,8.3e-07,13453.0,0.01116599
VIB/BTC,1608282291003,2020-12-18T09:04:51.003Z,buy,8.3e-07,26907.0,0.02233281
VIB/BTC,1608282296614,2020-12-18T09:04:56.614Z,buy,8.3e-07,13453.0,0.01116599
VIB/BTC,1608282398414,2020-12-18T09:06:38.414Z,buy,8.2e-07,503847.0,0.41315454
VIB/BTC,1608282408100,2020-12-18T09:06:48.100Z,buy,8.2e-07,81705.0,0.0669981
VIB/BTC,1608282413108,2020-12-18T09:06:53.108Z,buy,8.2e-07,13617.0,0.01116594
VIB/BTC,1608282429491,2020-12-18T09:07:09.491Z,buy,8.2e-07,762579.0,0.62531478
VIB/BTC,1608282449706,2020-12-18T09:07:29.706Z,buy,8.2e-07,40214.0,0.03297548
VIB/BTC,1608282449764,2020-12-18T09:07:29.764Z,sell,8.2e-07,516015.0,0.4231323
VIB/BTC,1608282468161,2020-12-18T09:07:48.161Z,buy,8.2e-07,297548.0,0.24398936
VIB/BTC,1608282472217,2020-12-18T09:07:52.217Z,sell,8.2e-07,76914.0,0.06306948
VIB/BTC,1608282487789,2020-12-18T09:08:07.789Z,buy,8.2e-07,261403.0,0.21435046
VIB/BTC,1608282501580,2020-12-18T09:08:21.580Z,buy,8.2e-07,192613.0,0.1579426599999999
VIB/BTC,1608282509058,2020-12-18T09:08:29.058Z,buy,8.2e-07,15562.0,0.0127608399999999
VIB/BTC,1608282509200,2020-12-18T09:08:29.200Z,sell,8.2e-07,80744.0,0.06621008
VIB/BTC,1608282514998,2020-12-18T09:08:34.998Z,buy,8.2e-07,12037.0,0.00987034
VIB/BTC,1608282515139,2020-12-18T09:08:35.139Z,sell,8.2e-07,221850.0,0.181917
VIB/BTC,1608282520900,2020-12-18T09:08:40.900Z,buy,8.2e-07,137581.0,0.11281642
VIB/BTC,1608282526345,2020-12-18T09:08:46.345Z,buy,8.2e-07,13543.0,0.01110526
VIB/BTC,1608282526439,2020-12-18T09:08:46.439Z,sell,8.2e-07,55247.0,0.04530254
VIB/BTC,1608282630355,2020-12-18T09:10:30.355Z,buy,8.2e-07,220129.0,0.18050578
VIB/BTC,1608282637886,2020-12-18T09:10:37.886Z,buy,8.2e-07,247645.0,0.2030689
VIB/BTC,1608282644511,2020-12-18T09:10:44.511Z,buy,8.2e-07,165097.0,0.13537954
VIB/BTC,1608282653095,2020-12-18T09:10:53.095Z,buy,8.2e-07,412742.0,0.33844844
VIB/BTC,1608282682704,2020-12-18T09:11:22.704Z,buy,8.2e-07,521.0,0.0004272199999999
VIB/BTC,1608282685399,2020-12-18T09:11:25.399Z,buy,8.2e-07,354.0,0.00029028
VIB/BTC,1608282687955,2020-12-18T09:11:27.955Z,buy,8.2e-07,875.0,0.0007175
VIB/BTC,1608282691352,2020-12-18T09:11:31.352Z,buy,8.2e-07,1054.0,0.0008642799999999
VIB/BTC,1608282693764,2020-12-18T09:11:33.764Z,buy,8.2e-07,880.0,0.0007216
VIB/BTC,1608282696551,2020-12-18T09:11:36.551Z,buy,8.2e-07,670.0,0.0005494
VIB/BTC,1608282700108,2020-12-18T09:11:40.108Z,buy,8.2e-07,478.0,0.00039196
VIB/BTC,1608282703640,2020-12-18T09:11:43.640Z,buy,8.2e-07,278.0,0.00022796
VIB/BTC,1608282707132,2020-12-18T09:11:47.132Z,buy,8.2e-07,380.0,0.0003116
VIB/BTC,1608282710578,2020-12-18T09:11:50.578Z,buy,8.2e-07,1245.0,0.0010209
VIB/BTC,1608282714226,2020-12-18T09:11:54.226Z,buy,8.2e-07,780.0,0.0006395999999999
VIB/BTC,1608282717025,2020-12-18T09:11:57.025Z,buy,8.2e-07,1087.0,0.00089134
VIB/BTC,1608282721452,2020-12-18T09:12:01.452Z,buy,8.2e-07,552.0,0.00045264
VIB/BTC,1608282723655,2020-12-18T09:12:03.655Z,buy,8.2e-07,473.0,0.00038786
VIB/BTC,1608282724508,2020-12-18T09:12:04.508Z,buy,8.2e-07,689.0,0.00056498
VIB/BTC,1608282727385,2020-12-18T09:12:07.385Z,buy,8.2e-07,872.0,0.00071504
VIB/BTC,1608282731376,2020-12-18T09:12:11.376Z,buy,8.2e-07,374.0,0.00030668
VIB/BTC,1608282734341,2020-12-18T09:12:14.341Z,buy,8.2e-07,550.0,0.000451
VIB/BTC,1608282736076,2020-12-18T09:12:16.076Z,buy,8.2e-07,1000.0,0.00082
VIB/BTC,1608282737523,2020-12-18T09:12:17.523Z,buy,8.2e-07,1000.0,0.00082
VIB/BTC,1608282737658,2020-12-18T09:12:17.658Z,buy,8.2e-07,10662.0,0.00874284
VIB/BTC,1608282742395,2020-12-18T09:12:22.395Z,buy,8.2e-07,547.0,0.00044854
VIB/BTC,1608282745738,2020-12-18T09:12:25.738Z,buy,8.2e-07,354.0,0.00029028
VIB/BTC,1608282750785,2020-12-18T09:12:30.785Z,buy,8.2e-07,624.0,0.00051168
VIB/BTC,1608282755034,2020-12-18T09:12:35.034Z,buy,8.2e-07,500.0,0.00041
VIB/BTC,1608282758313,2020-12-18T09:12:38.313Z,buy,8.2e-07,742.0,0.00060844
VIB/BTC,1608282762585,2020-12-18T09:12:42.585Z,buy,8.2e-07,652.0,0.00053464
VIB/BTC,1608282765941,2020-12-18T09:12:45.941Z,buy,8.2e-07,872.0,0.00071504
VIB/BTC,1608282773155,2020-12-18T09:12:53.155Z,sell,8.1e-07,15558.0,0.0126019799999999
VIB/BTC,1608282775719,2020-12-18T09:12:55.719Z,sell,8.1e-07,30493.0,0.02469933
VIB/BTC,1608282781699,2020-12-18T09:13:01.699Z,sell,8.1e-07,14637.0,0.01185597
VIB/BTC,1608282785159,2020-12-18T09:13:05.159Z,sell,8.1e-07,43032.0,0.03485592
VIB/BTC,1608282794499,2020-12-18T09:13:14.499Z,sell,8.1e-07,26967.0,0.0218432699999999
VIB/BTC,1608282800960,2020-12-18T09:13:20.960Z,sell,8.1e-07,11293.0,0.00914733
VIB/BTC,1608282800966,2020-12-18T09:13:20.966Z,buy,8.1e-07,8707.0,0.00705267
VIB/BTC,1608282905386,2020-12-18T09:15:05.386Z,sell,8.1e-07,1435.0,0.00116235
VIB/BTC,1608283089182,2020-12-18T09:18:09.182Z,buy,8.2e-07,1131.0,0.00092742
VIB/BTC,1608283089425,2020-12-18T09:18:09.425Z,buy,8.2e-07,1958.0,0.00160556
VIB/BTC,1608283133882,2020-12-18T09:18:53.882Z,sell,8.1e-07,9485.0,0.00768285
VIB/BTC,1608283156423,2020-12-18T09:19:16.423Z,buy,8.2e-07,7068.0,0.00579576
VIB/BTC,1608283318267,2020-12-18T09:21:58.267Z,sell,8.1e-07,17929.0,0.0145224899999999
VIB/BTC,1608283362993,2020-12-18T09:22:42.993Z,buy,8.2e-07,23268.0,0.01907976
VIB/BTC,1608283399782,2020-12-18T09:23:19.782Z,sell,8.1e-07,9521.0,0.00771201
VIB/BTC,1608283541713,2020-12-18T09:25:41.713Z,sell,8.1e-07,124.0,0.00010044
VIB/BTC,1608283896909,2020-12-18T09:31:36.909Z,buy,8.2e-07,181.0,0.00014842
VIB/BTC,1608284811832,2020-12-18T09:46:51.832Z,sell,8.1e-07,112592.0,0.0911995199999999
VIB/BTC,1608284811839,2020-12-18T09:46:51.839Z,buy,8.1e-07,489.0,0.00039609
VIB/BTC,1608284811839,2020-12-18T09:46:51.839Z,buy,8.1e-07,489.0,0.00039609
VIB/BTC,1608284811839,2020-12-18T09:46:51.839Z,buy,8.1e-07,489.0,0.00039609
VIB/BTC,1608284811839,2020-12-18T09:46:51.839Z,buy,8.1e-07,489.0,0.00039609
VIB/BTC,1608284811840,2020-12-18T09:46:51.840Z,buy,8.1e-07,489.0,0.00039609
VIB/BTC,1608284811840,2020-12-18T09:46:51.840Z,buy,8.1e-07,489.0,0.00039609
VIB/BTC,1608284811841,2020-12-18T09:46:51.841Z,buy,8.1e-07,489.0,0.00039609
VIB/BTC,1608284811841,2020-12-18T09:46:51.841Z,buy,8.1e-07,489.0,0.00039609
VIB/BTC,1608284811841,2020-12-18T09:46:51.841Z,buy,8.1e-07,489.0,0.00039609
VIB/BTC,1608284811841,2020-12-18T09:46:51.841Z,buy,8.1e-07,489.0,0.00039609
VIB/BTC,1608284811841,2020-12-18T09:46:51.841Z,buy,8.1e-07,489.0,0.00039609
VIB/BTC,1608284811841,2020-12-18T09:46:51.841Z,buy,8.1e-07,489.0,0.00039609
VIB/BTC,1608284811842,2020-12-18T09:46:51.842Z,buy,8.1e-07,3334.0,0.00270054
VIB/BTC,1608284811843,2020-12-18T09:46:51.843Z,buy,8.1e-07,489.0,0.00039609
VIB/BTC,1608284811843,2020-12-18T09:46:51.843Z,buy,8.1e-07,489.0,0.00039609
VIB/BTC,1608284811843,2020-12-18T09:46:51.843Z,buy,8.1e-07,489.0,0.00039609
VIB/BTC,1608284811843,2020-12-18T09:46:51.843Z,buy,8.1e-07,3334.0,0.00270054
VIB/BTC,1608284811843,2020-12-18T09:46:51.843Z,buy,8.1e-07,489.0,0.00039609
VIB/BTC,1608284811843,2020-12-18T09:46:51.843Z,buy,8.1e-07,489.0,0.00039609
VIB/BTC,1608284811844,2020-12-18T09:46:51.844Z,buy,8.1e-07,489.0,0.00039609
VIB/BTC,1608284811844,2020-12-18T09:46:51.844Z,buy,8.1e-07,489.0,0.00039609
VIB/BTC,1608284811844,2020-12-18T09:46:51.844Z,buy,8.1e-07,489.0,0.00039609
VIB/BTC,1608284811844,2020-12-18T09:46:51.844Z,buy,8.1e-07,489.0,0.00039609
VIB/BTC,1608284811844,2020-12-18T09:46:51.844Z,buy,8.1e-07,489.0,0.00039609
VIB/BTC,1608284811844,2020-12-18T09:46:51.844Z,buy,8.1e-07,489.0,0.00039609
VIB/BTC,1608284811844,2020-12-18T09:46:51.844Z,buy,8.1e-07,489.0,0.00039609
VIB/BTC,1608284811844,2020-12-18T09:46:51.844Z,buy,8.1e-07,489.0,0.00039609
VIB/BTC,1608284811845,2020-12-18T09:46:51.845Z,buy,8.1e-07,489.0,0.00039609
VIB/BTC,1608284811845,2020-12-18T09:46:51.845Z,buy,8.1e-07,489.0,0.00039609
VIB/BTC,1608284811845,2020-12-18T09:46:51.845Z,buy,8.1e-07,489.0,0.00039609
VIB/BTC,1608284811846,2020-12-18T09:46:51.846Z,buy,8.1e-07,489.0,0.00039609
VIB/BTC,1608284811846,2020-12-18T09:46:51.846Z,buy,8.1e-07,489.0,0.00039609
VIB/BTC,1608284811846,2020-12-18T09:46:51.846Z,buy,8.1e-07,489.0,0.00039609
VIB/BTC,1608284811846,2020-12-18T09:46:51.846Z,buy,8.1e-07,489.0,0.00039609
VIB/BTC,1608284811846,2020-12-18T09:46:51.846Z,buy,8.1e-07,489.0,0.00039609
VIB/BTC,1608284811846,2020-12-18T09:46:51.846Z,buy,8.1e-07,489.0,0.00039609
VIB/BTC,1608284811846,2020-12-18T09:46:51.846Z,buy,8.1e-07,489.0,0.00039609
VIB/BTC,1608284811846,2020-12-18T09:46:51.846Z,buy,8.1e-07,20007.0,0.01620567
VIB/BTC,1608284811846,2020-12-18T09:46:51.846Z,buy,8.1e-07,489.0,0.00039609
VIB/BTC,1608284811846,2020-12-18T09:46:51.846Z,buy,8.1e-07,489.0,0.00039609
VIB/BTC,1608284811846,2020-12-18T09:46:51.846Z,buy,8.1e-07,489.0,0.00039609
VIB/BTC,1608284811846,2020-12-18T09:46:51.846Z,buy,8.1e-07,489.0,0.00039609
VIB/BTC,1608284811846,2020-12-18T09:46:51.846Z,buy,8.1e-07,489.0,0.00039609
VIB/BTC,1608284811846,2020-12-18T09:46:51.846Z,buy,8.1e-07,489.0,0.00039609
VIB/BTC,1608284811846,2020-12-18T09:46:51.846Z,buy,8.1e-07,489.0,0.00039609
VIB/BTC,1608284811846,2020-12-18T09:46:51.846Z,buy,8.1e-07,489.0,0.00039609
VIB/BTC,1608284811846,2020-12-18T09:46:51.846Z,buy,8.1e-07,489.0,0.00039609
VIB/BTC,1608284811847,2020-12-18T09:46:51.847Z,buy,8.1e-07,489.0,0.00039609
VIB/BTC,1608284811850,2020-12-18T09:46:51.850Z,buy,8.1e-07,1358.0,0.00109998
VIB/BTC,1608284811851,2020-12-18T09:46:51.851Z,buy,8.1e-07,3334.0,0.00270054
VIB/BTC,1608284811852,2020-12-18T09:46:51.852Z,buy,8.1e-07,3334.0,0.00270054
VIB/BTC,1608284811853,2020-12-18T09:46:51.853Z,buy,8.1e-07,3334.0,0.00270054
VIB/BTC,1608284811860,2020-12-18T09:46:51.860Z,buy,8.1e-07,3334.0,0.00270054
VIB/BTC,1608284811931,2020-12-18T09:46:51.931Z,buy,8.1e-07,1401.0,0.00113481
VIB/BTC,1608284847684,2020-12-18T09:47:27.684Z,sell,8e-07,38311.0,0.0306487999999999
VIB/BTC,1608284922739,2020-12-18T09:48:42.739Z,buy,8.1e-07,373.0,0.00030213
VIB/BTC,1608284991010,2020-12-18T09:49:51.010Z,sell,8e-07,2321.0,0.0018567999999999
VIB/BTC,1608285111554,2020-12-18T09:51:51.554Z,sell,8e-07,2600.0,0.00208
VIB/BTC,1608285345121,2020-12-18T09:55:45.121Z,buy,8.1e-07,191.0,0.00015471
VIB/BTC,1608285393265,2020-12-18T09:56:33.265Z,sell,8e-07,2321.0,0.0018567999999999
VIB/BTC,1608285393265,2020-12-18T09:56:33.265Z,sell,8e-07,2321.0,0.0018567999999999
VIB/BTC,1608285602792,2020-12-18T10:00:02.792Z,buy,8.1e-07,19540.0,0.0158274
VIB/BTC,1608285649942,2020-12-18T10:00:49.942Z,buy,8.1e-07,1000.0,0.00081
VIB/BTC,1608285744699,2020-12-18T10:02:24.699Z,buy,8.1e-07,1070.0,0.0008667
VIB/BTC,1608285826505,2020-12-18T10:03:46.505Z,buy,8.1e-07,4155.0,0.0033655499999999
VIB/BTC,1608285827419,2020-12-18T10:03:47.419Z,buy,8.1e-07,1000.0,0.00081
VIB/BTC,1608285873596,2020-12-18T10:04:33.596Z,buy,8.1e-07,1000.0,0.00081
VIB/BTC,1608285876734,2020-12-18T10:04:36.734Z,buy,8.1e-07,1000.0,0.00081
VIB/BTC,1608286143285,2020-12-18T10:09:03.285Z,buy,8.1e-07,3150.0,0.0025515
VIB/BTC,1608286424505,2020-12-18T10:13:44.505Z,buy,8.1e-07,6667.0,0.0054002699999999
VIB/BTC,1608287002457,2020-12-18T10:23:22.457Z,buy,8.1e-07,20259.0,0.01640979
VIB/BTC,1608287309868,2020-12-18T10:28:29.868Z,buy,8.1e-07,49966.0,0.04047246
VIB/BTC,1608287340929,2020-12-18T10:29:00.929Z,buy,8.1e-07,591.0,0.00047871
VIB/BTC,1608287340929,2020-12-18T10:29:00.929Z,buy,8.1e-07,591.0,0.00047871
VIB/BTC,1608287340929,2020-12-18T10:29:00.929Z,buy,8.1e-07,591.0,0.00047871
VIB/BTC,1608287340930,2020-12-18T10:29:00.930Z,buy,8.1e-07,591.0,0.00047871
VIB/BTC,1608287340930,2020-12-18T10:29:00.930Z,buy,8.1e-07,591.0,0.00047871
VIB/BTC,1608287340930,2020-12-18T10:29:00.930Z,buy,8.1e-07,591.0,0.00047871
VIB/BTC,1608287340930,2020-12-18T10:29:00.930Z,buy,8.1e-07,591.0,0.00047871
VIB/BTC,1608287340931,2020-12-18T10:29:00.931Z,buy,8.1e-07,591.0,0.00047871
VIB/BTC,1608287340931,2020-12-18T10:29:00.931Z,buy,8.1e-07,591.0,0.00047871
VIB/BTC,1608287340931,2020-12-18T10:29:00.931Z,buy,8.1e-07,591.0,0.00047871
VIB/BTC,1608287340931,2020-12-18T10:29:00.931Z,buy,8.1e-07,591.0,0.00047871
VIB/BTC,1608287340932,2020-12-18T10:29:00.932Z,buy,8.1e-07,591.0,0.00047871
VIB/BTC,1608287340932,2020-12-18T10:29:00.932Z,buy,8.1e-07,591.0,0.00047871
VIB/BTC,1608287340932,2020-12-18T10:29:00.932Z,buy,8.1e-07,591.0,0.00047871
VIB/BTC,1608287340932,2020-12-18T10:29:00.932Z,buy,8.1e-07,591.0,0.00047871
VIB/BTC,1608287340932,2020-12-18T10:29:00.932Z,buy,8.1e-07,591.0,0.00047871
VIB/BTC,1608287340932,2020-12-18T10:29:00.932Z,buy,8.1e-07,591.0,0.00047871
VIB/BTC,1608287340932,2020-12-18T10:29:00.932Z,buy,8.1e-07,591.0,0.00047871
VIB/BTC,1608287340932,2020-12-18T10:29:00.932Z,buy,8.1e-07,591.0,0.00047871
VIB/BTC,1608287340932,2020-12-18T10:29:00.932Z,buy,8.1e-07,591.0,0.00047871
VIB/BTC,1608287340932,2020-12-18T10:29:00.932Z,buy,8.1e-07,591.0,0.00047871
VIB/BTC,1608287340932,2020-12-18T10:29:00.932Z,buy,8.1e-07,591.0,0.00047871
VIB/BTC,1608287340933,2020-12-18T10:29:00.933Z,buy,8.1e-07,591.0,0.00047871
VIB/BTC,1608287340933,2020-12-18T10:29:00.933Z,buy,8.1e-07,591.0,0.00047871
VIB/BTC,1608287340933,2020-12-18T10:29:00.933Z,buy,8.1e-07,591.0,0.00047871
VIB/BTC,1608287340933,2020-12-18T10:29:00.933Z,buy,8.1e-07,591.0,0.00047871
VIB/BTC,1608287340934,2020-12-18T10:29:00.934Z,buy,8.1e-07,591.0,0.00047871
VIB/BTC,1608287340934,2020-12-18T10:29:00.934Z,buy,8.1e-07,591.0,0.00047871
VIB/BTC,1608287340934,2020-12-18T10:29:00.934Z,buy,8.1e-07,591.0,0.00047871
VIB/BTC,1608287340934,2020-12-18T10:29:00.934Z,buy,8.1e-07,591.0,0.00047871
VIB/BTC,1608287340934,2020-12-18T10:29:00.934Z,buy,8.1e-07,591.0,0.00047871
VIB/BTC,1608287340934,2020-12-18T10:29:00.934Z,buy,8.1e-07,591.0,0.00047871
VIB/BTC,1608287340934,2020-12-18T10:29:00.934Z,buy,8.1e-07,591.0,0.00047871
VIB/BTC,1608287340935,2020-12-18T10:29:00.935Z,buy,8.1e-07,591.0,0.00047871
VIB/BTC,1608287340935,2020-12-18T10:29:00.935Z,buy,8.1e-07,591.0,0.00047871
VIB/BTC,1608287340936,2020-12-18T10:29:00.936Z,buy,8.1e-07,591.0,0.00047871
VIB/BTC,1608287340936,2020-12-18T10:29:00.936Z,buy,8.1e-07,591.0,0.00047871
VIB/BTC,1608287340936,2020-12-18T10:29:00.936Z,buy,8.1e-07,591.0,0.00047871
VIB/BTC,1608287340936,2020-12-18T10:29:00.936Z,buy,8.1e-07,591.0,0.00047871
VIB/BTC,1608287340936,2020-12-18T10:29:00.936Z,buy,8.1e-07,591.0,0.00047871
VIB/BTC,1608287340936,2020-12-18T10:29:00.936Z,buy,8.1e-07,591.0,0.00047871
VIB/BTC,1608287340937,2020-12-18T10:29:00.937Z,buy,8.1e-07,591.0,0.00047871
VIB/BTC,1608287340938,2020-12-18T10:29:00.938Z,buy,8.1e-07,24438.0,0.0197947799999999
VIB/BTC,1608287340941,2020-12-18T10:29:00.941Z,buy,8.1e-07,591.0,0.00047871
VIB/BTC,1608287340942,2020-12-18T10:29:00.942Z,buy,8.1e-07,591.0,0.00047871
VIB/BTC,1608287340977,2020-12-18T10:29:00.977Z,buy,8.1e-07,591.0,0.00047871
VIB/BTC,1608288306171,2020-12-18T10:45:06.171Z,sell,8.1e-07,196.0,0.00015876
VIB/BTC,1608288524219,2020-12-18T10:48:44.219Z,sell,8.1e-07,125.0,0.00010125
VIB/BTC,1608288702366,2020-12-18T10:51:42.366Z,sell,8.1e-07,176.0,0.00014256
VIB/BTC,1608288805515,2020-12-18T10:53:25.515Z,buy,8.2e-07,1025.0,0.0008405
VIB/BTC,1608288805515,2020-12-18T10:53:25.515Z,buy,8.2e-07,1025.0,0.0008405
VIB/BTC,1608290246697,2020-12-18T11:17:26.697Z,buy,8.2e-07,1181.0,0.00096842
VIB/BTC,1608290645708,2020-12-18T11:24:05.708Z,buy,8.2e-07,642.0,0.00052644
VIB/BTC,1608290646503,2020-12-18T11:24:06.503Z,buy,8.2e-07,579.0,0.00047478
VIB/BTC,1608290675996,2020-12-18T11:24:35.996Z,buy,8.2e-07,1156.0,0.00094792
VIB/BTC,1608290677734,2020-12-18T11:24:37.734Z,buy,8.2e-07,1525.0,0.0012504999999999
VIB/BTC,1608290883930,2020-12-18T11:28:03.930Z,buy,8.2e-07,682.0,0.00055924
VIB/BTC,1608291279100,2020-12-18T11:34:39.100Z,sell,8.1e-07,100000.0,0.081
VIB/BTC,1608291601046,2020-12-18T11:40:01.046Z,sell,8.1e-07,473.0,0.0003831299999999
VIB/BTC,1608291870675,2020-12-18T11:44:30.675Z,sell,8.1e-07,12781.0,0.01035261
VIB/BTC,1608291870675,2020-12-18T11:44:30.675Z,sell,8.1e-07,12781.0,0.01035261
VIB/BTC,1608292420363,2020-12-18T11:53:40.363Z,buy,8.2e-07,153.0,0.00012546
VIB/BTC,1608292669267,2020-12-18T11:57:49.267Z,sell,8.1e-07,40297.0,0.03264057
VIB/BTC,1608293008647,2020-12-18T12:03:28.647Z,sell,8.1e-07,7147.0,0.0057890699999999
VIB/BTC,1608293107801,2020-12-18T12:05:07.801Z,sell,8.1e-07,20993.0,0.0170043299999999
VIB/BTC,1608294075062,2020-12-18T12:21:15.062Z,sell,8.1e-07,1070.0,0.0008667
VIB/BTC,1608294075093,2020-12-18T12:21:15.093Z,sell,8.1e-07,2810.0,0.0022761
VIB/BTC,1608294310981,2020-12-18T12:25:10.981Z,sell,8e-07,207925.0,0.16634
VIB/BTC,1608294383566,2020-12-18T12:26:23.566Z,sell,8e-07,85862.0,0.0686896
VIB/BTC,1608294425590,2020-12-18T12:27:05.590Z,buy,8.1e-07,160.0,0.0001296
VIB/BTC,1608294638811,2020-12-18T12:30:38.811Z,buy,8.1e-07,1361.0,0.00110241
VIB/BTC,1608295345135,2020-12-18T12:42:25.135Z,sell,8e-07,1077.0,0.0008615999999999
VIB/BTC,1608295345135,2020-12-18T12:42:25.135Z,sell,8e-07,1077.0,0.0008615999999999
VIB/BTC,1608295650533,2020-12-18T12:47:30.533Z,sell,8e-07,436.0,0.0003487999999999
VIB/BTC,1608296480681,2020-12-18T13:01:20.681Z,sell,8e-07,103510.0,0.0828079999999999
VIB/BTC,1608296480687,2020-12-18T13:01:20.687Z,buy,8e-07,40040.0,0.032032
VIB/BTC,1608296480690,2020-12-18T13:01:20.690Z,buy,8e-07,1544.0,0.0012351999999999
VIB/BTC,1608296509462,2020-12-18T13:01:49.462Z,buy,8.1e-07,1790.0,0.0014499
VIB/BTC,1608297006508,2020-12-18T13:10:06.508Z,sell,7.9e-07,10450.0,0.0082554999999999
VIB/BTC,1608297074538,2020-12-18T13:11:14.538Z,buy,8e-07,87411.0,0.0699288
VIB/BTC,1608297720511,2020-12-18T13:22:00.511Z,buy,8.1e-07,92012.0,0.07452972
VIB/BTC,1608297720511,2020-12-18T13:22:00.511Z,buy,8.2e-07,254666.0,0.20882612
VIB/BTC,1608297721276,2020-12-18T13:22:01.276Z,buy,8.1e-07,1036.0,0.0008391599999999
VIB/BTC,1608297721283,2020-12-18T13:22:01.283Z,buy,8.1e-07,4011.0,0.00324891
VIB/BTC,1608297726702,2020-12-18T13:22:06.702Z,buy,8.2e-07,23209.0,0.01903138
VIB/BTC,1608297726702,2020-12-18T13:22:06.702Z,buy,8.3e-07,147671.0,0.12256693
VIB/BTC,1608297726720,2020-12-18T13:22:06.720Z,sell,8.3e-07,19359.0,0.01606797
VIB/BTC,1608297726734,2020-12-18T13:22:06.734Z,sell,8.3e-07,7451.0,0.00618433
VIB/BTC,1608297726739,2020-12-18T13:22:06.739Z,sell,8.3e-07,3690.0,0.0030627
VIB/BTC,1608297726809,2020-12-18T13:22:06.809Z,buy,8.4e-07,3740.0,0.0031416
VIB/BTC,1608297728806,2020-12-18T13:22:08.806Z,sell,8.3e-07,400.0,0.000332
VIB/BTC,1608297729350,2020-12-18T13:22:09.350Z,sell,8.3e-07,2930.0,0.0024319
VIB/BTC,1608297729612,2020-12-18T13:22:09.612Z,sell,8.3e-07,399.0,0.00033117
VIB/BTC,1608297730113,2020-12-18T13:22:10.113Z,sell,8.3e-07,400.0,0.000332
VIB/BTC,1608297788359,2020-12-18T13:23:08.359Z,sell,8.3e-07,126.0,0.00010458
VIB/BTC,1608297801768,2020-12-18T13:23:21.768Z,sell,8.3e-07,7501.0,0.00622583
VIB/BTC,1608297803275,2020-12-18T13:23:23.275Z,sell,8.3e-07,13375.0,0.01110125
VIB/BTC,1608297810914,2020-12-18T13:23:30.914Z,sell,8.3e-07,2500.0,0.002075
VIB/BTC,1608297820280,2020-12-18T13:23:40.280Z,sell,8.3e-07,7545.0,0.00626235
VIB/BTC,1608297821608,2020-12-18T13:23:41.608Z,sell,8.3e-07,2979.0,0.00247257
VIB/BTC,1608297828169,2020-12-18T13:23:48.169Z,sell,8.3e-07,3182.0,0.00264106
VIB/BTC,1608297907951,2020-12-18T13:25:07.951Z,sell,8.3e-07,124.0,0.00010292
VIB/BTC,1608297985239,2020-12-18T13:26:25.239Z,sell,8.3e-07,5003.0,0.00415249
VIB/BTC,1608298089081,2020-12-18T13:28:09.081Z,sell,8.3e-07,1740.0,0.0014442
VIB/BTC,1608298092782,2020-12-18T13:28:12.782Z,sell,8.3e-07,7408.0,0.00614864
VIB/BTC,1608298093204,2020-12-18T13:28:13.204Z,sell,8.3e-07,11086.0,0.00920138
VIB/BTC,1608298099263,2020-12-18T13:28:19.263Z,sell,8.3e-07,3704.0,0.00307432
VIB/BTC,1608298127256,2020-12-18T13:28:47.256Z,sell,8.3e-07,9403.0,0.00780449
VIB/BTC,1608298135131,2020-12-18T13:28:55.131Z,sell,8.3e-07,14617.0,0.01213211
VIB/BTC,1608298147906,2020-12-18T13:29:07.906Z,sell,8.3e-07,122.0,0.00010126
VIB/BTC,1608298241923,2020-12-18T13:30:41.923Z,buy,8.4e-07,381.0,0.00032004
VIB/BTC,1608298276409,2020-12-18T13:31:16.409Z,buy,8.4e-07,121.0,0.00010164
VIB/BTC,1608298347128,2020-12-18T13:32:27.128Z,buy,8.4e-07,54958.0,0.04616472
VIB/BTC,1608298516157,2020-12-18T13:35:16.157Z,buy,8.4e-07,203.0,0.00017052
VIB/BTC,1608298679923,2020-12-18T13:37:59.923Z,sell,8.3e-07,604.0,0.00050132
VIB/BTC,1608298843123,2020-12-18T13:40:43.123Z,sell,8.3e-07,304.0,0.00025232
VIB/BTC,1608298902652,2020-12-18T13:41:42.652Z,sell,8.3e-07,46671.0,0.03873693
VIB/BTC,1608298902652,2020-12-18T13:41:42.652Z,sell,8.3e-07,46671.0,0.03873693
VIB/BTC,1608299030664,2020-12-18T13:43:50.664Z,sell,8.3e-07,28416.0,0.02358528
VIB/BTC,1608299146827,2020-12-18T13:45:46.827Z,buy,8.3e-07,13941.0,0.01157103
VIB/BTC,1608299542381,2020-12-18T13:52:22.381Z,buy,8.3e-07,1783.0,0.00147989
VIB/BTC,1608299656227,2020-12-18T13:54:16.227Z,buy,8.3e-07,2413.0,0.00200279
VIB/BTC,1608299699592,2020-12-18T13:54:59.592Z,buy,8.3e-07,200.0,0.000166
VIB/BTC,1608299801780,2020-12-18T13:56:41.780Z,buy,8.3e-07,108623.0,0.09015709
VIB/BTC,1608299802981,2020-12-18T13:56:42.981Z,sell,8.3e-07,148.0,0.00012284
VIB/BTC,1608299899495,2020-12-18T13:58:19.495Z,sell,8.3e-07,228.0,0.00018924
VIB/BTC,1608299945219,2020-12-18T13:59:05.219Z,buy,8.3e-07,1204.0,0.00099932
VIB/BTC,1608300974940,2020-12-18T14:16:14.940Z,buy,8.3e-07,25072.0,0.02080976
VIB/BTC,1608301010492,2020-12-18T14:16:50.492Z,sell,8.2e-07,84839.0,0.06956798
VIB/BTC,1608301026011,2020-12-18T14:17:06.011Z,buy,8.2e-07,145.0,0.0001189
VIB/BTC,1608301087887,2020-12-18T14:18:07.887Z,buy,8.2e-07,122.0,0.00010004
VIB/BTC,1608301544002,2020-12-18T14:25:44.002Z,buy,8.2e-07,164.0,0.00013448
VIB/BTC,1608301633328,2020-12-18T14:27:13.328Z,buy,8.2e-07,4878.0,0.00399996
VIB/BTC,1608301968378,2020-12-18T14:32:48.378Z,buy,8.2e-07,1011.0,0.00082902
VIB/BTC,1608301968378,2020-12-18T14:32:48.378Z,buy,8.2e-07,1011.0,0.00082902
VIB/BTC,1608303143704,2020-12-18T14:52:23.704Z,buy,8.2e-07,4055.0,0.0033251
VIB/BTC,1608304045408,2020-12-18T15:07:25.408Z,buy,8.2e-07,7951.0,0.00651982
VIB/BTC,1608304288401,2020-12-18T15:11:28.401Z,buy,8.2e-07,3478.0,0.0028519599999999
VIB/BTC,1608304295996,2020-12-18T15:11:35.996Z,buy,8.2e-07,1341.0,0.00109962
VIB/BTC,1608304464212,2020-12-18T15:14:24.212Z,buy,8.2e-07,4225.0,0.0034645
VIB/BTC,1608304487456,2020-12-18T15:14:47.456Z,buy,8.2e-07,1546.0,0.00126772
VIB/BTC,1608304708019,2020-12-18T15:18:28.019Z,buy,8.2e-07,1460.0,0.0011972
VIB/BTC,1608305007844,2020-12-18T15:23:27.844Z,sell,8.1e-07,4979.0,0.00403299
VIB/BTC,1608305102142,2020-12-18T15:25:02.142Z,sell,8.1e-07,102207.0,0.08278767
VIB/BTC,1608305148232,2020-12-18T15:25:48.232Z,buy,8.2e-07,127.0,0.00010414
VIB/BTC,1608305148232,2020-12-18T15:25:48.232Z,buy,8.2e-07,127.0,0.00010414
VIB/BTC,1608305676703,2020-12-18T15:34:36.703Z,buy,8.2e-07,2516.0,0.00206312
VIB/BTC,1608305784483,2020-12-18T15:36:24.483Z,buy,8.2e-07,6401.0,0.0052488199999999
VIB/BTC,1608306107694,2020-12-18T15:41:47.694Z,buy,8.2e-07,203.0,0.00016646
VIB/BTC,1608306161216,2020-12-18T15:42:41.216Z,buy,8.2e-07,8772.0,0.0071930399999999
VIB/BTC,1608306385058,2020-12-18T15:46:25.058Z,buy,8.2e-07,7849.0,0.00643618
VIB/BTC,1608307027987,2020-12-18T15:57:07.987Z,buy,8.2e-07,3856.0,0.00316192
VIB/BTC,1608308444221,2020-12-18T16:20:44.221Z,buy,8.2e-07,966.0,0.00079212
VIB/BTC,1608308444221,2020-12-18T16:20:44.221Z,buy,8.2e-07,966.0,0.00079212
VIB/BTC,1608309215560,2020-12-18T16:33:35.560Z,buy,8.2e-07,4000.0,0.00328
VIB/BTC,1608309901584,2020-12-18T16:45:01.584Z,sell,8.1e-07,12086.0,0.00978966
VIB/BTC,1608311075079,2020-12-18T17:04:35.079Z,sell,8.1e-07,284.0,0.0002300399999999
VIB/BTC,1608311075079,2020-12-18T17:04:35.079Z,sell,8.1e-07,284.0,0.0002300399999999
VIB/BTC,1608314733003,2020-12-18T18:05:33.003Z,buy,8.2e-07,4491.0,0.0036826199999999
VIB/BTC,1608314981679,2020-12-18T18:09:41.679Z,buy,8.2e-07,122.0,0.00010004
VIB/BTC,1608314981679,2020-12-18T18:09:41.679Z,buy,8.2e-07,122.0,0.00010004
VIB/BTC,1608316640969,2020-12-18T18:37:20.969Z,buy,8.2e-07,7044.0,0.00577608
VIB/BTC,1608317322189,2020-12-18T18:48:42.189Z,sell,8.2e-07,10343.0,0.00848126
VIB/BTC,1608317368740,2020-12-18T18:49:28.740Z,sell,8.2e-07,3448.0,0.00282736
VIB/BTC,1608317368740,2020-12-18T18:49:28.740Z,sell,8.2e-07,3448.0,0.00282736
VIB/BTC,1608319580804,2020-12-18T19:26:20.804Z,sell,8.2e-07,1972.0,0.00161704
VIB/BTC,1608320685848,2020-12-18T19:44:45.848Z,sell,8.2e-07,13181.0,0.01080842
VIB/BTC,1608320854385,2020-12-18T19:47:34.385Z,sell,8.1e-07,1945.0,0.00157545
VIB/BTC,1608320854385,2020-12-18T19:47:34.385Z,sell,8.1e-07,1945.0,0.00157545
VIB/BTC,1608321873294,2020-12-18T20:04:33.294Z,buy,8.2e-07,504.0,0.00041328
VIB/BTC,1608321923295,2020-12-18T20:05:23.295Z,sell,8.1e-07,504.0,0.00040824
VIB/BTC,1608322781741,2020-12-18T20:19:41.741Z,sell,8.1e-07,16463.0,0.01333503
VIB/BTC,1608323429380,2020-12-18T20:30:29.380Z,buy,8.2e-07,18203.0,0.0149264599999999
VIB/BTC,1608323573275,2020-12-18T20:32:53.275Z,buy,8.2e-07,6926.0,0.00567932
VIB/BTC,1608323593239,2020-12-18T20:33:13.239Z,buy,8.3e-07,2407.0,0.00199781
VIB/BTC,1608323642780,2020-12-18T20:34:02.780Z,buy,8.3e-07,8124.0,0.00674292
VIB/BTC,1608323762081,2020-12-18T20:36:02.081Z,sell,8.2e-07,3915.0,0.0032103
VIB/BTC,1608324089481,2020-12-18T20:41:29.481Z,buy,8.2e-07,636666.0,0.52206612
VIB/BTC,1608324102265,2020-12-18T20:41:42.265Z,buy,8.2e-07,525593.0,0.43098626
VIB/BTC,1608324111436,2020-12-18T20:41:51.436Z,buy,8.2e-07,510576.0,0.41867232
VIB/BTC,1608324121233,2020-12-18T20:42:01.233Z,buy,8.2e-07,404461.0,0.33165802
VIB/BTC,1608324126994,2020-12-18T20:42:06.994Z,buy,8.2e-07,239680.0,0.1965376
VIB/BTC,1608324132859,2020-12-18T20:42:12.859Z,buy,8.2e-07,179760.0,0.1474031999999999
VIB/BTC,1608324140306,2020-12-18T20:42:20.306Z,buy,8.2e-07,329560.0,0.2702392
VIB/BTC,1608324146335,2020-12-18T20:42:26.335Z,buy,8.2e-07,262150.0,0.214963
VIB/BTC,1608324156892,2020-12-18T20:42:36.892Z,buy,8.2e-07,209720.0,0.1719704
VIB/BTC,1608324164829,2020-12-18T20:42:44.829Z,buy,8.2e-07,224700.0,0.184254
VIB/BTC,1608324172132,2020-12-18T20:42:52.132Z,buy,8.2e-07,179760.0,0.1474031999999999
VIB/BTC,1608324178833,2020-12-18T20:42:58.833Z,buy,8.2e-07,157290.0,0.1289778
VIB/BTC,1608324187063,2020-12-18T20:43:07.063Z,buy,8.2e-07,284620.0,0.2333884
VIB/BTC,1608324196316,2020-12-18T20:43:16.316Z,buy,8.2e-07,149800.0,0.122836
VIB/BTC,1608324206884,2020-12-18T20:43:26.884Z,buy,8.2e-07,262150.0,0.214963
VIB/BTC,1608324212373,2020-12-18T20:43:32.373Z,buy,8.2e-07,142310.0,0.1166942
VIB/BTC,1608324221539,2020-12-18T20:43:41.539Z,buy,8.2e-07,44940.0,0.0368507999999999
VIB/BTC,1608324300447,2020-12-18T20:45:00.447Z,sell,8.1e-07,97102.0,0.0786526199999999
VIB/BTC,1608324333552,2020-12-18T20:45:33.552Z,buy,8.2e-07,35952.0,0.02948064
VIB/BTC,1608324348993,2020-12-18T20:45:48.993Z,buy,8.2e-07,1000.0,0.00082
VIB/BTC,1608324369482,2020-12-18T20:46:09.482Z,buy,8.2e-07,1000.0,0.00082
VIB/BTC,1608324380257,2020-12-18T20:46:20.257Z,buy,8.2e-07,1000.0,0.00082
VIB/BTC,1608324416270,2020-12-18T20:46:56.270Z,buy,8.2e-07,483648.0,0.39659136
VIB/BTC,1608324416287,2020-12-18T20:46:56.287Z,buy,8.2e-07,14291.0,0.0117186199999999
VIB/BTC,1608324426911,2020-12-18T20:47:06.911Z,buy,8.2e-07,48510.0,0.0397782
VIB/BTC,1608324427288,2020-12-18T20:47:07.288Z,buy,8.2e-07,298825.0,0.2450365
VIB/BTC,1608324446186,2020-12-18T20:47:26.186Z,sell,8.2e-07,48212.0,0.03953384
VIB/BTC,1608324446613,2020-12-18T20:47:26.613Z,buy,8.2e-07,463535.0,0.3800987
VIB/BTC,1608324446817,2020-12-18T20:47:26.817Z,sell,8.2e-07,21097.0,0.01729954
VIB/BTC,1608324446817,2020-12-18T20:47:26.817Z,sell,8.2e-07,21097.0,0.01729954
VIB/BTC,1608324460393,2020-12-18T20:47:40.393Z,sell,8.2e-07,6578.0,0.00539396
VIB/BTC,1608324460807,2020-12-18T20:47:40.807Z,buy,8.2e-07,541848.0,0.44431536
VIB/BTC,1608324470138,2020-12-18T20:47:50.138Z,sell,8.2e-07,9789.0,0.00802698
VIB/BTC,1608324470977,2020-12-18T20:47:50.977Z,buy,8.2e-07,250106.0,0.20508692
VIB/BTC,1608324479357,2020-12-18T20:47:59.357Z,sell,8.2e-07,16740.0,0.0137267999999999
VIB/BTC,1608324479658,2020-12-18T20:47:59.658Z,buy,8.2e-07,201808.0,0.16548256
VIB/BTC,1608324491075,2020-12-18T20:48:11.075Z,sell,8.2e-07,16001.0,0.01312082
VIB/BTC,1608324491894,2020-12-18T20:48:11.894Z,buy,8.2e-07,38490.0,0.0315618
VIB/BTC,1608324498205,2020-12-18T20:48:18.205Z,buy,8.2e-07,4576.0,0.00375232
VIB/BTC,1608324862650,2020-12-18T20:54:22.650Z,sell,8.2e-07,436.0,0.00035752
VIB/BTC,1608325549215,2020-12-18T21:05:49.215Z,sell,8.2e-07,6706.0,0.00549892
VIB/BTC,1608325549519,2020-12-18T21:05:49.519Z,buy,8.2e-07,430334.0,0.35287388
VIB/BTC,1608325551076,2020-12-18T21:05:51.076Z,sell,8.2e-07,936.0,0.0007675199999999
VIB/BTC,1608325565076,2020-12-18T21:06:05.076Z,buy,8.2e-07,534487.0,0.43827934
VIB/BTC,1608325575325,2020-12-18T21:06:15.325Z,buy,8.2e-07,324577.0,0.26615314
VIB/BTC,1608325583102,2020-12-18T21:06:23.102Z,buy,8.2e-07,266320.0,0.2183824
VIB/BTC,1608325592384,2020-12-18T21:06:32.384Z,buy,8.2e-07,174166.0,0.14281612
VIB/BTC,1608325599473,2020-12-18T21:06:39.473Z,buy,8.2e-07,190753.0,0.15641746
VIB/BTC,1608325619417,2020-12-18T21:06:59.417Z,buy,8.2e-07,1578.0,0.00129396
VIB/BTC,1608325623443,2020-12-18T21:07:03.443Z,buy,8.2e-07,842.0,0.00069044
VIB/BTC,1608325625730,2020-12-18T21:07:05.730Z,buy,8.2e-07,785.0,0.0006437
VIB/BTC,1608325627974,2020-12-18T21:07:07.974Z,buy,8.2e-07,895.0,0.0007339
VIB/BTC,1608325630657,2020-12-18T21:07:10.657Z,buy,8.2e-07,4785.0,0.0039237
VIB/BTC,1608325633985,2020-12-18T21:07:13.985Z,buy,8.2e-07,854.0,0.00070028
VIB/BTC,1608325636800,2020-12-18T21:07:16.800Z,buy,8.2e-07,472.0,0.00038704
VIB/BTC,1608325639203,2020-12-18T21:07:19.203Z,buy,8.2e-07,682.0,0.00055924
VIB/BTC,1608325641421,2020-12-18T21:07:21.421Z,buy,8.2e-07,387.0,0.00031734
VIB/BTC,1608325643549,2020-12-18T21:07:23.549Z,buy,8.2e-07,147.0,0.00012054
VIB/BTC,1608325645954,2020-12-18T21:07:25.954Z,buy,8.2e-07,248.0,0.00020336
VIB/BTC,1608325648883,2020-12-18T21:07:28.883Z,buy,8.2e-07,873.0,0.00071586
VIB/BTC,1608325652149,2020-12-18T21:07:32.149Z,buy,8.2e-07,148.0,0.00012136
VIB/BTC,1608325655530,2020-12-18T21:07:35.530Z,buy,8.2e-07,325.0,0.0002664999999999
VIB/BTC,1608325658540,2020-12-18T21:07:38.540Z,buy,8.2e-07,778.0,0.00063796
VIB/BTC,1608325665750,2020-12-18T21:07:45.750Z,buy,8.2e-07,1058.0,0.00086756
VIB/BTC,1608325676886,2020-12-18T21:07:56.886Z,buy,8.2e-07,248.0,0.00020336
VIB/BTC,1608325681437,2020-12-18T21:08:01.437Z,buy,8.2e-07,1782.0,0.00146124
VIB/BTC,1608325684400,2020-12-18T21:08:04.400Z,buy,8.2e-07,4577.0,0.00375314
VIB/BTC,1608325687367,2020-12-18T21:08:07.367Z,buy,8.2e-07,782.0,0.00064124
VIB/BTC,1608325689824,2020-12-18T21:08:09.824Z,buy,8.2e-07,724.0,0.00059368
VIB/BTC,1608325692681,2020-12-18T21:08:12.681Z,buy,8.2e-07,738.0,0.00060516
VIB/BTC,1608325695441,2020-12-18T21:08:15.441Z,buy,8.2e-07,982.0,0.00080524
VIB/BTC,1608325698449,2020-12-18T21:08:18.449Z,buy,8.2e-07,357.0,0.00029274
VIB/BTC,1608325701128,2020-12-18T21:08:21.128Z,buy,8.2e-07,458.0,0.00037556
VIB/BTC,1608325704185,2020-12-18T21:08:24.185Z,buy,8.2e-07,452.0,0.00037064
VIB/BTC,1608325706478,2020-12-18T21:08:26.478Z,buy,8.2e-07,128.0,0.00010496
VIB/BTC,1608325709369,2020-12-18T21:08:29.369Z,buy,8.2e-07,358.0,0.00029356
VIB/BTC,1608325713674,2020-12-18T21:08:33.674Z,buy,8.2e-07,1568.0,0.00128576
VIB/BTC,1608325716609,2020-12-18T21:08:36.609Z,buy,8.2e-07,4721.0,0.00387122
VIB/BTC,1608325720974,2020-12-18T21:08:40.974Z,buy,8.2e-07,4587.0,0.0037613399999999
VIB/BTC,1608325724896,2020-12-18T21:08:44.896Z,buy,8.2e-07,427.0,0.00035014
VIB/BTC,1608325727911,2020-12-18T21:08:47.911Z,buy,8.2e-07,500.0,0.00041
VIB/BTC,1608325729373,2020-12-18T21:08:49.373Z,buy,8.2e-07,1000.0,0.00082
VIB/BTC,1608325731003,2020-12-18T21:08:51.003Z,buy,8.2e-07,1000.0,0.00082
VIB/BTC,1608325733406,2020-12-18T21:08:53.406Z,buy,8.2e-07,1000.0,0.00082
VIB/BTC,1608325735144,2020-12-18T21:08:55.144Z,buy,8.2e-07,500.0,0.00041
VIB/BTC,1608325738609,2020-12-18T21:08:58.609Z,buy,8.2e-07,500.0,0.00041
VIB/BTC,1608325740051,2020-12-18T21:09:00.051Z,buy,8.2e-07,500.0,0.00041
VIB/BTC,1608325741490,2020-12-18T21:09:01.490Z,buy,8.2e-07,500.0,0.00041
VIB/BTC,1608325743740,2020-12-18T21:09:03.740Z,buy,8.2e-07,500.0,0.00041
VIB/BTC,1608325745345,2020-12-18T21:09:05.345Z,buy,8.2e-07,1000.0,0.00082
VIB/BTC,1608325747492,2020-12-18T21:09:07.492Z,buy,8.2e-07,1000.0,0.00082
VIB/BTC,1608325749492,2020-12-18T21:09:09.492Z,buy,8.2e-07,1000.0,0.00082
VIB/BTC,1608325751015,2020-12-18T21:09:11.015Z,buy,8.2e-07,1000.0,0.00082
VIB/BTC,1608325752759,2020-12-18T21:09:12.759Z,buy,8.2e-07,500.0,0.00041
VIB/BTC,1608325755298,2020-12-18T21:09:15.298Z,buy,8.2e-07,500.0,0.00041
VIB/BTC,1608325757089,2020-12-18T21:09:17.089Z,buy,8.2e-07,500.0,0.00041
VIB/BTC,1608325758392,2020-12-18T21:09:18.392Z,buy,8.2e-07,500.0,0.00041
VIB/BTC,1608325760000,2020-12-18T21:09:20.000Z,buy,8.2e-07,1000.0,0.00082
VIB/BTC,1608325761702,2020-12-18T21:09:21.702Z,buy,8.2e-07,500.0,0.00041
VIB/BTC,1608325763233,2020-12-18T21:09:23.233Z,buy,8.2e-07,500.0,0.00041
VIB/BTC,1608325765023,2020-12-18T21:09:25.023Z,buy,8.2e-07,500.0,0.00041
VIB/BTC,1608325766925,2020-12-18T21:09:26.925Z,buy,8.2e-07,1000.0,0.00082
VIB/BTC,1608325769481,2020-12-18T21:09:29.481Z,buy,8.2e-07,452.0,0.00037064
VIB/BTC,1608325771466,2020-12-18T21:09:31.466Z,buy,8.2e-07,487.0,0.00039934
VIB/BTC,1608325775491,2020-12-18T21:09:35.491Z,buy,8.2e-07,677.0,0.00055514
VIB/BTC,1608325782056,2020-12-18T21:09:42.056Z,buy,8.2e-07,500.0,0.00041
VIB/BTC,1608325783832,2020-12-18T21:09:43.832Z,buy,8.2e-07,500.0,0.00041
VIB/BTC,1608325785496,2020-12-18T21:09:45.496Z,buy,8.2e-07,500.0,0.00041
VIB/BTC,1608325788530,2020-12-18T21:09:48.530Z,buy,8.2e-07,500.0,0.00041
VIB/BTC,1608325791098,2020-12-18T21:09:51.098Z,buy,8.2e-07,784.0,0.00064288
VIB/BTC,1608325793201,2020-12-18T21:09:53.201Z,buy,8.2e-07,785.0,0.0006437
VIB/BTC,1608325795612,2020-12-18T21:09:55.612Z,buy,8.2e-07,325.0,0.0002664999999999
VIB/BTC,1608325798073,2020-12-18T21:09:58.073Z,buy,8.2e-07,1087.0,0.00089134
VIB/BTC,1608325801483,2020-12-18T21:10:01.483Z,buy,8.2e-07,3045.0,0.0024969
VIB/BTC,1608325805081,2020-12-18T21:10:05.081Z,buy,8.2e-07,247.0,0.00020254
VIB/BTC,1608325808546,2020-12-18T21:10:08.546Z,buy,8.2e-07,344.0,0.00028208
VIB/BTC,1608325813375,2020-12-18T21:10:13.375Z,buy,8.2e-07,875.0,0.0007175
VIB/BTC,1608325817474,2020-12-18T21:10:17.474Z,buy,8.2e-07,657.0,0.00053874
VIB/BTC,1608326837509,2020-12-18T21:27:17.509Z,sell,8.1e-07,4320.0,0.0034992
VIB/BTC,1608326971144,2020-12-18T21:29:31.144Z,sell,8.1e-07,235.0,0.00019035
VIB/BTC,1608327040945,2020-12-18T21:30:40.945Z,sell,8.1e-07,1255.0,0.00101655
VIB/BTC,1608327670285,2020-12-18T21:41:10.285Z,buy,8.2e-07,13333.0,0.01093306
VIB/BTC,1608327670285,2020-12-18T21:41:10.285Z,buy,8.2e-07,13333.0,0.01093306
VIB/BTC,1608328492553,2020-12-18T21:54:52.553Z,buy,8.2e-07,20000.0,0.0164
VIB/BTC,1608329126118,2020-12-18T22:05:26.118Z,sell,8.1e-07,72323.0,0.0585816299999999
VIB/BTC,1608329632572,2020-12-18T22:13:52.572Z,sell,8.1e-07,163.0,0.00013203
VIB/BTC,1608329632572,2020-12-18T22:13:52.572Z,sell,8.1e-07,163.0,0.00013203
VIB/BTC,1608332400667,2020-12-18T23:00:00.667Z,sell,8.1e-07,18203.0,0.01474443
VIB/BTC,1608333033016,2020-12-18T23:10:33.016Z,sell,8.1e-07,4505.0,0.00364905
VIB/BTC,1608333033016,2020-12-18T23:10:33.016Z,sell,8.1e-07,4505.0,0.00364905
VIB/BTC,1608334977456,2020-12-18T23:42:57.456Z,buy,8.2e-07,3989.0,0.0032709799999999
VIB/BTC,1608334977456,2020-12-18T23:42:57.456Z,buy,8.2e-07,3989.0,0.0032709799999999
VIB/BTC,1608336648673,2020-12-19T00:10:48.673Z,buy,8.2e-07,132.0,0.00010824
VIB/BTC,1608336661462,2020-12-19T00:11:01.462Z,buy,8.2e-07,182088.0,0.14931216
VIB/BTC,1608336668238,2020-12-19T00:11:08.238Z,buy,8.2e-07,4912.0,0.0040278399999999
VIB/BTC,1608337057016,2020-12-19T00:17:37.016Z,sell,8.2e-07,520.0,0.0004264
VIB/BTC,1608337057037,2020-12-19T00:17:37.037Z,sell,8.2e-07,2050.0,0.001681
VIB/BTC,1608337059611,2020-12-19T00:17:39.611Z,sell,8.2e-07,1540.0,0.0012628
VIB/BTC,1608337241211,2020-12-19T00:20:41.211Z,sell,8.2e-07,890.0,0.0007298
VIB/BTC,1608337471431,2020-12-19T00:24:31.431Z,sell,8.1e-07,823.0,0.00066663
VIB/BTC,1608338150120,2020-12-19T00:35:50.120Z,buy,8.3e-07,6425.0,0.00533275
VIB/BTC,1608338160251,2020-12-19T00:36:00.251Z,sell,8.2e-07,1387.0,0.00113734
VIB/BTC,1608338560795,2020-12-19T00:42:40.795Z,buy,8.3e-07,3906.0,0.0032419799999999
VIB/BTC,1608338560795,2020-12-19T00:42:40.795Z,buy,8.3e-07,3906.0,0.0032419799999999
VIB/BTC,1608338621328,2020-12-19T00:43:41.328Z,buy,8.3e-07,205.0,0.00017015
VIB/BTC,1608338838764,2020-12-19T00:47:18.764Z,sell,8.2e-07,37506.0,0.0307549199999999
VIB/BTC,1608338929927,2020-12-19T00:48:49.927Z,buy,8.3e-07,29177.0,0.02421691
VIB/BTC,1608339078834,2020-12-19T00:51:18.834Z,buy,8.3e-07,12162.0,0.01009446
VIB/BTC,1608339078834,2020-12-19T00:51:18.834Z,buy,8.4e-07,212316.0,0.17834544
VIB/BTC,1608339079411,2020-12-19T00:51:19.411Z,sell,8.3e-07,3987.0,0.00330921
VIB/BTC,1608339081067,2020-12-19T00:51:21.067Z,sell,8.3e-07,1441.0,0.00119603
VIB/BTC,1608339082005,2020-12-19T00:51:22.005Z,buy,8.4e-07,121.0,0.00010164
VIB/BTC,1608339086358,2020-12-19T00:51:26.358Z,sell,8.3e-07,6264.0,0.00519912
VIB/BTC,1608339130953,2020-12-19T00:52:10.953Z,buy,8.3e-07,965.0,0.00080095
VIB/BTC,1608339175804,2020-12-19T00:52:55.804Z,buy,8.4e-07,98005.0,0.0823242
VIB/BTC,1608339246769,2020-12-19T00:54:06.769Z,sell,8.3e-07,965.0,0.00080095
VIB/BTC,1608339288403,2020-12-19T00:54:48.403Z,sell,8.3e-07,14634.0,0.01214622
VIB/BTC,1608339351214,2020-12-19T00:55:51.214Z,sell,8.3e-07,2405.0,0.00199615
VIB/BTC,1608339522407,2020-12-19T00:58:42.407Z,sell,8.3e-07,6644.0,0.00551452
VIB/BTC,1608339925105,2020-12-19T01:05:25.105Z,sell,8.3e-07,1963.0,0.00162929
VIB/BTC,1608340173600,2020-12-19T01:09:33.600Z,buy,8.4e-07,19941.0,0.01675044
VIB/BTC,1608340173600,2020-12-19T01:09:33.600Z,buy,8.5e-07,279426.0,0.2375121
VIB/BTC,1608340173609,2020-12-19T01:09:33.609Z,sell,8.5e-07,200633.0,0.17053805
VIB/BTC,1608340174590,2020-12-19T01:09:34.590Z,sell,8.4e-07,1782.0,0.00149688
VIB/BTC,1608340176758,2020-12-19T01:09:36.758Z,sell,8.4e-07,736.0,0.00061824
VIB/BTC,1608340176841,2020-12-19T01:09:36.841Z,buy,8.5e-07,72751.0,0.06183835
VIB/BTC,1608340176859,2020-12-19T01:09:36.859Z,sell,8.5e-07,125.0,0.00010625
VIB/BTC,1608340182983,2020-12-19T01:09:42.983Z,buy,8.6e-07,118.0,0.00010148
VIB/BTC,1608340186901,2020-12-19T01:09:46.901Z,buy,8.6e-07,5814.0,0.00500004
VIB/BTC,1608340186921,2020-12-19T01:09:46.921Z,buy,8.6e-07,118.0,0.00010148
VIB/BTC,1608340186966,2020-12-19T01:09:46.966Z,buy,8.6e-07,233.0,0.00020038
VIB/BTC,1608340186977,2020-12-19T01:09:46.977Z,buy,8.6e-07,118.0,0.00010148
VIB/BTC,1608340186990,2020-12-19T01:09:46.990Z,buy,8.6e-07,233.0,0.00020038
VIB/BTC,1608340186997,2020-12-19T01:09:46.997Z,buy,8.6e-07,1163.0,0.00100018
VIB/BTC,1608340186998,2020-12-19T01:09:46.998Z,buy,8.6e-07,349.0,0.00030014
VIB/BTC,1608340187029,2020-12-19T01:09:47.029Z,buy,8.6e-07,1163.0,0.00100018
VIB/BTC,1608340187062,2020-12-19T01:09:47.062Z,buy,8.6e-07,1163.0,0.00100018
VIB/BTC,1608340187063,2020-12-19T01:09:47.063Z,buy,8.6e-07,1163.0,0.00100018
VIB/BTC,1608340187129,2020-12-19T01:09:47.129Z,buy,8.6e-07,1163.0,0.00100018
VIB/BTC,1608340187187,2020-12-19T01:09:47.187Z,buy,8.6e-07,318.0,0.00027348
VIB/BTC,1608340187420,2020-12-19T01:09:47.420Z,buy,8.6e-07,698.0,0.00060028
VIB/BTC,1608340194282,2020-12-19T01:09:54.282Z,sell,8.5e-07,9078.0,0.0077163
VIB/BTC,1608340208495,2020-12-19T01:10:08.495Z,buy,8.5e-07,14032.0,0.0119272
VIB/BTC,1608340210727,2020-12-19T01:10:10.727Z,buy,8.5e-07,28164.0,0.0239394
VIB/BTC,1608340214360,2020-12-19T01:10:14.360Z,buy,8.5e-07,13910.0,0.0118235
VIB/BTC,1608340222651,2020-12-19T01:10:22.651Z,sell,8.5e-07,36000.0,0.0306
VIB/BTC,1608340224786,2020-12-19T01:10:24.786Z,buy,8.6e-07,198.0,0.00017028
VIB/BTC,1608340233640,2020-12-19T01:10:33.640Z,buy,8.6e-07,5464.0,0.00469904
VIB/BTC,1608340233679,2020-12-19T01:10:33.679Z,buy,8.6e-07,59322.0,0.05101692
VIB/BTC,1608340233770,2020-12-19T01:10:33.770Z,sell,8.6e-07,1915.0,0.0016469
VIB/BTC,1608340235694,2020-12-19T01:10:35.694Z,sell,8.6e-07,576.0,0.00049536
VIB/BTC,1608340235885,2020-12-19T01:10:35.885Z,sell,8.6e-07,2982.0,0.00256452
VIB/BTC,1608340239882,2020-12-19T01:10:39.882Z,sell,8.6e-07,15759.0,0.01355274
VIB/BTC,1608340250985,2020-12-19T01:10:50.985Z,sell,8.6e-07,1389.0,0.00119454
VIB/BTC,1608340252392,2020-12-19T01:10:52.392Z,buy,8.7e-07,140891.0,0.12257517
VIB/BTC,1608340252400,2020-12-19T01:10:52.400Z,sell,8.7e-07,10975.0,0.00954825
VIB/BTC,1608340252406,2020-12-19T01:10:52.406Z,sell,8.7e-07,10975.0,0.00954825
VIB/BTC,1608340252414,2020-12-19T01:10:52.414Z,sell,8.7e-07,2558.0,0.00222546
VIB/BTC,1608340254427,2020-12-19T01:10:54.427Z,sell,8.7e-07,1000.0,0.00087
VIB/BTC,1608340254685,2020-12-19T01:10:54.685Z,sell,8.7e-07,354.0,0.00030798
VIB/BTC,1608340254703,2020-12-19T01:10:54.703Z,sell,8.7e-07,354.0,0.00030798
VIB/BTC,1608340254750,2020-12-19T01:10:54.750Z,buy,8.8e-07,118.0,0.00010384
VIB/BTC,1608340256248,2020-12-19T01:10:56.248Z,buy,8.8e-07,58870.0,0.0518056
VIB/BTC,1608340256277,2020-12-19T01:10:56.277Z,sell,8.8e-07,118.0,0.00010384
VIB/BTC,1608340261396,2020-12-19T01:11:01.396Z,sell,8.7e-07,1758.0,0.00152946
VIB/BTC,1608340261672,2020-12-19T01:11:01.672Z,sell,8.7e-07,121.0,0.00010527
VIB/BTC,1608340270331,2020-12-19T01:11:10.331Z,sell,8.7e-07,5437.0,0.00473019
VIB/BTC,1608340276178,2020-12-19T01:11:16.178Z,sell,8.7e-07,2330.0,0.0020271
VIB/BTC,1608340276701,2020-12-19T01:11:16.701Z,sell,8.7e-07,7381.0,0.00642147
VIB/BTC,1608340277026,2020-12-19T01:11:17.026Z,sell,8.7e-07,4894.0,0.00425778
VIB/BTC,1608340295151,2020-12-19T01:11:35.151Z,sell,8.7e-07,6342.0,0.00551754
VIB/BTC,1608340295517,2020-12-19T01:11:35.517Z,sell,8.7e-07,19071.0,0.01659177
VIB/BTC,1608340387889,2020-12-19T01:13:07.889Z,sell,8.7e-07,120.0,0.0001044
VIB/BTC,1608340491825,2020-12-19T01:14:51.825Z,sell,8.7e-07,21192.0,0.01843704
VIB/BTC,1608340507943,2020-12-19T01:15:07.943Z,sell,8.7e-07,118.0,0.00010266
VIB/BTC,1608340518529,2020-12-19T01:15:18.529Z,buy,8.8e-07,1425.0,0.001254
VIB/BTC,1608340518848,2020-12-19T01:15:18.848Z,sell,8.7e-07,16513.0,0.01436631
VIB/BTC,1608340518848,2020-12-19T01:15:18.848Z,sell,8.6e-07,41698.0,0.03586028
VIB/BTC,1608340518858,2020-12-19T01:15:18.858Z,buy,8.6e-07,6519.0,0.00560634
VIB/BTC,1608340520774,2020-12-19T01:15:20.774Z,buy,8.7e-07,646.0,0.00056202
VIB/BTC,1608340577365,2020-12-19T01:16:17.365Z,buy,8.7e-07,210.0,0.0001827
VIB/BTC,1608340600932,2020-12-19T01:16:40.932Z,buy,8.7e-07,13632.0,0.01185984
VIB/BTC,1608340884690,2020-12-19T01:21:24.690Z,buy,8.7e-07,4556.0,0.00396372
VIB/BTC,1608340884690,2020-12-19T01:21:24.690Z,buy,8.8e-07,8944.0,0.00787072
VIB/BTC,1608340885189,2020-12-19T01:21:25.189Z,sell,8.7e-07,1064.0,0.00092568
VIB/BTC,1608340957675,2020-12-19T01:22:37.675Z,sell,8.6e-07,261.0,0.00022446
VIB/BTC,1608340968772,2020-12-19T01:22:48.772Z,sell,8.6e-07,38742.0,0.03331812
VIB/BTC,1608340968788,2020-12-19T01:22:48.788Z,buy,8.6e-07,719.0,0.00061834
VIB/BTC,1608341042428,2020-12-19T01:24:02.428Z,buy,8.6e-07,1454.0,0.00125044
VIB/BTC,1608341227920,2020-12-19T01:27:07.920Z,buy,8.6e-07,117.0,0.00010062
VIB/BTC,1608341421072,2020-12-19T01:30:21.072Z,buy,8.6e-07,10300.0,0.008858
VIB/BTC,1608341460096,2020-12-19T01:31:00.096Z,sell,8.5e-07,24925.0,0.02118625
VIB/BTC,1608341478299,2020-12-19T01:31:18.299Z,sell,8.5e-07,1325.0,0.00112625
VIB/BTC,1608341506367,2020-12-19T01:31:46.367Z,buy,8.6e-07,39.0,3.354e-05
VIB/BTC,1608341529031,2020-12-19T01:32:09.031Z,buy,8.6e-07,38.0,3.268e-05
VIB/BTC,1608341529031,2020-12-19T01:32:09.031Z,buy,8.6e-07,38.0,3.268e-05
VIB/BTC,1608343065927,2020-12-19T01:57:45.927Z,sell,8.5e-07,184.0,0.0001564
VIB/BTC,1608343841852,2020-12-19T02:10:41.852Z,sell,8.5e-07,467.0,0.00039695
VIB/BTC,1608344083419,2020-12-19T02:14:43.419Z,sell,8.5e-07,2000.0,0.0017
VIB/BTC,1608344800744,2020-12-19T02:26:40.744Z,buy,8.6e-07,349.0,0.00030014
VIB/BTC,1608344829546,2020-12-19T02:27:09.546Z,buy,8.6e-07,118.0,0.00010148
VIB/BTC,1608344969381,2020-12-19T02:29:29.381Z,buy,8.6e-07,10767.0,0.00925962
VIB/BTC,1608344969398,2020-12-19T02:29:29.398Z,sell,8.6e-07,1584.0,0.00136224
VIB/BTC,1608344969611,2020-12-19T02:29:29.611Z,sell,8.6e-07,10218.0,0.00878748
VIB/BTC,1608344969611,2020-12-19T02:29:29.611Z,sell,8.6e-07,10218.0,0.00878748
VIB/BTC,1608345201978,2020-12-19T02:33:21.978Z,sell,8.6e-07,18738.0,0.01611468
VIB/BTC,1608345647147,2020-12-19T02:40:47.147Z,sell,8.6e-07,118.0,0.00010148
VIB/BTC,1608345668954,2020-12-19T02:41:08.954Z,buy,8.7e-07,14366.0,0.01249842
VIB/BTC,1608345668961,2020-12-19T02:41:08.961Z,sell,8.7e-07,18376.0,0.01598712
VIB/BTC,1608345668966,2020-12-19T02:41:08.966Z,sell,8.7e-07,1340.0,0.0011658
VIB/BTC,1608345668966,2020-12-19T02:41:08.966Z,sell,8.7e-07,238.0,0.00020706
VIB/BTC,1608345669011,2020-12-19T02:41:09.011Z,sell,8.7e-07,2059.0,0.00179133
VIB/BTC,1608345711400,2020-12-19T02:41:51.400Z,sell,8.7e-07,3019.0,0.00262653
VIB/BTC,1608345727788,2020-12-19T02:42:07.788Z,buy,8.8e-07,194.0,0.00017072
VIB/BTC,1608345742222,2020-12-19T02:42:22.222Z,buy,8.8e-07,227.0,0.00019976
VIB/BTC,1608345955022,2020-12-19T02:45:55.022Z,sell,8.7e-07,543.0,0.00047241
VIB/BTC,1608346777566,2020-12-19T02:59:37.566Z,sell,8.7e-07,62853.0,0.05468211
VIB/BTC,1608346980685,2020-12-19T03:03:00.685Z,buy,8.8e-07,9863.0,0.00867944
VIB/BTC,1608347017656,2020-12-19T03:03:37.656Z,buy,8.8e-07,4437.0,0.00390456
VIB/BTC,1608347017895,2020-12-19T03:03:37.895Z,sell,8.8e-07,129.0,0.00011352
VIB/BTC,1608347023177,2020-12-19T03:03:43.177Z,buy,8.9e-07,115.0,0.00010235
VIB/BTC,1608347204172,2020-12-19T03:06:44.172Z,sell,8.8e-07,3570.0,0.0031416
VIB/BTC,1608347347119,2020-12-19T03:09:07.119Z,sell,8.8e-07,458.0,0.00040304
VIB/BTC,1608347435109,2020-12-19T03:10:35.109Z,sell,8.8e-07,1152.0,0.00101376
VIB/BTC,1608347439117,2020-12-19T03:10:39.117Z,sell,8.7e-07,349.0,0.00030363
VIB/BTC,1608347477579,2020-12-19T03:11:17.579Z,buy,8.8e-07,5000.0,0.0044
VIB/BTC,1608347511332,2020-12-19T03:11:51.332Z,sell,8.7e-07,53199.0,0.04628313
VIB/BTC,1608347564071,2020-12-19T03:12:44.071Z,buy,8.8e-07,341.0,0.00030008
VIB/BTC,1608347757916,2020-12-19T03:15:57.916Z,sell,8.7e-07,1045.0,0.00090915
VIB/BTC,1608347758017,2020-12-19T03:15:58.017Z,sell,8.7e-07,1264.0,0.00109968
VIB/BTC,1608347758024,2020-12-19T03:15:58.024Z,sell,8.7e-07,1201.0,0.00104487
VIB/BTC,1608347758232,2020-12-19T03:15:58.232Z,sell,8.7e-07,1307.0,0.00113709
VIB/BTC,1608347758389,2020-12-19T03:15:58.389Z,sell,8.7e-07,1264.0,0.00109968
VIB/BTC,1608347769003,2020-12-19T03:16:09.003Z,sell,8.7e-07,1264.0,0.00109968
VIB/BTC,1608347769007,2020-12-19T03:16:09.007Z,sell,8.7e-07,1312.0,0.00114144
VIB/BTC,1608347772226,2020-12-19T03:16:12.226Z,sell,8.7e-07,1352.0,0.00117624
VIB/BTC,1608347772600,2020-12-19T03:16:12.600Z,sell,8.7e-07,1264.0,0.00109968
VIB/BTC,1608347773947,2020-12-19T03:16:13.947Z,sell,8.7e-07,8896.0,0.00773952
VIB/BTC,1608347776560,2020-12-19T03:16:16.560Z,sell,8.7e-07,1334.0,0.00116058
VIB/BTC,1608347776718,2020-12-19T03:16:16.718Z,sell,8.7e-07,1392.0,0.00121104
VIB/BTC,1608347777119,2020-12-19T03:16:17.119Z,sell,8.7e-07,1948.0,0.00169476
VIB/BTC,1608347780561,2020-12-19T03:16:20.561Z,sell,8.7e-07,1319.0,0.00114753
VIB/BTC,1608347781031,2020-12-19T03:16:21.031Z,sell,8.7e-07,1297.0,0.00112839
VIB/BTC,1608347781212,2020-12-19T03:16:21.212Z,sell,8.7e-07,1296.0,0.00112752
VIB/BTC,1608347781331,2020-12-19T03:16:21.331Z,sell,8.7e-07,1296.0,0.00112752
VIB/BTC,1608347781433,2020-12-19T03:16:21.433Z,sell,8.7e-07,1336.0,0.00116232
VIB/BTC,1608347781631,2020-12-19T03:16:21.631Z,sell,8.7e-07,1274.0,0.00110838
VIB/BTC,1608347781956,2020-12-19T03:16:21.956Z,sell,8.7e-07,1282.0,0.00111534
VIB/BTC,1608347782199,2020-12-19T03:16:22.199Z,sell,8.7e-07,1279.0,0.00111273
VIB/BTC,1608347782213,2020-12-19T03:16:22.213Z,sell,8.7e-07,2010.0,0.0017487
VIB/BTC,1608347782477,2020-12-19T03:16:22.477Z,sell,8.7e-07,1324.0,0.00115188
VIB/BTC,1608347782660,2020-12-19T03:16:22.660Z,sell,8.7e-07,1305.0,0.00113535
VIB/BTC,1608347783322,2020-12-19T03:16:23.322Z,sell,8.7e-07,1279.0,0.00111273
VIB/BTC,1608347784541,2020-12-19T03:16:24.541Z,sell,8.7e-07,1322.0,0.00115014
VIB/BTC,1608347784772,2020-12-19T03:16:24.772Z,sell,8.7e-07,1263.0,0.00109881
VIB/BTC,1608347784924,2020-12-19T03:16:24.924Z,sell,8.7e-07,1302.0,0.00113274
VIB/BTC,1608347784936,2020-12-19T03:16:24.936Z,sell,8.7e-07,1264.0,0.00109968
VIB/BTC,1608347785124,2020-12-19T03:16:25.124Z,sell,8.7e-07,1302.0,0.00113274
VIB/BTC,1608347802007,2020-12-19T03:16:42.007Z,sell,8.7e-07,780.0,0.0006786
VIB/BTC,1608347813199,2020-12-19T03:16:53.199Z,sell,8.7e-07,48351.0,0.04206537
VIB/BTC,1608347830669,2020-12-19T03:17:10.669Z,sell,8.6e-07,2402.0,0.00206572
VIB/BTC,1608347851026,2020-12-19T03:17:31.026Z,buy,8.7e-07,210.0,0.0001827
VIB/BTC,1608347908911,2020-12-19T03:18:28.911Z,sell,8.6e-07,20709.0,0.01780974
VIB/BTC,1608347908932,2020-12-19T03:18:28.932Z,buy,8.6e-07,1825.0,0.0015695
VIB/BTC,1608347908936,2020-12-19T03:18:28.936Z,buy,8.6e-07,2077.0,0.00178622
VIB/BTC,1608348152173,2020-12-19T03:22:32.173Z,buy,8.6e-07,5037.0,0.00433182
VIB/BTC,1608348187922,2020-12-19T03:23:07.922Z,buy,8.6e-07,117.0,0.00010062
VIB/BTC,1608348280758,2020-12-19T03:24:40.758Z,buy,8.6e-07,188.0,0.00016168
VIB/BTC,1608348341723,2020-12-19T03:25:41.723Z,buy,8.6e-07,19350.0,0.016641
VIB/BTC,1608348344301,2020-12-19T03:25:44.301Z,buy,8.6e-07,169.0,0.00014534
VIB/BTC,1608348384461,2020-12-19T03:26:24.461Z,buy,8.6e-07,5873.0,0.00505078
VIB/BTC,1608348384461,2020-12-19T03:26:24.461Z,buy,8.6e-07,5873.0,0.00505078
VIB/BTC,1608348929445,2020-12-19T03:35:29.445Z,buy,8.6e-07,981.0,0.00084366
VIB/BTC,1608349093640,2020-12-19T03:38:13.640Z,buy,8.6e-07,314.0,0.00027004
VIB/BTC,1608349119535,2020-12-19T03:38:39.535Z,buy,8.6e-07,1779.0,0.00152994
VIB/BTC,1608349254731,2020-12-19T03:40:54.731Z,buy,8.6e-07,337.0,0.00028982
VIB/BTC,1608349256775,2020-12-19T03:40:56.775Z,buy,8.6e-07,119.0,0.00010234
VIB/BTC,1608349273158,2020-12-19T03:41:13.158Z,sell,8.5e-07,2484.0,0.0021114
VIB/BTC,1608349294413,2020-12-19T03:41:34.413Z,buy,8.6e-07,138.0,0.00011868
VIB/BTC,1608349833542,2020-12-19T03:50:33.542Z,buy,8.6e-07,138.0,0.00011868
VIB/BTC,1608349952460,2020-12-19T03:52:32.460Z,buy,8.6e-07,7273.0,0.00625478
VIB/BTC,1608350169465,2020-12-19T03:56:09.465Z,sell,8.5e-07,8763.0,0.00744855
VIB/BTC,1608350298615,2020-12-19T03:58:18.615Z,sell,8.5e-07,19331.0,0.01643135
VIB/BTC,1608350482617,2020-12-19T04:01:22.617Z,buy,8.6e-07,7648.0,0.00657728
VIB/BTC,1608350482693,2020-12-19T04:01:22.693Z,buy,8.6e-07,3285.0,0.0028251
VIB/BTC,1608350483181,2020-12-19T04:01:23.181Z,buy,8.6e-07,3279.0,0.00281994
VIB/BTC,1608350486629,2020-12-19T04:01:26.629Z,buy,8.6e-07,3275.0,0.0028165
VIB/BTC,1608350505075,2020-12-19T04:01:45.075Z,buy,8.6e-07,2122.0,0.00182492
VIB/BTC,1608350792344,2020-12-19T04:06:32.344Z,buy,8.6e-07,10742.0,0.00923812
VIB/BTC,1608350831546,2020-12-19T04:07:11.546Z,buy,8.7e-07,48062.0,0.04181394
VIB/BTC,1608350862080,2020-12-19T04:07:42.080Z,sell,8.6e-07,2736.0,0.00235296
VIB/BTC,1608350862080,2020-12-19T04:07:42.080Z,sell,8.6e-07,2736.0,0.00235296
VIB/BTC,1608352424011,2020-12-19T04:33:44.011Z,buy,8.6e-07,2369.0,0.00203734
VIB/BTC,1608352938682,2020-12-19T04:42:18.682Z,buy,8.6e-07,1588.0,0.00136568
VIB/BTC,1608352938710,2020-12-19T04:42:18.710Z,buy,8.6e-07,1587.0,0.00136482
VIB/BTC,1608352938742,2020-12-19T04:42:18.742Z,buy,8.6e-07,1586.0,0.00136396
VIB/BTC,1608352938766,2020-12-19T04:42:18.766Z,buy,8.6e-07,1585.0,0.0013631
VIB/BTC,1608352938810,2020-12-19T04:42:18.810Z,buy,8.6e-07,1585.0,0.0013631
VIB/BTC,1608352938833,2020-12-19T04:42:18.833Z,buy,8.6e-07,1584.0,0.00136224
VIB/BTC,1608352938855,2020-12-19T04:42:18.855Z,buy,8.6e-07,1583.0,0.00136138
VIB/BTC,1608352938880,2020-12-19T04:42:18.880Z,buy,8.6e-07,565.0,0.0004859
VIB/BTC,1608353202480,2020-12-19T04:46:42.480Z,buy,8.7e-07,533.0,0.00046371
VIB/BTC,1608353202480,2020-12-19T04:46:42.480Z,buy,8.7e-07,533.0,0.00046371
VIB/BTC,1608354784544,2020-12-19T05:13:04.544Z,buy,8.7e-07,55172.0,0.04799964
VIB/BTC,1608355822435,2020-12-19T05:30:22.435Z,sell,8.6e-07,29595.0,0.0254517
VIB/BTC,1608356747543,2020-12-19T05:45:47.543Z,buy,8.6e-07,2000.0,0.00172
VIB/BTC,1608356747543,2020-12-19T05:45:47.543Z,buy,8.6e-07,2000.0,0.00172
VIB/BTC,1608356865628,2020-12-19T05:47:45.628Z,sell,8.5e-07,1998.0,0.0016983
VIB/BTC,1608357576397,2020-12-19T05:59:36.397Z,buy,8.6e-07,4304.0,0.00370144
VIB/BTC,1608358025813,2020-12-19T06:07:05.813Z,sell,8.5e-07,10662.0,0.0090627
VIB/BTC,1608358418301,2020-12-19T06:13:38.301Z,buy,8.6e-07,16237.0,0.01396382
VIB/BTC,1608358441310,2020-12-19T06:14:01.310Z,buy,8.6e-07,5161.0,0.00443846
VIB/BTC,1608358928460,2020-12-19T06:22:08.460Z,buy,8.6e-07,10132.0,0.00871352
VIB/BTC,1608359555081,2020-12-19T06:32:35.081Z,buy,8.6e-07,3580.0,0.0030788
VIB/BTC,1608359555081,2020-12-19T06:32:35.081Z,buy,8.7e-07,50787.0,0.04418469
VIB/BTC,1608359555081,2020-12-19T06:32:35.081Z,buy,8.8e-07,29006.0,0.02552528
VIB/BTC,1608359555466,2020-12-19T06:32:35.466Z,sell,8.6e-07,5117.0,0.00440062
VIB/BTC,1608359555821,2020-12-19T06:32:35.821Z,sell,8.7e-07,1589.0,0.00138243
VIB/BTC,1608359555821,2020-12-19T06:32:35.821Z,sell,8.7e-07,1857.0,0.00161559
VIB/BTC,1608359555822,2020-12-19T06:32:35.822Z,sell,8.7e-07,1857.0,0.00161559
VIB/BTC,1608359618322,2020-12-19T06:33:38.322Z,sell,8.7e-07,2837.0,0.00246819
VIB/BTC,1608359618691,2020-12-19T06:33:38.691Z,sell,8.7e-07,13507.0,0.01175109
VIB/BTC,1608359628395,2020-12-19T06:33:48.395Z,sell,8.7e-07,2271.0,0.00197577
VIB/BTC,1608359690974,2020-12-19T06:34:50.974Z,buy,8.7e-07,211.0,0.00018357
VIB/BTC,1608359748463,2020-12-19T06:35:48.463Z,sell,8.6e-07,1639.0,0.00140954
VIB/BTC,1608359748463,2020-12-19T06:35:48.463Z,sell,8.6e-07,1639.0,0.00140954
VIB/BTC,1608361144266,2020-12-19T06:59:04.266Z,buy,8.7e-07,18856.0,0.01640472
VIB/BTC,1608361338333,2020-12-19T07:02:18.333Z,buy,8.7e-07,196.0,0.00017052
VIB/BTC,1608362464209,2020-12-19T07:21:04.209Z,sell,8.7e-07,147.0,0.00012789
VIB/BTC,1608362739797,2020-12-19T07:25:39.797Z,buy,8.8e-07,2000.0,0.00176
VIB/BTC,1608362742203,2020-12-19T07:25:42.203Z,sell,8.7e-07,262.0,0.00022794
VIB/BTC,1608362866816,2020-12-19T07:27:46.816Z,sell,8.7e-07,25139.0,0.02187093
VIB/BTC,1608362896604,2020-12-19T07:28:16.604Z,sell,8.7e-07,3906.0,0.00339822
VIB/BTC,1608363048320,2020-12-19T07:30:48.320Z,buy,8.8e-07,6349.0,0.00558712
VIB/BTC,1608363217507,2020-12-19T07:33:37.507Z,buy,8.8e-07,85787.0,0.07549256
VIB/BTC,1608363223139,2020-12-19T07:33:43.139Z,buy,8.8e-07,194.0,0.00017072
VIB/BTC,1608363223139,2020-12-19T07:33:43.139Z,buy,8.8e-07,194.0,0.00017072
VIB/BTC,1608363462273,2020-12-19T07:37:42.273Z,buy,8.8e-07,9281.0,0.00816728
VIB/BTC,1608363462286,2020-12-19T07:37:42.286Z,sell,8.8e-07,1063.0,0.00093544
VIB/BTC,1608363462289,2020-12-19T07:37:42.289Z,sell,8.8e-07,236.0,0.00020768
VIB/BTC,1608363462290,2020-12-19T07:37:42.290Z,sell,8.8e-07,784.0,0.00068992
VIB/BTC,1608363535415,2020-12-19T07:38:55.415Z,sell,8.7e-07,11364.0,0.00988668
VIB/BTC,1608363907871,2020-12-19T07:45:07.871Z,buy,8.8e-07,115.0,0.0001012
VIB/BTC,1608364608455,2020-12-19T07:56:48.455Z,buy,8.8e-07,15111.0,0.01329768
VIB/BTC,1608364666726,2020-12-19T07:57:46.726Z,sell,8.8e-07,71078.0,0.06254864
VIB/BTC,1608364927522,2020-12-19T08:02:07.522Z,sell,8.8e-07,1264.0,0.00111232
VIB/BTC,1608364927728,2020-12-19T08:02:07.728Z,sell,8.8e-07,1207.0,0.00106216
VIB/BTC,1608364935297,2020-12-19T08:02:15.297Z,sell,8.8e-07,203.0,0.00017864
VIB/BTC,1608364935297,2020-12-19T08:02:15.297Z,sell,8.7e-07,5109.0,0.00444483
VIB/BTC,1608364952703,2020-12-19T08:02:32.703Z,buy,8.8e-07,10522.0,0.00925936
VIB/BTC,1608364987370,2020-12-19T08:03:07.370Z,buy,8.8e-07,1391.0,0.00122408
VIB/BTC,1608365011977,2020-12-19T08:03:31.977Z,buy,8.8e-07,2077.0,0.00182776
VIB/BTC,1608365115844,2020-12-19T08:05:15.844Z,sell,8.8e-07,1863.0,0.00163944
VIB/BTC,1608365207030,2020-12-19T08:06:47.030Z,sell,8.7e-07,1000.0,0.00087
VIB/BTC,1608365218479,2020-12-19T08:06:58.479Z,sell,8.7e-07,99941.0,0.08694867
VIB/BTC,1608365277715,2020-12-19T08:07:57.715Z,sell,8.7e-07,13918.0,0.01210866
VIB/BTC,1608365278153,2020-12-19T08:07:58.153Z,buy,8.8e-07,9934.0,0.00874192
VIB/BTC,1608365985956,2020-12-19T08:19:45.956Z,sell,8.7e-07,1162.0,0.00101094
VIB/BTC,1608366072630,2020-12-19T08:21:12.630Z,sell,8.7e-07,10335.0,0.00899145
VIB/BTC,1608366087280,2020-12-19T08:21:27.280Z,buy,8.7e-07,2095.0,0.00182265
VIB/BTC,1608366128011,2020-12-19T08:22:08.011Z,sell,8.6e-07,195.0,0.0001677
VIB/BTC,1608366133534,2020-12-19T08:22:13.534Z,buy,8.7e-07,211.0,0.00018357
VIB/BTC,1608366161360,2020-12-19T08:22:41.360Z,sell,8.6e-07,240488.0,0.20681968
VIB/BTC,1608366161373,2020-12-19T08:22:41.373Z,buy,8.6e-07,1852.0,0.00159272
VIB/BTC,1608366161380,2020-12-19T08:22:41.380Z,buy,8.6e-07,4955.0,0.0042613
VIB/BTC,1608366200020,2020-12-19T08:23:20.020Z,buy,8.7e-07,9840.0,0.0085608
VIB/BTC,1608366441689,2020-12-19T08:27:21.689Z,sell,8.5e-07,181447.0,0.15422995
VIB/BTC,1608366441689,2020-12-19T08:27:21.689Z,sell,8.4e-07,249376.0,0.20947584
VIB/BTC,1608366507889,2020-12-19T08:28:27.889Z,sell,8.4e-07,189120.0,0.1588608
VIB/BTC,1608366518329,2020-12-19T08:28:38.329Z,buy,8.5e-07,45040.0,0.038284
VIB/BTC,1608366536008,2020-12-19T08:28:56.008Z,buy,8.5e-07,57123.0,0.04855455
VIB/BTC,1608366553042,2020-12-19T08:29:13.042Z,buy,8.5e-07,14231.0,0.01209635
VIB/BTC,1608366553057,2020-12-19T08:29:13.057Z,sell,8.5e-07,1610.0,0.0013685
VIB/BTC,1608366553084,2020-12-19T08:29:13.084Z,sell,8.5e-07,1609.0,0.00136765
VIB/BTC,1608366553109,2020-12-19T08:29:13.109Z,sell,8.5e-07,1608.0,0.0013668
VIB/BTC,1608366553115,2020-12-19T08:29:13.115Z,sell,8.5e-07,189.0,0.00016065
VIB/BTC,1608366553115,2020-12-19T08:29:13.115Z,sell,8.4e-07,1608.0,0.00135072
VIB/BTC,1608366558497,2020-12-19T08:29:18.497Z,buy,8.5e-07,333.0,0.00028305
VIB/BTC,1608366578388,2020-12-19T08:29:38.388Z,sell,8.4e-07,5924.0,0.00497616
VIB/BTC,1608366605237,2020-12-19T08:30:05.237Z,buy,8.5e-07,370.0,0.0003145
VIB/BTC,1608366621804,2020-12-19T08:30:21.804Z,sell,8.4e-07,4756.0,0.00399504
VIB/BTC,1608366632647,2020-12-19T08:30:32.647Z,buy,8.5e-07,194875.0,0.16564375
VIB/BTC,1608366632654,2020-12-19T08:30:32.654Z,sell,8.5e-07,19070.0,0.0162095
VIB/BTC,1608366632655,2020-12-19T08:30:32.655Z,sell,8.5e-07,19070.0,0.0162095
VIB/BTC,1608366632666,2020-12-19T08:30:32.666Z,sell,8.5e-07,2059.0,0.00175015
VIB/BTC,1608366632667,2020-12-19T08:30:32.667Z,sell,8.5e-07,1612.0,0.0013702
VIB/BTC,1608366632709,2020-12-19T08:30:32.709Z,sell,8.5e-07,3057.0,0.00259845
VIB/BTC,1608366632792,2020-12-19T08:30:32.792Z,sell,8.5e-07,36386.0,0.0309281
VIB/BTC,1608366640667,2020-12-19T08:30:40.667Z,sell,8.5e-07,122.0,0.0001037
VIB/BTC,1608366643738,2020-12-19T08:30:43.738Z,sell,8.5e-07,220000.0,0.187
VIB/BTC,1608366663287,2020-12-19T08:31:03.287Z,sell,8.5e-07,3749.0,0.00318665
VIB/BTC,1608366676746,2020-12-19T08:31:16.746Z,sell,8.5e-07,8843.0,0.00751655
VIB/BTC,1608366726047,2020-12-19T08:32:06.047Z,sell,8.5e-07,1176.0,0.0009996
VIB/BTC,1608366760714,2020-12-19T08:32:40.714Z,buy,8.6e-07,37.0,3.1820000000000004e-05
VIB/BTC,1608366760714,2020-12-19T08:32:40.714Z,buy,8.6e-07,37.0,3.1820000000000004e-05
VIB/BTC,1608366914121,2020-12-19T08:35:14.121Z,sell,8.4e-07,204.0,0.00017136
VIB/BTC,1608366989397,2020-12-19T08:36:29.397Z,buy,8.5e-07,1245.0,0.00105825
VIB/BTC,1608367055473,2020-12-19T08:37:35.473Z,sell,8.5e-07,1875.0,0.00159375
VIB/BTC,1608367058343,2020-12-19T08:37:38.343Z,buy,8.5e-07,170118.0,0.1446003
VIB/BTC,1608367062629,2020-12-19T08:37:42.629Z,buy,8.5e-07,100619.0,0.08552615
VIB/BTC,1608367063526,2020-12-19T08:37:43.526Z,buy,8.5e-07,86208.0,0.0732768
VIB/BTC,1608367063627,2020-12-19T08:37:43.627Z,sell,8.5e-07,515.0,0.00043775
VIB/BTC,1608367063825,2020-12-19T08:37:43.825Z,sell,8.5e-07,4981.0,0.00423385
VIB/BTC,1608367063980,2020-12-19T08:37:43.980Z,sell,8.5e-07,10075.0,0.00856375
VIB/BTC,1608367067988,2020-12-19T08:37:47.988Z,sell,8.5e-07,103470.0,0.0879495
VIB/BTC,1608367072702,2020-12-19T08:37:52.702Z,buy,8.6e-07,2713.0,0.00233318
VIB/BTC,1608367079657,2020-12-19T08:37:59.657Z,buy,8.6e-07,1462.0,0.00125732
VIB/BTC,1608367088433,2020-12-19T08:38:08.433Z,buy,8.6e-07,99999.0,0.08599914
VIB/BTC,1608367100887,2020-12-19T08:38:20.887Z,buy,8.6e-07,2331.0,0.00200466
VIB/BTC,1608367106317,2020-12-19T08:38:26.317Z,buy,8.6e-07,4277.0,0.00367822
VIB/BTC,1608367111136,2020-12-19T08:38:31.136Z,buy,8.6e-07,1168.0,0.00100448
VIB/BTC,1608367111922,2020-12-19T08:38:31.922Z,buy,8.6e-07,584.0,0.00050224
VIB/BTC,1608367138719,2020-12-19T08:38:58.719Z,sell,8.5e-07,50000.0,0.0425
VIB/BTC,1608367149929,2020-12-19T08:39:09.929Z,buy,8.6e-07,555.0,0.0004773
VIB/BTC,1608367170704,2020-12-19T08:39:30.704Z,buy,8.6e-07,401552.0,0.34533472
VIB/BTC,1608367175653,2020-12-19T08:39:35.653Z,buy,8.6e-07,217811.0,0.18731746
VIB/BTC,1608367177918,2020-12-19T08:39:37.918Z,buy,8.6e-07,229335.0,0.1972281
VIB/BTC,1608367180021,2020-12-19T08:39:40.021Z,buy,8.6e-07,193391.0,0.16631626
VIB/BTC,1608367189147,2020-12-19T08:39:49.147Z,buy,8.6e-07,211486.0,0.18187796
VIB/BTC,1608367190588,2020-12-19T08:39:50.588Z,buy,8.6e-07,240891.0,0.20716626
VIB/BTC,1608367190590,2020-12-19T08:39:50.590Z,buy,8.6e-07,132720.0,0.1141392
VIB/BTC,1608367192506,2020-12-19T08:39:52.506Z,buy,8.6e-07,258693.0,0.22247598
VIB/BTC,1608367192518,2020-12-19T08:39:52.518Z,sell,8.6e-07,2018.0,0.00173548
VIB/BTC,1608367192525,2020-12-19T08:39:52.525Z,sell,8.6e-07,240.0,0.0002064
VIB/BTC,1608367192530,2020-12-19T08:39:52.530Z,sell,8.6e-07,1102.0,0.00094772
VIB/BTC,1608367195455,2020-12-19T08:39:55.455Z,sell,8.6e-07,60691.0,0.05219426
VIB/BTC,1608367197955,2020-12-19T08:39:57.955Z,buy,8.6e-07,203621.0,0.17511406
VIB/BTC,1608367199967,2020-12-19T08:39:59.967Z,buy,8.6e-07,179064.0,0.15399504
VIB/BTC,1608367201877,2020-12-19T08:40:01.877Z,buy,8.6e-07,195435.0,0.1680741
VIB/BTC,1608367208296,2020-12-19T08:40:08.296Z,buy,8.6e-07,197482.0,0.16983452
VIB/BTC,1608367209835,2020-12-19T08:40:09.835Z,buy,8.6e-07,195435.0,0.1680741
VIB/BTC,1608367212628,2020-12-19T08:40:12.628Z,buy,8.6e-07,182133.0,0.15663438
VIB/BTC,1608367218204,2020-12-19T08:40:18.204Z,buy,8.6e-07,217946.0,0.18743356
VIB/BTC,1608367219332,2020-12-19T08:40:19.332Z,buy,8.6e-07,521763.0,0.44871618
VIB/BTC,1608367219799,2020-12-19T08:40:19.799Z,sell,8.6e-07,2969.0,0.00255334
VIB/BTC,1608367224537,2020-12-19T08:40:24.537Z,buy,8.7e-07,101259.0,0.08809533
VIB/BTC,1608367224991,2020-12-19T08:40:24.991Z,sell,8.6e-07,230835.0,0.1985181
VIB/BTC,1608367309920,2020-12-19T08:41:49.920Z,buy,8.7e-07,8130.0,0.0070731
VIB/BTC,1608367318014,2020-12-19T08:41:58.014Z,sell,8.7e-07,1176.0,0.00102312
VIB/BTC,1608367328967,2020-12-19T08:42:08.967Z,buy,8.7e-07,1831.0,0.00159297
VIB/BTC,1608367328985,2020-12-19T08:42:08.985Z,buy,8.7e-07,1127.0,0.00098049
VIB/BTC,1608367348583,2020-12-19T08:42:28.583Z,sell,8.7e-07,75520.0,0.0657024
VIB/BTC,1608367350538,2020-12-19T08:42:30.538Z,sell,8.7e-07,103772.0,0.09028164
VIB/BTC,1608367354365,2020-12-19T08:42:34.365Z,sell,8.7e-07,116334.0,0.10121058
VIB/BTC,1608367387898,2020-12-19T08:43:07.898Z,sell,8.7e-07,120.0,0.0001044
VIB/BTC,1608367459191,2020-12-19T08:44:19.191Z,buy,8.8e-07,41.0,3.608e-05
VIB/BTC,1608367540504,2020-12-19T08:45:40.504Z,buy,8.8e-07,32.0,2.816e-05
VIB/BTC,1608367586836,2020-12-19T08:46:26.836Z,buy,8.7e-07,3486.0,0.00303282
VIB/BTC,1608367639722,2020-12-19T08:47:19.722Z,buy,8.8e-07,69337.0,0.06101656
VIB/BTC,1608367639740,2020-12-19T08:47:19.740Z,sell,8.8e-07,634.0,0.00055792
VIB/BTC,1608367641991,2020-12-19T08:47:21.991Z,sell,8.8e-07,71440.0,0.0628672
VIB/BTC,1608367643451,2020-12-19T08:47:23.451Z,sell,8.8e-07,66631.0,0.05863528
VIB/BTC,1608367647869,2020-12-19T08:47:27.869Z,sell,8.8e-07,146.0,0.00012848
VIB/BTC,1608367648431,2020-12-19T08:47:28.431Z,sell,8.8e-07,70753.0,0.06226264
VIB/BTC,1608367650992,2020-12-19T08:47:30.992Z,sell,8.8e-07,61588.0,0.05419744
VIB/BTC,1608367652951,2020-12-19T08:47:32.951Z,sell,8.8e-07,64953.0,0.05715864
VIB/BTC,1608367653892,2020-12-19T08:47:33.892Z,sell,8.8e-07,62597.0,0.05508536
VIB/BTC,1608367655354,2020-12-19T08:47:35.354Z,sell,8.8e-07,56876.0,0.05005088
VIB/BTC,1608367657386,2020-12-19T08:47:37.386Z,sell,8.8e-07,68992.0,0.06071296
VIB/BTC,1608367664487,2020-12-19T08:47:44.487Z,sell,8.8e-07,64617.0,0.05686296
VIB/BTC,1608367666330,2020-12-19T08:47:46.330Z,sell,8.8e-07,53763.0,0.04731144
VIB/BTC,1608367667897,2020-12-19T08:47:47.897Z,sell,8.8e-07,63943.0,0.05626984
VIB/BTC,1608367669423,2020-12-19T08:47:49.423Z,sell,8.8e-07,63270.0,0.0556776
VIB/BTC,1608367671181,2020-12-19T08:47:51.181Z,sell,8.8e-07,57886.0,0.05093968
VIB/BTC,1608367672914,2020-12-19T08:47:52.914Z,sell,8.8e-07,67982.0,0.05982416
VIB/BTC,1608367675805,2020-12-19T08:47:55.805Z,sell,8.8e-07,63943.0,0.05626984
VIB/BTC,1608367678307,2020-12-19T08:47:58.307Z,sell,8.8e-07,64280.0,0.0565664
VIB/BTC,1608367683623,2020-12-19T08:48:03.623Z,sell,8.8e-07,63270.0,0.0556776
VIB/BTC,1608367687160,2020-12-19T08:48:07.160Z,sell,8.8e-07,57886.0,0.05093968
VIB/BTC,1608367690490,2020-12-19T08:48:10.490Z,sell,8.8e-07,40722.0,0.03583536
VIB/BTC,1608367719713,2020-12-19T08:48:39.713Z,sell,8.8e-07,4272.0,0.00375936
VIB/BTC,1608367721212,2020-12-19T08:48:41.212Z,sell,8.8e-07,1166.0,0.00102608
VIB/BTC,1608367721949,2020-12-19T08:48:41.949Z,sell,8.8e-07,8788.0,0.00773344
VIB/BTC,1608367731541,2020-12-19T08:48:51.541Z,sell,8.8e-07,10744.0,0.00945472
VIB/BTC,1608367736015,2020-12-19T08:48:56.015Z,buy,8.8e-07,265041.0,0.23323608
VIB/BTC,1608367739560,2020-12-19T08:48:59.560Z,sell,8.8e-07,288979.0,0.25430152
VIB/BTC,1608367741804,2020-12-19T08:49:01.804Z,sell,8.8e-07,246921.0,0.21729048
VIB/BTC,1608367750074,2020-12-19T08:49:10.074Z,sell,8.8e-07,263202.0,0.23161776
VIB/BTC,1608367752336,2020-12-19T08:49:12.336Z,sell,8.8e-07,248278.0,0.21848464
VIB/BTC,1608367755203,2020-12-19T08:49:15.203Z,sell,8.8e-07,144490.0,0.1271512
VIB/BTC,1608367766001,2020-12-19T08:49:26.001Z,sell,8.8e-07,256175.0,0.225434
VIB/BTC,1608367769101,2020-12-19T08:49:29.101Z,sell,8.8e-07,214761.0,0.18898968
VIB/BTC,1608367774732,2020-12-19T08:49:34.732Z,sell,8.8e-07,266183.0,0.23424104
VIB/BTC,1608367780982,2020-12-19T08:49:40.982Z,sell,8.8e-07,162004.0,0.14256352
VIB/BTC,1608367792995,2020-12-19T08:49:52.995Z,buy,8.8e-07,2008.0,0.00176704
VIB/BTC,1608367795682,2020-12-19T08:49:55.682Z,sell,8.8e-07,2674.0,0.00235312
VIB/BTC,1608367795765,2020-12-19T08:49:55.765Z,sell,8.8e-07,239296.0,0.21058048
VIB/BTC,1608367803137,2020-12-19T08:50:03.137Z,sell,8.8e-07,216767.0,0.19075496
VIB/BTC,1608367812887,2020-12-19T08:50:12.887Z,sell,8.8e-07,261884.0,0.23045792
VIB/BTC,1608367818224,2020-12-19T08:50:18.224Z,sell,8.8e-07,248315.0,0.2185172
VIB/BTC,1608367826024,2020-12-19T08:50:26.024Z,sell,8.8e-07,119408.0,0.10507904
VIB/BTC,1608367835268,2020-12-19T08:50:35.268Z,sell,8.8e-07,2674.0,0.00235312
VIB/BTC,1608367847658,2020-12-19T08:50:47.658Z,sell,8.7e-07,601.0,0.00052287
VIB/BTC,1608367870363,2020-12-19T08:51:10.363Z,buy,8.8e-07,32566.0,0.02865808
VIB/BTC,1608367873382,2020-12-19T08:51:13.382Z,sell,8.8e-07,271382.0,0.23881616
VIB/BTC,1608367873591,2020-12-19T08:51:13.591Z,buy,8.9e-07,114.0,0.00010146
VIB/BTC,1608367876640,2020-12-19T08:51:16.640Z,sell,8.8e-07,116694.0,0.10269072
VIB/BTC,1608367899300,2020-12-19T08:51:39.300Z,sell,8.8e-07,28095.0,0.0247236
VIB/BTC,1608367907096,2020-12-19T08:51:47.096Z,buy,8.8e-07,20714.0,0.01822832
VIB/BTC,1608367921021,2020-12-19T08:52:01.021Z,sell,8.8e-07,29812.0,0.02623456
VIB/BTC,1608367924024,2020-12-19T08:52:04.024Z,sell,8.8e-07,15005.0,0.0132044
VIB/BTC,1608367936447,2020-12-19T08:52:16.447Z,sell,8.7e-07,1586.0,0.00137982
VIB/BTC,1608367947959,2020-12-19T08:52:27.959Z,sell,8.7e-07,12644.0,0.01100028
VIB/BTC,1608367984205,2020-12-19T08:53:04.205Z,buy,8.8e-07,15757.0,0.01386616
VIB/BTC,1608367997469,2020-12-19T08:53:17.469Z,sell,8.8e-07,46504.0,0.04092352
VIB/BTC,1608368042639,2020-12-19T08:54:02.639Z,buy,8.8e-07,37.0,3.256e-05
VIB/BTC,1608368152984,2020-12-19T08:55:52.984Z,buy,8.8e-07,33.0,2.904e-05
VIB/BTC,1608368212865,2020-12-19T08:56:52.865Z,buy,8.8e-07,39.0,3.4320000000000003e-05
VIB/BTC,1608368311720,2020-12-19T08:58:31.720Z,buy,8.8e-07,31.0,2.7280000000000003e-05
VIB/BTC,1608368321232,2020-12-19T08:58:41.232Z,buy,8.8e-07,10182.0,0.00896016
VIB/BTC,1608368390821,2020-12-19T08:59:50.821Z,sell,8.8e-07,11256.0,0.00990528
VIB/BTC,1608368408045,2020-12-19T09:00:08.045Z,sell,8.8e-07,182.0,0.00016016
VIB/BTC,1608368412469,2020-12-19T09:00:12.469Z,buy,8.9e-07,388.0,0.00034532
VIB/BTC,1608368420849,2020-12-19T09:00:20.849Z,sell,8.8e-07,3486.0,0.00306768
VIB/BTC,1608368444724,2020-12-19T09:00:44.724Z,sell,8.8e-07,2974.0,0.00261712
VIB/BTC,1608368451603,2020-12-19T09:00:51.603Z,sell,8.8e-07,601.0,0.00052888
VIB/BTC,1608368486066,2020-12-19T09:01:26.066Z,sell,8.8e-07,10847.0,0.00954536
VIB/BTC,1608368663022,2020-12-19T09:04:23.022Z,sell,8.8e-07,1000.0,0.00088
VIB/BTC,1608368784364,2020-12-19T09:06:24.364Z,sell,8.8e-07,244.0,0.00021472
VIB/BTC,1608369376364,2020-12-19T09:16:16.364Z,sell,8.8e-07,20000.0,0.0176
VIB/BTC,1608369674570,2020-12-19T09:21:14.570Z,buy,8.9e-07,338.0,0.00030082
VIB/BTC,1608369918230,2020-12-19T09:25:18.230Z,buy,8.9e-07,82682.0,0.07358698
VIB/BTC,1608369930615,2020-12-19T09:25:30.615Z,buy,8.9e-07,12326.0,0.01097014
VIB/BTC,1608369935618,2020-12-19T09:25:35.618Z,sell,8.9e-07,1161.0,0.0010332899999999
VIB/BTC,1608369942535,2020-12-19T09:25:42.535Z,buy,9e-07,222.0,0.0001997999999999
VIB/BTC,1608370028735,2020-12-19T09:27:08.735Z,sell,8.9e-07,28730.0,0.0255696999999999
VIB/BTC,1608370070691,2020-12-19T09:27:50.691Z,sell,8.9e-07,227.0,0.00020203
VIB/BTC,1608370164836,2020-12-19T09:29:24.836Z,buy,9e-07,165.0,0.0001485
VIB/BTC,1608370164836,2020-12-19T09:29:24.836Z,buy,9e-07,165.0,0.0001485
VIB/BTC,1608370460892,2020-12-19T09:34:20.892Z,buy,9e-07,189.0,0.0001701
VIB/BTC,1608370879708,2020-12-19T09:41:19.708Z,buy,9e-07,1777.0,0.0015993
VIB/BTC,1608371232030,2020-12-19T09:47:12.030Z,buy,9e-07,37838.0,0.0340542
VIB/BTC,1608371232030,2020-12-19T09:47:12.030Z,buy,9.1e-07,130101.0,0.1183919099999999
VIB/BTC,1608371232038,2020-12-19T09:47:12.038Z,sell,9.1e-07,2050.0,0.0018655
VIB/BTC,1608371232049,2020-12-19T09:47:12.049Z,sell,9.1e-07,20421.0,0.01858311
VIB/BTC,1608371232050,2020-12-19T09:47:12.050Z,sell,9.1e-07,2050.0,0.0018655
VIB/BTC,1608371232978,2020-12-19T09:47:12.978Z,sell,9.1e-07,170.0,0.0001547
VIB/BTC,1608371237633,2020-12-19T09:47:17.633Z,sell,9e-07,720.0,0.0006479999999999
VIB/BTC,1608371257193,2020-12-19T09:47:37.193Z,sell,9e-07,17813.0,0.0160317
VIB/BTC,1608371262707,2020-12-19T09:47:42.707Z,buy,9e-07,300.0,0.00027
VIB/BTC,1608371262707,2020-12-19T09:47:42.707Z,buy,9.1e-07,12569.0,0.01143779
VIB/BTC,1608371262920,2020-12-19T09:47:42.920Z,sell,9.1e-07,6599.0,0.0060050899999999
VIB/BTC,1608371264882,2020-12-19T09:47:44.882Z,sell,9.1e-07,147.0,0.00013377
VIB/BTC,1608371283088,2020-12-19T09:48:03.088Z,sell,9.1e-07,3455.0,0.00314405
VIB/BTC,1608371289265,2020-12-19T09:48:09.265Z,buy,9.2e-07,2330.0,0.0021436
VIB/BTC,1608371292074,2020-12-19T09:48:12.074Z,buy,9.2e-07,5277.0,0.00485484
VIB/BTC,1608371302263,2020-12-19T09:48:22.263Z,sell,9.1e-07,1768.0,0.00160888
VIB/BTC,1608371520308,2020-12-19T09:52:00.308Z,buy,9.2e-07,5009.0,0.00460828
VIB/BTC,1608371571780,2020-12-19T09:52:51.780Z,buy,9.2e-07,520.0,0.0004784
VIB/BTC,1608371576689,2020-12-19T09:52:56.689Z,buy,9.2e-07,35789.0,0.03292588
VIB/BTC,1608371577881,2020-12-19T09:52:57.881Z,sell,9.1e-07,1087.0,0.00098917
VIB/BTC,1608371612844,2020-12-19T09:53:32.844Z,buy,9.2e-07,12089.0,0.0111218799999999
VIB/BTC,1608371667322,2020-12-19T09:54:27.322Z,buy,9.2e-07,272.0,0.00025024
VIB/BTC,1608371720627,2020-12-19T09:55:20.627Z,buy,9.2e-07,1221.0,0.00112332
VIB/BTC,1608371741620,2020-12-19T09:55:41.620Z,buy,9.2e-07,185.0,0.0001702
VIB/BTC,1608371744136,2020-12-19T09:55:44.136Z,sell,9.1e-07,454.0,0.00041314
VIB/BTC,1608371889947,2020-12-19T09:58:09.947Z,buy,9.2e-07,4561.0,0.00419612
VIB/BTC,1608372297270,2020-12-19T10:04:57.270Z,sell,9.1e-07,845.0,0.00076895
VIB/BTC,1608372303182,2020-12-19T10:05:03.182Z,buy,9.2e-07,9738.0,0.00895896
VIB/BTC,1608372365223,2020-12-19T10:06:05.223Z,sell,9.1e-07,55420.0,0.0504321999999999
VIB/BTC,1608372365324,2020-12-19T10:06:05.324Z,sell,9.1e-07,9783.0,0.00890253
VIB/BTC,1608372398718,2020-12-19T10:06:38.718Z,sell,9.1e-07,1200.0,0.0010919999999999
VIB/BTC,1608372431365,2020-12-19T10:07:11.365Z,buy,9.2e-07,33692.0,0.03099664
VIB/BTC,1608372431372,2020-12-19T10:07:11.372Z,sell,9.2e-07,6722.0,0.00618424
VIB/BTC,1608372431378,2020-12-19T10:07:11.378Z,sell,9.2e-07,809.0,0.0007442799999999
VIB/BTC,1608372434215,2020-12-19T10:07:14.215Z,sell,9.2e-07,1477.0,0.00135884
VIB/BTC,1608372481210,2020-12-19T10:08:01.210Z,buy,9.2e-07,94.0,8.648e-05
VIB/BTC,1608372481210,2020-12-19T10:08:01.210Z,buy,9.3e-07,56.0,5.208e-05
VIB/BTC,1608372521159,2020-12-19T10:08:41.159Z,sell,9.1e-07,52153.0,0.04745923
VIB/BTC,1608372525969,2020-12-19T10:08:45.969Z,sell,9.1e-07,9401.0,0.0085549099999999
VIB/BTC,1608372534957,2020-12-19T10:08:54.957Z,buy,9.1e-07,1148.0,0.0010446799999999
VIB/BTC,1608372538917,2020-12-19T10:08:58.917Z,sell,9e-07,14036.0,0.0126324
VIB/BTC,1608372538931,2020-12-19T10:08:58.931Z,buy,9e-07,6692.0,0.0060228
VIB/BTC,1608372541128,2020-12-19T10:09:01.128Z,buy,9e-07,1770.0,0.001593
VIB/BTC,1608372541163,2020-12-19T10:09:01.163Z,buy,9e-07,1665.0,0.0014984999999999
VIB/BTC,1608372557150,2020-12-19T10:09:17.150Z,sell,9e-07,3731.0,0.0033579
VIB/BTC,1608372557166,2020-12-19T10:09:17.166Z,buy,9e-07,3731.0,0.0033579
VIB/BTC,1608372557553,2020-12-19T10:09:17.553Z,sell,8.9e-07,338.0,0.00030082
VIB/BTC,1608372557675,2020-12-19T10:09:17.675Z,sell,8.9e-07,224.0,0.00019936
VIB/BTC,1608372574023,2020-12-19T10:09:34.023Z,sell,8.9e-07,128.0,0.00011392
VIB/BTC,1608372577826,2020-12-19T10:09:37.826Z,sell,8.9e-07,595.0,0.0005295499999999
VIB/BTC,1608372577991,2020-12-19T10:09:37.991Z,sell,8.9e-07,278.0,0.00024742
VIB/BTC,1608372612536,2020-12-19T10:10:12.536Z,buy,9e-07,333.0,0.0002996999999999
VIB/BTC,1608372633426,2020-12-19T10:10:33.426Z,buy,9e-07,113.0,0.0001016999999999
VIB/BTC,1608372644709,2020-12-19T10:10:44.709Z,buy,9e-07,249.0,0.0002241
VIB/BTC,1608372734926,2020-12-19T10:12:14.926Z,sell,8.9e-07,198.0,0.00017622
VIB/BTC,1608372977180,2020-12-19T10:16:17.180Z,sell,8.9e-07,9728.0,0.00865792
VIB/BTC,1608373032090,2020-12-19T10:17:12.090Z,sell,8.9e-07,1346.0,0.00119794
VIB/BTC,1608373034735,2020-12-19T10:17:14.735Z,buy,9e-07,4115.0,0.0037034999999999
VIB/BTC,1608373145082,2020-12-19T10:19:05.082Z,buy,9e-07,6415.0,0.0057735
VIB/BTC,1608373334854,2020-12-19T10:22:14.854Z,buy,9e-07,5951.0,0.0053558999999999
VIB/BTC,1608373502878,2020-12-19T10:25:02.878Z,buy,9.1e-07,4305.0,0.00391755
VIB/BTC,1608373757187,2020-12-19T10:29:17.187Z,buy,9.1e-07,500.0,0.000455
VIB/BTC,1608373757187,2020-12-19T10:29:17.187Z,buy,9.1e-07,500.0,0.000455
VIB/BTC,1608374449805,2020-12-19T10:40:49.805Z,sell,9e-07,734.0,0.0006606
VIB/BTC,1608375179729,2020-12-19T10:52:59.729Z,buy,9.1e-07,28409.0,0.02585219
VIB/BTC,1608375179729,2020-12-19T10:52:59.729Z,buy,9.2e-07,7167.0,0.00659364
VIB/BTC,1608375180578,2020-12-19T10:53:00.578Z,buy,9.1e-07,1068.0,0.0009718799999999
VIB/BTC,1608375185817,2020-12-19T10:53:05.817Z,buy,9.1e-07,8353.0,0.00760123
VIB/BTC,1608375190422,2020-12-19T10:53:10.422Z,buy,9.1e-07,2180.0,0.0019838
VIB/BTC,1608375194650,2020-12-19T10:53:14.650Z,buy,9.1e-07,545.0,0.00049595
VIB/BTC,1608375197138,2020-12-19T10:53:17.138Z,buy,9.1e-07,136.0,0.00012376
VIB/BTC,1608375649496,2020-12-19T11:00:49.496Z,sell,9e-07,60510.0,0.054459
VIB/BTC,1608375835766,2020-12-19T11:03:55.766Z,buy,9.1e-07,2747.0,0.00249977
VIB/BTC,1608375871158,2020-12-19T11:04:31.158Z,buy,9.1e-07,14160.0,0.0128855999999999
VIB/BTC,1608375871169,2020-12-19T11:04:31.169Z,sell,9.1e-07,14819.0,0.0134852899999999
VIB/BTC,1608375871169,2020-12-19T11:04:31.169Z,sell,9.1e-07,1904.0,0.00173264
VIB/BTC,1608375871170,2020-12-19T11:04:31.170Z,sell,9.1e-07,1653.0,0.0015042299999999
VIB/BTC,1608376022780,2020-12-19T11:07:02.780Z,buy,9.2e-07,6108.0,0.0056193599999999
VIB/BTC,1608376022780,2020-12-19T11:07:02.780Z,buy,9.3e-07,3658.0,0.00340194
VIB/BTC,1608376023584,2020-12-19T11:07:03.584Z,buy,9.2e-07,1047.0,0.00096324
VIB/BTC,1608376090613,2020-12-19T11:08:10.613Z,buy,9.2e-07,1206.0,0.00110952
VIB/BTC,1608376090613,2020-12-19T11:08:10.613Z,buy,9.3e-07,6003.0,0.00558279
VIB/BTC,1608376103110,2020-12-19T11:08:23.110Z,sell,9.1e-07,16958.0,0.0154317799999999
VIB/BTC,1608376103126,2020-12-19T11:08:23.126Z,buy,9.2e-07,41.0,3.772e-05
VIB/BTC,1608376164908,2020-12-19T11:09:24.908Z,sell,9.1e-07,3382.0,0.00307762
VIB/BTC,1608376217150,2020-12-19T11:10:17.150Z,sell,9.1e-07,5250.0,0.0047775
VIB/BTC,1608376278515,2020-12-19T11:11:18.515Z,sell,9.1e-07,1000.0,0.00091
VIB/BTC,1608376325146,2020-12-19T11:12:05.146Z,sell,9.1e-07,9924.0,0.00903084
VIB/BTC,1608376345531,2020-12-19T11:12:25.531Z,buy,9.2e-07,4280.0,0.0039376
VIB/BTC,1608376345531,2020-12-19T11:12:25.531Z,buy,9.3e-07,24775.0,0.02304075
VIB/BTC,1608376349395,2020-12-19T11:12:29.395Z,buy,9.3e-07,8898.0,0.00827514
VIB/BTC,1608376617836,2020-12-19T11:16:57.836Z,buy,9.3e-07,7000.0,0.00651
VIB/BTC,1608376644363,2020-12-19T11:17:24.363Z,sell,9.2e-07,2741.0,0.00252172
VIB/BTC,1608376666510,2020-12-19T11:17:46.510Z,sell,9.2e-07,1663.0,0.00152996
VIB/BTC,1608376688135,2020-12-19T11:18:08.135Z,sell,9.2e-07,1196.0,0.00110032
VIB/BTC,1608376902847,2020-12-19T11:21:42.847Z,sell,9.2e-07,6993.0,0.00643356
VIB/BTC,1608376994658,2020-12-19T11:23:14.658Z,sell,9.2e-07,519.0,0.00047748
VIB/BTC,1608377143633,2020-12-19T11:25:43.633Z,sell,9.2e-07,356.0,0.00032752
VIB/BTC,1608377143633,2020-12-19T11:25:43.633Z,sell,9.2e-07,356.0,0.00032752
VIB/BTC,1608377641890,2020-12-19T11:34:01.890Z,buy,9.3e-07,28842.0,0.02682306
VIB/BTC,1608377648812,2020-12-19T11:34:08.812Z,buy,9.3e-07,14075.0,0.01308975
VIB/BTC,1608377652578,2020-12-19T11:34:12.578Z,buy,9.3e-07,1434.0,0.00133362
VIB/BTC,1608377702884,2020-12-19T11:35:02.884Z,buy,9.3e-07,7704.0,0.00716472
VIB/BTC,1608377711379,2020-12-19T11:35:11.379Z,buy,9.3e-07,109.0,0.00010137
VIB/BTC,1608377774127,2020-12-19T11:36:14.127Z,sell,9.3e-07,1378.0,0.00128154
VIB/BTC,1608377776301,2020-12-19T11:36:16.301Z,sell,9.3e-07,726.0,0.0006751799999999
VIB/BTC,1608377799541,2020-12-19T11:36:39.541Z,sell,9.3e-07,1835.0,0.00170655
VIB/BTC,1608377803244,2020-12-19T11:36:43.244Z,buy,9.3e-07,432.0,0.00040176
VIB/BTC,1608377822647,2020-12-19T11:37:02.647Z,buy,9.4e-07,63072.0,0.05928768
VIB/BTC,1608377822665,2020-12-19T11:37:02.665Z,sell,9.4e-07,919.0,0.00086386
VIB/BTC,1608377822666,2020-12-19T11:37:02.666Z,sell,9.4e-07,244.0,0.00022936
VIB/BTC,1608377822736,2020-12-19T11:37:02.736Z,sell,9.4e-07,2050.0,0.001927
VIB/BTC,1608377824931,2020-12-19T11:37:04.931Z,sell,9.4e-07,200.0,0.000188
VIB/BTC,1608377849192,2020-12-19T11:37:29.192Z,sell,9.4e-07,1513.0,0.00142222
VIB/BTC,1608377890144,2020-12-19T11:38:10.144Z,sell,9.4e-07,4148.0,0.00389912
VIB/BTC,1608377918119,2020-12-19T11:38:38.119Z,buy,9.5e-07,10061.0,0.00955795
VIB/BTC,1608377952436,2020-12-19T11:39:12.436Z,sell,9.4e-07,1357.0,0.00127558
VIB/BTC,1608377958934,2020-12-19T11:39:18.934Z,sell,9.4e-07,11173.0,0.01050262
VIB/BTC,1608378011068,2020-12-19T11:40:11.068Z,sell,9.4e-07,5550.0,0.005217
VIB/BTC,1608378112693,2020-12-19T11:41:52.693Z,sell,9.4e-07,150.0,0.000141
VIB/BTC,1608378228233,2020-12-19T11:43:48.233Z,buy,9.5e-07,105.0,9.975e-05
VIB/BTC,1608378299448,2020-12-19T11:44:59.448Z,sell,9.4e-07,46856.0,0.04404464
VIB/BTC,1608378312632,2020-12-19T11:45:12.632Z,sell,9.3e-07,549.0,0.00051057
VIB/BTC,1608378312731,2020-12-19T11:45:12.731Z,sell,9.3e-07,109.0,0.00010137
VIB/BTC,1608378394938,2020-12-19T11:46:34.938Z,buy,9.4e-07,108.0,0.00010152
VIB/BTC,1608378395997,2020-12-19T11:46:35.997Z,sell,9.3e-07,584.0,0.00054312
VIB/BTC,1608378396018,2020-12-19T11:46:36.018Z,sell,9.3e-07,2331.0,0.00216783
VIB/BTC,1608378545078,2020-12-19T11:49:05.078Z,sell,9.3e-07,17925.0,0.01667025
VIB/BTC,1608378545078,2020-12-19T11:49:05.078Z,sell,9.2e-07,22330.0,0.0205436
VIB/BTC,1608378546769,2020-12-19T11:49:06.769Z,buy,9.3e-07,175.0,0.00016275
VIB/BTC,1608378554890,2020-12-19T11:49:14.890Z,sell,9.2e-07,22016.0,0.02025472
VIB/BTC,1608378555256,2020-12-19T11:49:15.256Z,buy,9.3e-07,2066.0,0.0019213799999999
VIB/BTC,1608378557955,2020-12-19T11:49:17.955Z,buy,9.3e-07,1713.0,0.00159309
VIB/BTC,1608378557990,2020-12-19T11:49:17.990Z,buy,9.3e-07,2536.0,0.00235848
VIB/BTC,1608378625844,2020-12-19T11:50:25.844Z,buy,9.3e-07,128.0,0.00011904
VIB/BTC,1608378783844,2020-12-19T11:53:03.844Z,sell,9.2e-07,1083.0,0.00099636
VIB/BTC,1608379017970,2020-12-19T11:56:57.970Z,sell,9.2e-07,9026.0,0.00830392
VIB/BTC,1608379017978,2020-12-19T11:56:57.978Z,buy,9.2e-07,8911.0,0.00819812
VIB/BTC,1608379027933,2020-12-19T11:57:07.933Z,buy,9.2e-07,109.0,0.00010028
VIB/BTC,1608379765505,2020-12-19T12:09:25.505Z,buy,9.2e-07,130.0,0.0001196
VIB/BTC,1608379773061,2020-12-19T12:09:33.061Z,buy,9.2e-07,9454.0,0.00869768
VIB/BTC,1608379863768,2020-12-19T12:11:03.768Z,sell,9.2e-07,469.0,0.00043148
VIB/BTC,1608380257929,2020-12-19T12:17:37.929Z,buy,9.3e-07,17800.0,0.016554
VIB/BTC,1608380300009,2020-12-19T12:18:20.009Z,buy,9.3e-07,4076.0,0.00379068
VIB/BTC,1608380403828,2020-12-19T12:20:03.828Z,buy,9.3e-07,7654.0,0.00711822
VIB/BTC,1608380419820,2020-12-19T12:20:19.820Z,buy,9.4e-07,927.0,0.00087138
VIB/BTC,1608380499920,2020-12-19T12:21:39.920Z,sell,9.3e-07,57065.0,0.05307045
VIB/BTC,1608380535216,2020-12-19T12:22:15.216Z,sell,9.3e-07,1559.0,0.00144987
VIB/BTC,1608380541079,2020-12-19T12:22:21.079Z,sell,9.3e-07,8431.0,0.00784083
VIB/BTC,1608380549254,2020-12-19T12:22:29.254Z,sell,9.3e-07,7841.0,0.00729213
VIB/BTC,1608380552873,2020-12-19T12:22:32.873Z,sell,9.2e-07,391.0,0.00035972
VIB/BTC,1608380580632,2020-12-19T12:23:00.632Z,sell,9.2e-07,13360.0,0.0122912
VIB/BTC,1608380580632,2020-12-19T12:23:00.632Z,sell,9.1e-07,66640.0,0.0606424
VIB/BTC,1608380608513,2020-12-19T12:23:28.513Z,buy,9.2e-07,130.0,0.0001196
VIB/BTC,1608380690553,2020-12-19T12:24:50.553Z,sell,9.1e-07,400.0,0.000364
VIB/BTC,1608380690553,2020-12-19T12:24:50.553Z,sell,9.1e-07,400.0,0.000364
VIB/BTC,1608381968292,2020-12-19T12:46:08.292Z,buy,9.2e-07,5435.0,0.0050002
VIB/BTC,1608381972627,2020-12-19T12:46:12.627Z,buy,9.2e-07,74507.0,0.06854644
VIB/BTC,1608383030623,2020-12-19T13:03:50.623Z,sell,9.2e-07,25000.0,0.023
VIB/BTC,1608383072326,2020-12-19T13:04:32.326Z,sell,9.2e-07,20316.0,0.01869072
VIB/BTC,1608383124871,2020-12-19T13:05:24.871Z,sell,9.2e-07,496.0,0.0004563199999999
VIB/BTC,1608383155450,2020-12-19T13:05:55.450Z,sell,9.2e-07,6935.0,0.0063802
VIB/BTC,1608383610805,2020-12-19T13:13:30.805Z,sell,9.2e-07,47899.0,0.04406708
VIB/BTC,1608383685303,2020-12-19T13:14:45.303Z,sell,9.1e-07,5031.0,0.00457821
VIB/BTC,1608383960133,2020-12-19T13:19:20.133Z,sell,9.1e-07,6402.0,0.00582582
VIB/BTC,1608383985578,2020-12-19T13:19:45.578Z,sell,9.1e-07,4445.0,0.00404495
VIB/BTC,1608384089691,2020-12-19T13:21:29.691Z,sell,9.1e-07,85706.0,0.07799246
VIB/BTC,1608384162471,2020-12-19T13:22:42.471Z,sell,9.1e-07,1489.0,0.00135499
VIB/BTC,1608384162471,2020-12-19T13:22:42.471Z,sell,9.1e-07,1489.0,0.00135499
VIB/BTC,1608384569671,2020-12-19T13:29:29.671Z,sell,9.1e-07,1576.0,0.0014341599999999
VIB/BTC,1608384569671,2020-12-19T13:29:29.671Z,sell,9e-07,3426.0,0.0030834
VIB/BTC,1608384569671,2020-12-19T13:29:29.671Z,sell,9e-07,2501.0,0.0022508999999999
VIB/BTC,1608384770292,2020-12-19T13:32:50.292Z,buy,9.1e-07,202.0,0.0001838199999999
VIB/BTC,1608384772560,2020-12-19T13:32:52.560Z,sell,9e-07,1643.0,0.0014787
VIB/BTC,1608385866202,2020-12-19T13:51:06.202Z,sell,9e-07,9292.0,0.0083628
VIB/BTC,1608386843448,2020-12-19T14:07:23.448Z,sell,8.9e-07,236935.0,0.2108721499999999
VIB/BTC,1608386843448,2020-12-19T14:07:23.448Z,sell,8.8e-07,198051.0,0.17428488
VIB/BTC,1608386897842,2020-12-19T14:08:17.842Z,sell,8.8e-07,114.0,0.00010032
VIB/BTC,1608386897842,2020-12-19T14:08:17.842Z,sell,8.7e-07,86.0,7.482e-05
VIB/BTC,1608386930167,2020-12-19T14:08:50.167Z,sell,8.8e-07,294.0,0.00025872
VIB/BTC,1608386930270,2020-12-19T14:08:50.270Z,buy,8.8e-07,114.0,0.00010032
VIB/BTC,1608386935969,2020-12-19T14:08:55.969Z,buy,8.8e-07,2067.0,0.00181896
VIB/BTC,1608386935999,2020-12-19T14:08:55.999Z,buy,8.8e-07,1434.0,0.00126192
VIB/BTC,1608386967039,2020-12-19T14:09:27.039Z,buy,8.8e-07,400.0,0.000352
VIB/BTC,1608387006705,2020-12-19T14:10:06.705Z,buy,8.8e-07,4309.0,0.00379192
VIB/BTC,1608387080110,2020-12-19T14:11:20.110Z,sell,8.7e-07,1471.0,0.00127977
VIB/BTC,1608387140053,2020-12-19T14:12:20.053Z,sell,8.7e-07,9830.0,0.0085521
VIB/BTC,1608387432840,2020-12-19T14:17:12.840Z,sell,8.7e-07,197480.0,0.1718076
VIB/BTC,1608387432855,2020-12-19T14:17:12.855Z,buy,8.7e-07,384.0,0.00033408
VIB/BTC,1608387432866,2020-12-19T14:17:12.866Z,buy,8.7e-07,2370.0,0.0020619
VIB/BTC,1608387432868,2020-12-19T14:17:12.868Z,buy,8.7e-07,2554.0,0.00222198
VIB/BTC,1608387432881,2020-12-19T14:17:12.881Z,buy,8.7e-07,385.0,0.00033495
VIB/BTC,1608387432891,2020-12-19T14:17:12.891Z,buy,8.7e-07,1042.0,0.00090654
VIB/BTC,1608387448431,2020-12-19T14:17:28.431Z,sell,8.6e-07,500.0,0.00043
VIB/BTC,1608387473786,2020-12-19T14:17:53.786Z,buy,8.7e-07,10390.0,0.0090393
VIB/BTC,1608387552306,2020-12-19T14:19:12.306Z,buy,8.7e-07,684.0,0.00059508
VIB/BTC,1608387552306,2020-12-19T14:19:12.306Z,buy,8.7e-07,684.0,0.00059508
VIB/BTC,1608387765478,2020-12-19T14:22:45.478Z,buy,8.7e-07,229.0,0.00019923
VIB/BTC,1608387951000,2020-12-19T14:25:51.000Z,buy,8.7e-07,356.0,0.00030972
VIB/BTC,1608388102344,2020-12-19T14:28:22.344Z,buy,8.7e-07,11510.0,0.0100137
VIB/BTC,1608388316370,2020-12-19T14:31:56.370Z,buy,8.7e-07,158.0,0.00013746
VIB/BTC,1608388316610,2020-12-19T14:31:56.610Z,buy,8.7e-07,1000.0,0.00087
VIB/BTC,1608388316949,2020-12-19T14:31:56.949Z,buy,8.7e-07,401.0,0.00034887
VIB/BTC,1608388451254,2020-12-19T14:34:11.254Z,buy,8.7e-07,3707.0,0.00322509
VIB/BTC,1608388464612,2020-12-19T14:34:24.612Z,buy,8.7e-07,2759.0,0.00240033
VIB/BTC,1608388551726,2020-12-19T14:35:51.726Z,sell,8.7e-07,21.0,1.827e-05
VIB/BTC,1608388849590,2020-12-19T14:40:49.590Z,buy,8.7e-07,2037.0,0.00177219
VIB/BTC,1608388902529,2020-12-19T14:41:42.529Z,sell,8.6e-07,16531.0,0.01421666
VIB/BTC,1608388924497,2020-12-19T14:42:04.497Z,buy,8.7e-07,1150.0,0.0010005
VIB/BTC,1608388924527,2020-12-19T14:42:04.527Z,buy,8.7e-07,1150.0,0.0010005
VIB/BTC,1608388924562,2020-12-19T14:42:04.562Z,buy,8.7e-07,1149.0,0.00099963
VIB/BTC,1608388924569,2020-12-19T14:42:04.569Z,buy,8.7e-07,14497.0,0.01261239
VIB/BTC,1608388924586,2020-12-19T14:42:04.586Z,buy,8.7e-07,1149.0,0.00099963
VIB/BTC,1608389195734,2020-12-19T14:46:35.734Z,buy,8.7e-07,11597.0,0.01008939
VIB/BTC,1608389195734,2020-12-19T14:46:35.734Z,buy,8.8e-07,250988.0,0.22086944
VIB/BTC,1608389202684,2020-12-19T14:46:42.684Z,buy,8.9e-07,235.0,0.00020915
VIB/BTC,1608389266232,2020-12-19T14:47:46.232Z,sell,8.8e-07,1151.0,0.00101288
VIB/BTC,1608389266274,2020-12-19T14:47:46.274Z,sell,8.8e-07,1150.0,0.001012
VIB/BTC,1608389266299,2020-12-19T14:47:46.299Z,sell,8.8e-07,464.0,0.00040832
VIB/BTC,1608389266299,2020-12-19T14:47:46.299Z,sell,8.7e-07,1150.0,0.0010005
VIB/BTC,1608389310999,2020-12-19T14:48:30.999Z,sell,8.8e-07,11705.0,0.0103004
VIB/BTC,1608389884079,2020-12-19T14:58:04.079Z,buy,8.9e-07,4980.0,0.0044322
VIB/BTC,1608389971570,2020-12-19T14:59:31.570Z,buy,8.9e-07,5607.0,0.00499023
VIB/BTC,1608390426687,2020-12-19T15:07:06.687Z,sell,8.8e-07,1150.0,0.001012
VIB/BTC,1608390426844,2020-12-19T15:07:06.844Z,sell,8.8e-07,653.0,0.00057464
VIB/BTC,1608390426881,2020-12-19T15:07:06.881Z,sell,8.8e-07,129.0,0.00011352
VIB/BTC,1608390483451,2020-12-19T15:08:03.451Z,sell,8.8e-07,1150.0,0.001012
VIB/BTC,1608390483482,2020-12-19T15:08:03.482Z,sell,8.8e-07,909.0,0.00079992
VIB/BTC,1608390532137,2020-12-19T15:08:52.137Z,sell,8.8e-07,5607.0,0.00493416
VIB/BTC,1608390631572,2020-12-19T15:10:31.572Z,sell,8.8e-07,11510.0,0.0101288
VIB/BTC,1608390787722,2020-12-19T15:13:07.722Z,sell,8.8e-07,2525.0,0.002222
VIB/BTC,1608390802311,2020-12-19T15:13:22.311Z,buy,8.9e-07,9897.0,0.00880833
VIB/BTC,1608390802311,2020-12-19T15:13:22.311Z,buy,8.9e-07,9897.0,0.00880833
VIB/BTC,1608391762430,2020-12-19T15:29:22.430Z,sell,8.8e-07,80520.0,0.0708576
VIB/BTC,1608392015804,2020-12-19T15:33:35.804Z,sell,8.8e-07,14278.0,0.01256464
VIB/BTC,1608392191551,2020-12-19T15:36:31.551Z,sell,8.8e-07,181.0,0.00015928
VIB/BTC,1608392285733,2020-12-19T15:38:05.733Z,buy,8.9e-07,2920.0,0.0025988
VIB/BTC,1608392325480,2020-12-19T15:38:45.480Z,buy,8.9e-07,2542.0,0.00226238
VIB/BTC,1608392590574,2020-12-19T15:43:10.574Z,buy,8.9e-07,730.0,0.0006497
VIB/BTC,1608392606334,2020-12-19T15:43:26.334Z,buy,8.9e-07,3732.0,0.00332148
VIB/BTC,1608392713853,2020-12-19T15:45:13.853Z,buy,8.9e-07,338.0,0.00030082
VIB/BTC,1608392720965,2020-12-19T15:45:20.965Z,buy,8.9e-07,3732.0,0.00332148
VIB/BTC,1608392814043,2020-12-19T15:46:54.043Z,buy,8.9e-07,341079.0,0.30356031
VIB/BTC,1608392822379,2020-12-19T15:47:02.379Z,buy,8.9e-07,1965.0,0.00174885
VIB/BTC,1608392824699,2020-12-19T15:47:04.699Z,buy,8.9e-07,114.0,0.00010146
VIB/BTC,1608392827094,2020-12-19T15:47:07.094Z,buy,9e-07,355.0,0.0003194999999999
VIB/BTC,1608392998626,2020-12-19T15:49:58.626Z,buy,9e-07,2886.0,0.0025973999999999
VIB/BTC,1608393050592,2020-12-19T15:50:50.592Z,sell,8.9e-07,113.0,0.00010057
VIB/BTC,1608393050598,2020-12-19T15:50:50.598Z,buy,9e-07,35.0,3.15e-05
VIB/BTC,1608393059739,2020-12-19T15:50:59.739Z,sell,8.9e-07,200.0,0.000178
VIB/BTC,1608393143425,2020-12-19T15:52:23.425Z,buy,9e-07,2823.0,0.0025407
VIB/BTC,1608393171807,2020-12-19T15:52:51.807Z,buy,9e-07,2821.0,0.0025388999999999
VIB/BTC,1608393251962,2020-12-19T15:54:11.962Z,buy,9e-07,5392.0,0.0048528
VIB/BTC,1608393254539,2020-12-19T15:54:14.539Z,buy,9e-07,4599.0,0.0041391
VIB/BTC,1608393259236,2020-12-19T15:54:19.236Z,buy,9.1e-07,995.0,0.0009054499999999
VIB/BTC,1608393278832,2020-12-19T15:54:38.832Z,buy,9.1e-07,187.0,0.00017017
VIB/BTC,1608393377844,2020-12-19T15:56:17.844Z,sell,9e-07,400.0,0.0003599999999999
VIB/BTC,1608393378309,2020-12-19T15:56:18.309Z,sell,9e-07,399.0,0.0003591
VIB/BTC,1608393378791,2020-12-19T15:56:18.791Z,sell,9e-07,399.0,0.0003591
VIB/BTC,1608393379679,2020-12-19T15:56:19.679Z,sell,9e-07,399.0,0.0003591
VIB/BTC,1608393553256,2020-12-19T15:59:13.256Z,sell,9e-07,7227.0,0.0065042999999999
VIB/BTC,1608393979607,2020-12-19T16:06:19.607Z,sell,9e-07,196.0,0.0001764
VIB/BTC,1608394241986,2020-12-19T16:10:41.986Z,sell,9e-07,493.0,0.0004437
VIB/BTC,1608394262439,2020-12-19T16:11:02.439Z,sell,9e-07,2190.0,0.001971
VIB/BTC,1608394300420,2020-12-19T16:11:40.420Z,sell,9e-07,901.0,0.0008108999999999
VIB/BTC,1608394372604,2020-12-19T16:12:52.604Z,sell,9e-07,186.0,0.0001674
VIB/BTC,1608394372604,2020-12-19T16:12:52.604Z,sell,9e-07,186.0,0.0001674
VIB/BTC,1608394409847,2020-12-19T16:13:29.847Z,sell,9e-07,59521.0,0.0535688999999999
VIB/BTC,1608394450733,2020-12-19T16:14:10.733Z,sell,9e-07,39960.0,0.0359639999999999
VIB/BTC,1608394473433,2020-12-19T16:14:33.433Z,sell,9e-07,79117.0,0.0712053
VIB/BTC,1608394545338,2020-12-19T16:15:45.338Z,sell,9e-07,10000.0,0.009
VIB/BTC,1608394585148,2020-12-19T16:16:25.148Z,sell,9e-07,123.0,0.0001107
VIB/BTC,1608394631399,2020-12-19T16:17:11.399Z,sell,9e-07,647.0,0.0005823
VIB/BTC,1608394640442,2020-12-19T16:17:20.442Z,sell,9e-07,1893.0,0.0017036999999999
VIB/BTC,1608394818983,2020-12-19T16:20:18.983Z,sell,8.9e-07,4367.0,0.00388663
VIB/BTC,1608394827688,2020-12-19T16:20:27.688Z,sell,8.9e-07,8469.0,0.00753741
VIB/BTC,1608394857838,2020-12-19T16:20:57.838Z,sell,8.9e-07,4122.0,0.00366858
VIB/BTC,1608394916418,2020-12-19T16:21:56.418Z,sell,8.9e-07,500.0,0.000445
VIB/BTC,1608395216725,2020-12-19T16:26:56.725Z,sell,8.9e-07,34121.0,0.03036769
VIB/BTC,1608395583437,2020-12-19T16:33:03.437Z,buy,9e-07,24722.0,0.0222498
VIB/BTC,1608395584248,2020-12-19T16:33:04.248Z,buy,9e-07,16465.0,0.0148185
VIB/BTC,1608395586381,2020-12-19T16:33:06.381Z,buy,9e-07,2194.0,0.0019746
VIB/BTC,1608395587703,2020-12-19T16:33:07.703Z,sell,8.9e-07,8385.0,0.0074626499999999
VIB/BTC,1608395670345,2020-12-19T16:34:30.345Z,sell,8.9e-07,1498.0,0.00133322
VIB/BTC,1608395686739,2020-12-19T16:34:46.739Z,buy,9e-07,4376.0,0.0039384
VIB/BTC,1608395804007,2020-12-19T16:36:44.007Z,buy,9e-07,642.0,0.0005778
VIB/BTC,1608396016967,2020-12-19T16:40:16.967Z,buy,9e-07,6667.0,0.0060003
VIB/BTC,1608396102732,2020-12-19T16:41:42.732Z,buy,9e-07,21000.0,0.0189
VIB/BTC,1608396162614,2020-12-19T16:42:42.614Z,buy,9e-07,185.0,0.0001664999999999
VIB/BTC,1608396294552,2020-12-19T16:44:54.552Z,sell,8.9e-07,10840.0,0.0096476
VIB/BTC,1608396715972,2020-12-19T16:51:55.972Z,sell,8.9e-07,185.0,0.00016465
VIB/BTC,1608396907341,2020-12-19T16:55:07.341Z,sell,8.9e-07,4371.0,0.00389019
VIB/BTC,1608396988753,2020-12-19T16:56:28.753Z,sell,8.9e-07,117.0,0.00010413
VIB/BTC,1608397095328,2020-12-19T16:58:15.328Z,buy,9e-07,351.0,0.0003159
VIB/BTC,1608397450186,2020-12-19T17:04:10.186Z,buy,9e-07,500.0,0.00045
VIB/BTC,1608397484304,2020-12-19T17:04:44.304Z,buy,9e-07,113.0,0.0001016999999999
VIB/BTC,1608397572311,2020-12-19T17:06:12.311Z,buy,9e-07,27528.0,0.0247751999999999
VIB/BTC,1608397615744,2020-12-19T17:06:55.744Z,buy,9e-07,1410.0,0.001269
VIB/BTC,1608397656998,2020-12-19T17:07:36.998Z,buy,9e-07,2056.0,0.0018503999999999
VIB/BTC,1608397719706,2020-12-19T17:08:39.706Z,buy,9e-07,79038.0,0.0711342
VIB/BTC,1608397742159,2020-12-19T17:09:02.159Z,buy,9e-07,568.0,0.0005112
VIB/BTC,1608397758985,2020-12-19T17:09:18.985Z,buy,9e-07,10761.0,0.0096849
VIB/BTC,1608397758985,2020-12-19T17:09:18.985Z,buy,9e-07,10761.0,0.0096849
VIB/BTC,1608397985687,2020-12-19T17:13:05.687Z,buy,9e-07,230.0,0.000207
VIB/BTC,1608398258762,2020-12-19T17:17:38.762Z,buy,9e-07,700.0,0.0006299999999999
VIB/BTC,1608398528234,2020-12-19T17:22:08.234Z,buy,9e-07,24533.0,0.0220797
VIB/BTC,1608398730235,2020-12-19T17:25:30.235Z,sell,8.9e-07,92204.0,0.0820615599999999
VIB/BTC,1608398799378,2020-12-19T17:26:39.378Z,sell,8.9e-07,340.0,0.0003026
VIB/BTC,1608399383113,2020-12-19T17:36:23.113Z,sell,8.9e-07,1410.0,0.0012549
VIB/BTC,1608399705679,2020-12-19T17:41:45.679Z,sell,8.9e-07,20979.0,0.01867131
VIB/BTC,1608399871167,2020-12-19T17:44:31.167Z,buy,9e-07,40.0,3.6e-05
VIB/BTC,1608399920882,2020-12-19T17:45:20.882Z,sell,8.9e-07,1998.0,0.0017782199999999
VIB/BTC,1608400054868,2020-12-19T17:47:34.868Z,sell,8.9e-07,872.0,0.00077608
VIB/BTC,1608400369665,2020-12-19T17:52:49.665Z,buy,9e-07,4883.0,0.0043947
VIB/BTC,1608400395958,2020-12-19T17:53:15.958Z,buy,9e-07,2445.0,0.0022004999999999
VIB/BTC,1608400496491,2020-12-19T17:54:56.491Z,sell,8.9e-07,8158.0,0.00726062
VIB/BTC,1608400496649,2020-12-19T17:54:56.649Z,buy,8.9e-07,36.0,3.204e-05
VIB/BTC,1608400496692,2020-12-19T17:54:56.692Z,buy,8.9e-07,456.0,0.00040584
VIB/BTC,1608400496765,2020-12-19T17:54:56.765Z,buy,8.9e-07,7270.0,0.0064703
VIB/BTC,1608400496847,2020-12-19T17:54:56.847Z,buy,8.9e-07,3241.0,0.00288449
VIB/BTC,1608400534276,2020-12-19T17:55:34.276Z,buy,8.9e-07,208.0,0.00018512
VIB/BTC,1608400588478,2020-12-19T17:56:28.478Z,sell,8.8e-07,43200.0,0.038016
VIB/BTC,1608400588485,2020-12-19T17:56:28.485Z,buy,8.8e-07,20476.0,0.01801888
VIB/BTC,1608400588494,2020-12-19T17:56:28.494Z,buy,8.8e-07,2597.0,0.00228536
VIB/BTC,1608400616586,2020-12-19T17:56:56.586Z,sell,8.7e-07,4976.0,0.00432912
VIB/BTC,1608400696154,2020-12-19T17:58:16.154Z,buy,8.8e-07,115.0,0.0001012
VIB/BTC,1608400883250,2020-12-19T18:01:23.250Z,buy,8.8e-07,1150.0,0.001012
VIB/BTC,1608400883844,2020-12-19T18:01:23.844Z,buy,8.8e-07,1087.0,0.00095656
VIB/BTC,1608400884250,2020-12-19T18:01:24.250Z,buy,8.8e-07,1087.0,0.00095656
VIB/BTC,1608400885286,2020-12-19T18:01:25.286Z,buy,8.8e-07,18479.0,0.01626152
VIB/BTC,1608401067793,2020-12-19T18:04:27.793Z,sell,8.7e-07,26972.0,0.02346564
VIB/BTC,1608401067793,2020-12-19T18:04:27.793Z,sell,8.7e-07,26972.0,0.02346564
VIB/BTC,1608401740806,2020-12-19T18:15:40.806Z,buy,8.8e-07,46524.0,0.04094112
VIB/BTC,1608401869483,2020-12-19T18:17:49.483Z,buy,8.8e-07,897.0,0.00078936
VIB/BTC,1608401898397,2020-12-19T18:18:18.397Z,sell,8.7e-07,3007.0,0.00261609
VIB/BTC,1608401928019,2020-12-19T18:18:48.019Z,sell,8.7e-07,10750.0,0.0093525
VIB/BTC,1608402133313,2020-12-19T18:22:13.313Z,buy,8.8e-07,4360.0,0.0038368
VIB/BTC,1608402322564,2020-12-19T18:25:22.564Z,buy,8.8e-07,2838.0,0.00249744
VIB/BTC,1608402889779,2020-12-19T18:34:49.779Z,buy,8.8e-07,526.0,0.00046288
VIB/BTC,1608403062321,2020-12-19T18:37:42.321Z,buy,8.8e-07,597.0,0.00052536
VIB/BTC,1608403082432,2020-12-19T18:38:02.432Z,buy,8.8e-07,1529.0,0.00134552
VIB/BTC,1608403879395,2020-12-19T18:51:19.395Z,buy,8.8e-07,759.0,0.00066792
VIB/BTC,1608403888276,2020-12-19T18:51:28.276Z,buy,8.8e-07,6900.0,0.006072
VIB/BTC,1608404146411,2020-12-19T18:55:46.411Z,buy,8.8e-07,257.0,0.00022616
VIB/BTC,1608404385636,2020-12-19T18:59:45.636Z,buy,8.8e-07,2578.0,0.00226864
VIB/BTC,1608404385636,2020-12-19T18:59:45.636Z,buy,8.8e-07,2578.0,0.00226864
VIB/BTC,1608404671971,2020-12-19T19:04:31.971Z,buy,8.8e-07,505.0,0.0004444
VIB/BTC,1608404675031,2020-12-19T19:04:35.031Z,buy,8.8e-07,15946.0,0.01403248
VIB/BTC,1608404675047,2020-12-19T19:04:35.047Z,sell,8.8e-07,1150.0,0.001012
VIB/BTC,1608404675165,2020-12-19T19:04:35.165Z,sell,8.8e-07,6051.0,0.00532488
VIB/BTC,1608404677962,2020-12-19T19:04:37.962Z,sell,8.8e-07,11911.0,0.01048168
VIB/BTC,1608404918984,2020-12-19T19:08:38.984Z,sell,8.8e-07,1020.0,0.0008976
VIB/BTC,1608405745968,2020-12-19T19:22:25.968Z,buy,8.8e-07,232.0,0.00020416
VIB/BTC,1608405747741,2020-12-19T19:22:27.741Z,sell,8.8e-07,504.0,0.00044352
VIB/BTC,1608405748069,2020-12-19T19:22:28.069Z,sell,8.8e-07,3210.0,0.0028248
VIB/BTC,1608405930872,2020-12-19T19:25:30.872Z,sell,8.8e-07,1203.0,0.00105864
VIB/BTC,1608406074354,2020-12-19T19:27:54.354Z,sell,8.8e-07,6408.0,0.00563904
VIB/BTC,1608407167153,2020-12-19T19:46:07.153Z,buy,8.9e-07,1490.0,0.0013261
VIB/BTC,1608407167153,2020-12-19T19:46:07.153Z,buy,8.9e-07,6603.0,0.00587667
VIB/BTC,1608407234157,2020-12-19T19:47:14.157Z,buy,8.9e-07,32280.0,0.0287292
VIB/BTC,1608407234170,2020-12-19T19:47:14.170Z,sell,8.9e-07,15647.0,0.0139258299999999
VIB/BTC,1608407234171,2020-12-19T19:47:14.171Z,sell,8.9e-07,761.0,0.00067729
VIB/BTC,1608407234177,2020-12-19T19:47:14.177Z,sell,8.9e-07,3405.0,0.0030304499999999
VIB/BTC,1608407234188,2020-12-19T19:47:14.188Z,sell,8.9e-07,7438.0,0.0066198199999999
VIB/BTC,1608407302140,2020-12-19T19:48:22.140Z,buy,8.9e-07,832.0,0.00074048
VIB/BTC,1608407302140,2020-12-19T19:48:22.140Z,buy,9e-07,37370.0,0.0336329999999999
VIB/BTC,1608407302140,2020-12-19T19:48:22.140Z,buy,9.1e-07,10168.0,0.00925288
VIB/BTC,1608407302947,2020-12-19T19:48:22.947Z,sell,9e-07,10042.0,0.0090378
VIB/BTC,1608407302976,2020-12-19T19:48:22.976Z,sell,8.9e-07,8212.0,0.00730868
VIB/BTC,1608407303244,2020-12-19T19:48:23.244Z,sell,8.9e-07,794.0,0.00070666
VIB/BTC,1608407303340,2020-12-19T19:48:23.340Z,buy,9e-07,248.0,0.0002231999999999
VIB/BTC,1608407303343,2020-12-19T19:48:23.343Z,buy,9e-07,1051.0,0.0009459
VIB/BTC,1608407305188,2020-12-19T19:48:25.188Z,sell,8.9e-07,1553.0,0.0013821699999999
VIB/BTC,1608407305228,2020-12-19T19:48:25.228Z,sell,8.9e-07,791.0,0.0007039899999999
VIB/BTC,1608407366938,2020-12-19T19:49:26.938Z,sell,8.9e-07,478.0,0.00042542
VIB/BTC,1608407367119,2020-12-19T19:49:27.119Z,sell,8.9e-07,7452.0,0.00663228
VIB/BTC,1608407396420,2020-12-19T19:49:56.420Z,sell,8.9e-07,637.0,0.00056693
VIB/BTC,1608407475381,2020-12-19T19:51:15.381Z,sell,8.9e-07,3378.0,0.0030064199999999
VIB/BTC,1608407562985,2020-12-19T19:52:42.985Z,sell,8.9e-07,11778.0,0.01048242
VIB/BTC,1608407740456,2020-12-19T19:55:40.456Z,sell,8.9e-07,171.0,0.00015219
VIB/BTC,1608407821054,2020-12-19T19:57:01.054Z,sell,8.9e-07,683.0,0.0006078699999999
VIB/BTC,1608407827045,2020-12-19T19:57:07.045Z,sell,8.9e-07,22468.0,0.01999652
VIB/BTC,1608407854274,2020-12-19T19:57:34.274Z,sell,8.8e-07,25853.0,0.02275064
VIB/BTC,1608407872371,2020-12-19T19:57:52.371Z,sell,8.8e-07,204.0,0.00017952
VIB/BTC,1608407895878,2020-12-19T19:58:15.878Z,buy,8.9e-07,209.0,0.00018601
VIB/BTC,1608407895878,2020-12-19T19:58:15.878Z,buy,8.9e-07,209.0,0.00018601
VIB/BTC,1608408177642,2020-12-19T20:02:57.642Z,sell,8.8e-07,19346.0,0.01702448
VIB/BTC,1608408177653,2020-12-19T20:02:57.653Z,buy,8.8e-07,2428.0,0.00213664
VIB/BTC,1608408177977,2020-12-19T20:02:57.977Z,buy,8.8e-07,1546.0,0.00136048
VIB/BTC,1608408205702,2020-12-19T20:03:25.702Z,buy,8.8e-07,773.0,0.00068024
VIB/BTC,1608408228155,2020-12-19T20:03:48.155Z,buy,8.8e-07,3432.0,0.00302016
VIB/BTC,1608408268067,2020-12-19T20:04:28.067Z,buy,8.8e-07,116.0,0.00010208
VIB/BTC,1608408532532,2020-12-19T20:08:52.532Z,buy,8.8e-07,916.0,0.00080608
VIB/BTC,1608408730411,2020-12-19T20:12:10.411Z,buy,8.8e-07,1296.0,0.00114048
VIB/BTC,1608408730441,2020-12-19T20:12:10.441Z,buy,8.8e-07,798.0,0.00070224
VIB/BTC,1608408762768,2020-12-19T20:12:42.768Z,sell,8.7e-07,244.0,0.00021228
VIB/BTC,1608408779991,2020-12-19T20:12:59.991Z,sell,8.7e-07,1067.0,0.00092829
VIB/BTC,1608409031724,2020-12-19T20:17:11.724Z,buy,8.8e-07,18000.0,0.01584
VIB/BTC,1608409063433,2020-12-19T20:17:43.433Z,buy,8.8e-07,500.0,0.00044
VIB/BTC,1608409069100,2020-12-19T20:17:49.100Z,buy,8.8e-07,200.0,0.000176
VIB/BTC,1608409099926,2020-12-19T20:18:19.926Z,buy,8.8e-07,23700.0,0.020856
VIB/BTC,1608409116466,2020-12-19T20:18:36.466Z,sell,8.8e-07,131.0,0.00011528
VIB/BTC,1608409214853,2020-12-19T20:20:14.853Z,sell,8.8e-07,17440.0,0.0153472
VIB/BTC,1608409290600,2020-12-19T20:21:30.600Z,sell,8.8e-07,6670.0,0.0058696
VIB/BTC,1608409325748,2020-12-19T20:22:05.748Z,sell,8.7e-07,58682.0,0.05105334
VIB/BTC,1608409325781,2020-12-19T20:22:05.781Z,buy,8.7e-07,1034.0,0.00089958
VIB/BTC,1608409326018,2020-12-19T20:22:06.018Z,buy,8.7e-07,145.0,0.00012615
VIB/BTC,1608409327880,2020-12-19T20:22:07.880Z,buy,8.7e-07,2645.0,0.00230115
VIB/BTC,1608409361161,2020-12-19T20:22:41.161Z,buy,8.7e-07,18093.0,0.01574091
VIB/BTC,1608409416497,2020-12-19T20:23:36.497Z,buy,8.7e-07,23459.0,0.02040933
VIB/BTC,1608409453097,2020-12-19T20:24:13.097Z,buy,8.7e-07,24761.0,0.02154207
VIB/BTC,1608409460011,2020-12-19T20:24:20.011Z,sell,8.7e-07,25000.0,0.02175
VIB/BTC,1608409460167,2020-12-19T20:24:20.167Z,sell,8.7e-07,239.0,0.00020793
VIB/BTC,1608409466903,2020-12-19T20:24:26.903Z,buy,8.7e-07,229.0,0.00019923
VIB/BTC,1608409525697,2020-12-19T20:25:25.697Z,buy,8.7e-07,213.0,0.00018531
VIB/BTC,1608409703386,2020-12-19T20:28:23.386Z,buy,8.7e-07,2430.0,0.0021141
VIB/BTC,1608409709446,2020-12-19T20:28:29.446Z,sell,8.7e-07,159.0,0.00013833
VIB/BTC,1608409958330,2020-12-19T20:32:38.330Z,buy,8.8e-07,122.0,0.00010736
VIB/BTC,1608410294568,2020-12-19T20:38:14.568Z,sell,8.7e-07,1196.0,0.00104052
VIB/BTC,1608410428575,2020-12-19T20:40:28.575Z,sell,8.7e-07,7189.0,0.00625443
VIB/BTC,1608410428987,2020-12-19T20:40:28.987Z,buy,8.7e-07,7349.0,0.00639363
VIB/BTC,1608410429207,2020-12-19T20:40:29.207Z,buy,8.7e-07,2534.0,0.00220458
VIB/BTC,1608410430003,2020-12-19T20:40:30.003Z,buy,8.7e-07,1264.0,0.00109968
VIB/BTC,1608410430427,2020-12-19T20:40:30.427Z,buy,8.7e-07,379347.0,0.33003189
VIB/BTC,1608410444137,2020-12-19T20:40:44.137Z,buy,8.8e-07,230.0,0.0002024
VIB/BTC,1608410483574,2020-12-19T20:41:23.574Z,buy,8.7e-07,400.0,0.000348
VIB/BTC,1608410484063,2020-12-19T20:41:24.063Z,buy,8.7e-07,400.0,0.000348
VIB/BTC,1608410484538,2020-12-19T20:41:24.538Z,buy,8.7e-07,400.0,0.000348
VIB/BTC,1608410484859,2020-12-19T20:41:24.859Z,buy,8.7e-07,315412.0,0.27440844
VIB/BTC,1608410484875,2020-12-19T20:41:24.875Z,buy,8.8e-07,1062.0,0.00093456
VIB/BTC,1608410490923,2020-12-19T20:41:30.923Z,sell,8.7e-07,409236.0,0.35603532
VIB/BTC,1608410495242,2020-12-19T20:41:35.242Z,sell,8.7e-07,378037.0,0.32889219
VIB/BTC,1608410496007,2020-12-19T20:41:36.007Z,buy,8.8e-07,95455.0,0.0840004
VIB/BTC,1608410511064,2020-12-19T20:41:51.064Z,buy,8.8e-07,7163.0,0.00630344
VIB/BTC,1608410511070,2020-12-19T20:41:51.070Z,sell,8.8e-07,19771.0,0.01739848
VIB/BTC,1608410511075,2020-12-19T20:41:51.075Z,sell,8.8e-07,2635.0,0.0023188
VIB/BTC,1608410511080,2020-12-19T20:41:51.080Z,sell,8.8e-07,1298.0,0.00114224
VIB/BTC,1608410521033,2020-12-19T20:42:01.033Z,buy,8.9e-07,143174.0,0.12742486
VIB/BTC,1608410521046,2020-12-19T20:42:01.046Z,sell,8.9e-07,9022.0,0.00802958
VIB/BTC,1608410521049,2020-12-19T20:42:01.049Z,sell,8.9e-07,727.0,0.0006470299999999
VIB/BTC,1608410523743,2020-12-19T20:42:03.743Z,sell,8.9e-07,229.0,0.00020381
VIB/BTC,1608410524261,2020-12-19T20:42:04.261Z,sell,8.9e-07,305146.0,0.2715799399999999
VIB/BTC,1608410526547,2020-12-19T20:42:06.547Z,buy,8.9e-07,95576.0,0.08506264
VIB/BTC,1608410526591,2020-12-19T20:42:06.591Z,sell,8.9e-07,146.0,0.00012994
VIB/BTC,1608410529921,2020-12-19T20:42:09.921Z,sell,8.9e-07,206533.0,0.1838143699999999
VIB/BTC,1608410533023,2020-12-19T20:42:13.023Z,buy,8.9e-07,150967.0,0.1343606299999999
VIB/BTC,1608410536304,2020-12-19T20:42:16.304Z,sell,8.9e-07,159185.0,0.1416746499999999
VIB/BTC,1608410539136,2020-12-19T20:42:19.136Z,buy,8.9e-07,109483.0,0.09743987
VIB/BTC,1608410541491,2020-12-19T20:42:21.491Z,sell,8.9e-07,208649.0,0.1856976099999999
VIB/BTC,1608410543715,2020-12-19T20:42:23.715Z,buy,8.9e-07,57395.0,0.0510815499999999
VIB/BTC,1608410545995,2020-12-19T20:42:25.995Z,sell,8.9e-07,278676.0,0.24802164
VIB/BTC,1608410562227,2020-12-19T20:42:42.227Z,buy,9e-07,20624.0,0.0185615999999999
VIB/BTC,1608410587032,2020-12-19T20:43:07.032Z,buy,9e-07,189.0,0.0001701
VIB/BTC,1608410609852,2020-12-19T20:43:29.852Z,sell,8.9e-07,278549.0,0.2479086099999999
VIB/BTC,1608410615022,2020-12-19T20:43:35.022Z,sell,8.9e-07,362952.0,0.3230272799999999
VIB/BTC,1608410685720,2020-12-19T20:44:45.720Z,buy,9e-07,4550.0,0.004095
VIB/BTC,1608410690266,2020-12-19T20:44:50.266Z,sell,8.9e-07,356.0,0.00031684
VIB/BTC,1608410732262,2020-12-19T20:45:32.262Z,buy,9e-07,28089.0,0.0252801
VIB/BTC,1608410736824,2020-12-19T20:45:36.824Z,buy,9e-07,39.0,3.51e-05
VIB/BTC,1608410741325,2020-12-19T20:45:41.325Z,buy,9e-07,189.0,0.0001701
VIB/BTC,1608410745928,2020-12-19T20:45:45.928Z,buy,9e-07,5477.0,0.0049293
VIB/BTC,1608410871245,2020-12-19T20:47:51.245Z,sell,8.9e-07,476.0,0.00042364
VIB/BTC,1608410871445,2020-12-19T20:47:51.445Z,sell,8.9e-07,1266.0,0.00112674
VIB/BTC,1608410871728,2020-12-19T20:47:51.728Z,sell,8.9e-07,3424.0,0.00304736
VIB/BTC,1608411000855,2020-12-19T20:50:00.855Z,buy,9e-07,20655.0,0.0185895
VIB/BTC,1608411000855,2020-12-19T20:50:00.855Z,buy,9e-07,20655.0,0.0185895
VIB/BTC,1608411531916,2020-12-19T20:58:51.916Z,sell,8.9e-07,396.0,0.00035244
VIB/BTC,1608411614816,2020-12-19T21:00:14.816Z,sell,8.9e-07,1535.0,0.00136615
VIB/BTC,1608411686642,2020-12-19T21:01:26.642Z,buy,9e-07,1948.0,0.0017532
VIB/BTC,1608411687391,2020-12-19T21:01:27.391Z,sell,9e-07,52.0,4.68e-05
VIB/BTC,1608411687391,2020-12-19T21:01:27.391Z,sell,8.9e-07,88.0,7.832e-05
VIB/BTC,1608411695030,2020-12-19T21:01:35.030Z,sell,9e-07,2183.0,0.0019646999999999
VIB/BTC,1608411712681,2020-12-19T21:01:52.681Z,sell,9e-07,1949.0,0.0017541
VIB/BTC,1608411712995,2020-12-19T21:01:52.995Z,sell,9e-07,3898.0,0.0035082
VIB/BTC,1608411713172,2020-12-19T21:01:53.172Z,sell,9e-07,1949.0,0.0017541
VIB/BTC,1608411715913,2020-12-19T21:01:55.913Z,buy,9.1e-07,1949.0,0.00177359
VIB/BTC,1608411718432,2020-12-19T21:01:58.432Z,sell,9e-07,1455.0,0.0013095
VIB/BTC,1608411727152,2020-12-19T21:02:07.152Z,sell,9e-07,210.0,0.0001889999999999
VIB/BTC,1608411781846,2020-12-19T21:03:01.846Z,buy,9.1e-07,1608.0,0.00146328
VIB/BTC,1608411792521,2020-12-19T21:03:12.521Z,sell,8.9e-07,615.0,0.0005473499999999
VIB/BTC,1608411804221,2020-12-19T21:03:24.221Z,sell,8.9e-07,5166.0,0.0045977399999999
VIB/BTC,1608411804880,2020-12-19T21:03:24.880Z,buy,9e-07,13301.0,0.0119709
VIB/BTC,1608411818706,2020-12-19T21:03:38.706Z,sell,9e-07,19472.0,0.0175248
VIB/BTC,1608411818723,2020-12-19T21:03:38.723Z,buy,9e-07,34.0,3.06e-05
VIB/BTC,1608411872037,2020-12-19T21:04:32.037Z,buy,9e-07,113.0,0.0001016999999999
VIB/BTC,1608411913723,2020-12-19T21:05:13.723Z,sell,8.9e-07,14470.0,0.0128782999999999
VIB/BTC,1608411929924,2020-12-19T21:05:29.924Z,buy,9e-07,14462.0,0.0130158
VIB/BTC,1608411931621,2020-12-19T21:05:31.621Z,sell,9e-07,389008.0,0.3501072
VIB/BTC,1608411936839,2020-12-19T21:05:36.839Z,buy,9e-07,39911.0,0.0359199
VIB/BTC,1608411938520,2020-12-19T21:05:38.520Z,sell,9e-07,381866.0,0.3436793999999999
VIB/BTC,1608411941400,2020-12-19T21:05:41.400Z,buy,9e-07,60318.0,0.0542862
VIB/BTC,1608411944939,2020-12-19T21:05:44.939Z,sell,9e-07,290173.0,0.2611557
VIB/BTC,1608411947813,2020-12-19T21:05:47.813Z,buy,9e-07,96738.0,0.0870642
VIB/BTC,1608411950118,2020-12-19T21:05:50.118Z,sell,9e-07,285436.0,0.2568923999999999
VIB/BTC,1608411952200,2020-12-19T21:05:52.200Z,buy,9e-07,104709.0,0.0942380999999999
VIB/BTC,1608411954800,2020-12-19T21:05:54.800Z,sell,9e-07,271524.0,0.2443716
VIB/BTC,1608411957428,2020-12-19T21:05:57.428Z,buy,9e-07,147248.0,0.1325232
VIB/BTC,1608411961990,2020-12-19T21:06:01.990Z,sell,9e-07,204368.0,0.1839312
VIB/BTC,1608411967892,2020-12-19T21:06:07.892Z,buy,9e-07,189.0,0.0001701
VIB/BTC,1608411968146,2020-12-19T21:06:08.146Z,buy,9e-07,4252.0,0.0038268
VIB/BTC,1608411970574,2020-12-19T21:06:10.574Z,buy,9e-07,214394.0,0.1929546
VIB/BTC,1608411974534,2020-12-19T21:06:14.534Z,sell,9e-07,116877.0,0.1051893
VIB/BTC,1608411993326,2020-12-19T21:06:33.326Z,sell,9e-07,4252.0,0.0038268
VIB/BTC,1608412065258,2020-12-19T21:07:45.258Z,buy,9e-07,27070.0,0.024363
VIB/BTC,1608412077287,2020-12-19T21:07:57.287Z,buy,9.1e-07,41.0,3.731e-05
VIB/BTC,1608412107058,2020-12-19T21:08:27.058Z,buy,9.1e-07,582.0,0.00052962
VIB/BTC,1608412260799,2020-12-19T21:11:00.799Z,sell,9e-07,1034.0,0.0009306
VIB/BTC,1608412341931,2020-12-19T21:12:21.931Z,sell,9e-07,5320.0,0.004788
VIB/BTC,1608412449094,2020-12-19T21:14:09.094Z,sell,9e-07,1358.0,0.0012222
VIB/BTC,1608413023050,2020-12-19T21:23:43.050Z,sell,9e-07,5471.0,0.0049239
VIB/BTC,1608413080862,2020-12-19T21:24:40.862Z,buy,9.1e-07,40282.0,0.03665662
VIB/BTC,1608413133070,2020-12-19T21:25:33.070Z,buy,9.1e-07,42134.0,0.03834194
VIB/BTC,1608413133101,2020-12-19T21:25:33.101Z,sell,9.1e-07,286.0,0.00026026
VIB/BTC,1608413133101,2020-12-19T21:25:33.101Z,sell,9.1e-07,361.0,0.00032851
VIB/BTC,1608413133112,2020-12-19T21:25:33.112Z,sell,9.1e-07,192.0,0.00017472
VIB/BTC,1608413167888,2020-12-19T21:26:07.888Z,sell,9.1e-07,112.0,0.00010192
VIB/BTC,1608413198863,2020-12-19T21:26:38.863Z,buy,9.2e-07,725.0,0.000667
VIB/BTC,1608413216649,2020-12-19T21:26:56.649Z,sell,9.1e-07,400.0,0.000364
VIB/BTC,1608413216649,2020-12-19T21:26:56.649Z,sell,9.1e-07,15956.0,0.01451996
VIB/BTC,1608413216649,2020-12-19T21:26:56.649Z,sell,9.1e-07,2977.0,0.00270907
VIB/BTC,1608413216649,2020-12-19T21:26:56.649Z,sell,9.1e-07,1653.0,0.0015042299999999
VIB/BTC,1608413216764,2020-12-19T21:26:56.764Z,sell,9.1e-07,145.0,0.00013195
VIB/BTC,1608413217968,2020-12-19T21:26:57.968Z,sell,9.1e-07,120.0,0.0001092
VIB/BTC,1608413222850,2020-12-19T21:27:02.850Z,buy,9.2e-07,471.0,0.00043332
VIB/BTC,1608413262726,2020-12-19T21:27:42.726Z,buy,9.2e-07,29951.0,0.02755492
VIB/BTC,1608413267197,2020-12-19T21:27:47.197Z,buy,9.2e-07,1982.0,0.00182344
VIB/BTC,1608413267197,2020-12-19T21:27:47.197Z,buy,9.3e-07,560.0,0.0005208
VIB/BTC,1608413305806,2020-12-19T21:28:25.806Z,sell,9.2e-07,333.0,0.00030636
VIB/BTC,1608413305985,2020-12-19T21:28:25.985Z,sell,9.2e-07,2058.0,0.00189336
VIB/BTC,1608413311626,2020-12-19T21:28:31.626Z,buy,9.3e-07,44256.0,0.04115808
VIB/BTC,1608413311634,2020-12-19T21:28:31.634Z,sell,9.3e-07,19130.0,0.0177909
VIB/BTC,1608413311636,2020-12-19T21:28:31.636Z,sell,9.3e-07,19130.0,0.0177909
VIB/BTC,1608413311636,2020-12-19T21:28:31.636Z,sell,9.3e-07,1029.0,0.00095697
VIB/BTC,1608413311643,2020-12-19T21:28:31.643Z,sell,9.3e-07,6430.0,0.0059799
VIB/BTC,1608413311645,2020-12-19T21:28:31.645Z,sell,9.3e-07,1379.0,0.00128247
VIB/BTC,1608413313781,2020-12-19T21:28:33.781Z,sell,9.3e-07,4619.0,0.00429567
VIB/BTC,1608413343470,2020-12-19T21:29:03.470Z,buy,9.4e-07,25000.0,0.0235
VIB/BTC,1608413349619,2020-12-19T21:29:09.619Z,buy,9.4e-07,17503.0,0.01645282
VIB/BTC,1608413349630,2020-12-19T21:29:09.630Z,sell,9.4e-07,643.0,0.00060442
VIB/BTC,1608413349635,2020-12-19T21:29:09.635Z,sell,9.4e-07,202.0,0.00018988
VIB/BTC,1608413349895,2020-12-19T21:29:09.895Z,sell,9.4e-07,132.0,0.00012408
VIB/BTC,1608413359720,2020-12-19T21:29:19.720Z,sell,9.4e-07,2131.0,0.00200314
VIB/BTC,1608413360027,2020-12-19T21:29:20.027Z,sell,9.4e-07,651.0,0.00061194
VIB/BTC,1608413369348,2020-12-19T21:29:29.348Z,sell,9.4e-07,1600.0,0.001504
VIB/BTC,1608413383150,2020-12-19T21:29:43.150Z,sell,9.4e-07,2427.0,0.00228138
VIB/BTC,1608413383393,2020-12-19T21:29:43.393Z,sell,9.4e-07,2879.0,0.00270626
VIB/BTC,1608413384551,2020-12-19T21:29:44.551Z,buy,9.5e-07,785.0,0.00074575
VIB/BTC,1608413385371,2020-12-19T21:29:45.371Z,sell,9.4e-07,38558.0,0.03624452
VIB/BTC,1608413400335,2020-12-19T21:30:00.335Z,sell,9.4e-07,78959.0,0.07422146
VIB/BTC,1608413433413,2020-12-19T21:30:33.413Z,sell,9.4e-07,1170.0,0.0010998
VIB/BTC,1608413434236,2020-12-19T21:30:34.236Z,sell,9.4e-07,1697.0,0.00159518
VIB/BTC,1608413434588,2020-12-19T21:30:34.588Z,sell,9.3e-07,845.0,0.0007858499999999
VIB/BTC,1608413448746,2020-12-19T21:30:48.746Z,sell,9.4e-07,681.0,0.00064014
VIB/BTC,1608413453382,2020-12-19T21:30:53.382Z,sell,9.4e-07,3407.0,0.00320258
VIB/BTC,1608413454803,2020-12-19T21:30:54.803Z,buy,9.4e-07,108.0,0.00010152
VIB/BTC,1608413461649,2020-12-19T21:31:01.649Z,buy,9.4e-07,37873.0,0.03560062
VIB/BTC,1608413527910,2020-12-19T21:32:07.910Z,sell,9.4e-07,110.0,0.0001034
VIB/BTC,1608413564817,2020-12-19T21:32:44.817Z,sell,9.4e-07,1119.0,0.00105186
VIB/BTC,1608413582062,2020-12-19T21:33:02.062Z,sell,9.4e-07,10000.0,0.0094
VIB/BTC,1608413606839,2020-12-19T21:33:26.839Z,buy,9.5e-07,842.0,0.0007999
VIB/BTC,1608413607917,2020-12-19T21:33:27.917Z,sell,9.4e-07,20603.0,0.01936682
VIB/BTC,1608413638335,2020-12-19T21:33:58.335Z,buy,9.5e-07,94220.0,0.089509
VIB/BTC,1608413642135,2020-12-19T21:34:02.135Z,buy,9.5e-07,21251.0,0.02018845
VIB/BTC,1608413644228,2020-12-19T21:34:04.228Z,buy,9.5e-07,4793.0,0.00455335
VIB/BTC,1608413646212,2020-12-19T21:34:06.212Z,buy,9.5e-07,1080.0,0.001026
VIB/BTC,1608413646816,2020-12-19T21:34:06.816Z,buy,9.5e-07,557.0,0.00052915
VIB/BTC,1608413648384,2020-12-19T21:34:08.384Z,buy,9.5e-07,244.0,0.0002318
VIB/BTC,1608413655492,2020-12-19T21:34:15.492Z,buy,9.5e-07,60846.0,0.0578037
VIB/BTC,1608413676176,2020-12-19T21:34:36.176Z,buy,9.5e-07,3840.0,0.003648
VIB/BTC,1608413676184,2020-12-19T21:34:36.184Z,sell,9.5e-07,2224.0,0.0021128
VIB/BTC,1608413723449,2020-12-19T21:35:23.449Z,buy,9.5e-07,2026.0,0.0019247
VIB/BTC,1608413727231,2020-12-19T21:35:27.231Z,buy,9.6e-07,457.0,0.00043872
VIB/BTC,1608413735828,2020-12-19T21:35:35.828Z,buy,9.5e-07,220.0,0.000209
VIB/BTC,1608413738644,2020-12-19T21:35:38.644Z,buy,9.6e-07,5000.0,0.0048
VIB/BTC,1608413745179,2020-12-19T21:35:45.179Z,buy,9.6e-07,29295.0,0.0281231999999999
VIB/BTC,1608413747609,2020-12-19T21:35:47.609Z,buy,9.6e-07,17024.0,0.01634304
VIB/BTC,1608413750646,2020-12-19T21:35:50.646Z,sell,9.5e-07,874.0,0.0008303
VIB/BTC,1608413763988,2020-12-19T21:36:03.988Z,buy,9.6e-07,35503.0,0.0340828799999999
VIB/BTC,1608413775253,2020-12-19T21:36:15.253Z,sell,9.5e-07,8440.0,0.008018
VIB/BTC,1608413776489,2020-12-19T21:36:16.489Z,buy,9.6e-07,282.0,0.0002707199999999
VIB/BTC,1608413784531,2020-12-19T21:36:24.531Z,sell,9.5e-07,3382.0,0.0032129
VIB/BTC,1608413788014,2020-12-19T21:36:28.014Z,sell,9.5e-07,1353.0,0.00128535
VIB/BTC,1608413791329,2020-12-19T21:36:31.329Z,sell,9.4e-07,7417.0,0.00697198
VIB/BTC,1608413791639,2020-12-19T21:36:31.639Z,sell,9.4e-07,113.0,0.00010622
VIB/BTC,1608413799811,2020-12-19T21:36:39.811Z,buy,9.5e-07,2499.0,0.00237405
VIB/BTC,1608413799832,2020-12-19T21:36:39.832Z,sell,9.5e-07,8364.0,0.0079458
VIB/BTC,1608413808643,2020-12-19T21:36:48.643Z,buy,9.6e-07,488.0,0.0004684799999999
VIB/BTC,1608413810644,2020-12-19T21:36:50.644Z,sell,9.5e-07,2330.0,0.0022135
VIB/BTC,1608413822191,2020-12-19T21:37:02.191Z,sell,9.5e-07,108.0,0.0001026
VIB/BTC,1608413837869,2020-12-19T21:37:17.869Z,buy,9.6e-07,106.0,0.0001017599999999
VIB/BTC,1608413854781,2020-12-19T21:37:34.781Z,sell,9.5e-07,584.0,0.0005548
VIB/BTC,1608413859406,2020-12-19T21:37:39.406Z,buy,9.6e-07,18634.0,0.0178886399999999
VIB/BTC,1608413860329,2020-12-19T21:37:40.329Z,sell,9.5e-07,8592.0,0.0081624
VIB/BTC,1608413863056,2020-12-19T21:37:43.056Z,buy,9.6e-07,18947.0,0.01818912
VIB/BTC,1608413867546,2020-12-19T21:37:47.546Z,buy,9.6e-07,552.0,0.0005299199999999
VIB/BTC,1608413873055,2020-12-19T21:37:53.055Z,sell,9.5e-07,1113.0,0.00105735
VIB/BTC,1608413878884,2020-12-19T21:37:58.884Z,buy,9.6e-07,35739.0,0.03430944
VIB/BTC,1608413885406,2020-12-19T21:38:05.406Z,buy,9.6e-07,1145.0,0.0010991999999999
VIB/BTC,1608413911880,2020-12-19T21:38:31.880Z,sell,9.5e-07,1388.0,0.0013186
VIB/BTC,1608413933009,2020-12-19T21:38:53.009Z,sell,9.5e-07,2584.0,0.0024548
VIB/BTC,1608413963797,2020-12-19T21:39:23.797Z,buy,9.6e-07,457.0,0.00043872
VIB/BTC,1608413964934,2020-12-19T21:39:24.934Z,sell,9.5e-07,107.0,0.00010165
VIB/BTC,1608413983013,2020-12-19T21:39:43.013Z,sell,9.5e-07,3270.0,0.0031065
VIB/BTC,1608414037887,2020-12-19T21:40:37.887Z,sell,9.5e-07,5884.0,0.0055898
VIB/BTC,1608414037887,2020-12-19T21:40:37.887Z,sell,9.4e-07,63518.0,0.05970692
VIB/BTC,1608414037887,2020-12-19T21:40:37.887Z,sell,9.3e-07,27319.0,0.02540667
VIB/BTC,1608414040446,2020-12-19T21:40:40.446Z,buy,9.4e-07,155.0,0.0001457
VIB/BTC,1608414040555,2020-12-19T21:40:40.555Z,sell,9.3e-07,418.0,0.00038874
VIB/BTC,1608414040658,2020-12-19T21:40:40.658Z,buy,9.4e-07,106.0,9.964e-05
VIB/BTC,1608414041191,2020-12-19T21:40:41.191Z,buy,9.4e-07,106.0,9.964e-05
VIB/BTC,1608414063051,2020-12-19T21:41:03.051Z,buy,9.4e-07,26585.0,0.0249899
VIB/BTC,1608414089827,2020-12-19T21:41:29.827Z,buy,9.4e-07,324.0,0.00030456
VIB/BTC,1608414089851,2020-12-19T21:41:29.851Z,sell,9.3e-07,23706.0,0.02204658
VIB/BTC,1608414091781,2020-12-19T21:41:31.781Z,buy,9.4e-07,1551.0,0.00145794
VIB/BTC,1608414116837,2020-12-19T21:41:56.837Z,sell,9.3e-07,470.0,0.0004371
VIB/BTC,1608414130219,2020-12-19T21:42:10.219Z,buy,9.4e-07,34.0,3.196e-05
VIB/BTC,1608414145120,2020-12-19T21:42:25.120Z,buy,9.4e-07,2739.0,0.00257466
VIB/BTC,1608414152296,2020-12-19T21:42:32.296Z,sell,9.3e-07,24718.0,0.02298774
VIB/BTC,1608414152296,2020-12-19T21:42:32.296Z,sell,9.2e-07,4548.0,0.00418416
VIB/BTC,1608414154020,2020-12-19T21:42:34.020Z,sell,9.2e-07,530.0,0.0004876
VIB/BTC,1608414186812,2020-12-19T21:43:06.812Z,buy,9.3e-07,1050.0,0.0009764999999999
VIB/BTC,1608414213060,2020-12-19T21:43:33.060Z,sell,9.2e-07,1627.0,0.00149684
VIB/BTC,1608414239178,2020-12-19T21:43:59.178Z,buy,9.4e-07,17867.0,0.01679498
VIB/BTC,1608414243589,2020-12-19T21:44:03.589Z,buy,9.4e-07,18731.0,0.01760714
VIB/BTC,1608414247651,2020-12-19T21:44:07.651Z,sell,9.4e-07,2458.0,0.00231052
VIB/BTC,1608414251318,2020-12-19T21:44:11.318Z,buy,9.5e-07,11727.0,0.01114065
VIB/BTC,1608414251318,2020-12-19T21:44:11.318Z,buy,9.6e-07,25953.0,0.0249148799999999
VIB/BTC,1608414251661,2020-12-19T21:44:11.661Z,buy,9.5e-07,1104.0,0.0010488
VIB/BTC,1608414251668,2020-12-19T21:44:11.668Z,sell,9.5e-07,368.0,0.0003496
VIB/BTC,1608414251669,2020-12-19T21:44:11.669Z,sell,9.5e-07,875.0,0.00083125
VIB/BTC,1608414251672,2020-12-19T21:44:11.672Z,sell,9.5e-07,1323.0,0.00125685
VIB/BTC,1608414251677,2020-12-19T21:44:11.677Z,sell,9.5e-07,845.0,0.00080275
VIB/BTC,1608414251690,2020-12-19T21:44:11.690Z,sell,9.5e-07,450.0,0.0004275
VIB/BTC,1608414251701,2020-12-19T21:44:11.701Z,sell,9.5e-07,220.0,0.000209
VIB/BTC,1608414251712,2020-12-19T21:44:11.712Z,sell,9.5e-07,196.0,0.0001862
VIB/BTC,1608414251720,2020-12-19T21:44:11.720Z,sell,9.5e-07,145.0,0.00013775
VIB/BTC,1608414272720,2020-12-19T21:44:32.720Z,buy,9.6e-07,8146.0,0.00782016
VIB/BTC,1608414272745,2020-12-19T21:44:32.745Z,sell,9.6e-07,288.0,0.0002764799999999
VIB/BTC,1608414272793,2020-12-19T21:44:32.793Z,sell,9.5e-07,6512.0,0.0061864
VIB/BTC,1608414275586,2020-12-19T21:44:35.586Z,buy,9.6e-07,777.0,0.00074592
VIB/BTC,1608414279542,2020-12-19T21:44:39.542Z,buy,9.7e-07,33551.0,0.03254447
VIB/BTC,1608414279542,2020-12-19T21:44:39.542Z,sell,9.6e-07,730.0,0.0007007999999999
VIB/BTC,1608414279791,2020-12-19T21:44:39.791Z,sell,9.6e-07,12872.0,0.01235712
VIB/BTC,1608414280069,2020-12-19T21:44:40.069Z,buy,9.7e-07,44652.0,0.04331244
VIB/BTC,1608414288205,2020-12-19T21:44:48.205Z,buy,9.7e-07,486.0,0.00047142
VIB/BTC,1608414291831,2020-12-19T21:44:51.831Z,sell,9.7e-07,9477.0,0.00919269
VIB/BTC,1608414292128,2020-12-19T21:44:52.128Z,sell,9.7e-07,9039.0,0.00876783
VIB/BTC,1608414292220,2020-12-19T21:44:52.220Z,buy,9.8e-07,11883.0,0.0116453399999999
VIB/BTC,1608414293186,2020-12-19T21:44:53.186Z,sell,9.7e-07,2796.0,0.00271212
VIB/BTC,1608414293902,2020-12-19T21:44:53.902Z,buy,9.8e-07,4490.0,0.0044002
VIB/BTC,1608414293915,2020-12-19T21:44:53.915Z,sell,9.7e-07,690.0,0.0006693
VIB/BTC,1608414293994,2020-12-19T21:44:53.994Z,buy,9.8e-07,54385.0,0.0532973
VIB/BTC,1608414294008,2020-12-19T21:44:54.008Z,sell,9.8e-07,34720.0,0.0340255999999999
VIB/BTC,1608414294056,2020-12-19T21:44:54.056Z,buy,9.8e-07,810.0,0.0007938
VIB/BTC,1608414294087,2020-12-19T21:44:54.087Z,buy,9.8e-07,436.0,0.00042728
VIB/BTC,1608414294087,2020-12-19T21:44:54.087Z,buy,9.9e-07,3903.0,0.00386397
VIB/BTC,1608414295240,2020-12-19T21:44:55.240Z,sell,9.8e-07,1241.0,0.0012161799999999
VIB/BTC,1608414295335,2020-12-19T21:44:55.335Z,sell,9.8e-07,113.0,0.0001107399999999
VIB/BTC,1608414297700,2020-12-19T21:44:57.700Z,sell,9.8e-07,36464.0,0.03573472
VIB/BTC,1608414297949,2020-12-19T21:44:57.949Z,buy,9.9e-07,8179.0,0.00809721
VIB/BTC,1608414299904,2020-12-19T21:44:59.904Z,sell,9.8e-07,6893.0,0.00675514
VIB/BTC,1608414302792,2020-12-19T21:45:02.792Z,buy,9.9e-07,8160.0,0.0080784
VIB/BTC,1608414304573,2020-12-19T21:45:04.573Z,buy,9.9e-07,28571.0,0.02828529
VIB/BTC,1608414305082,2020-12-19T21:45:05.082Z,sell,9.8e-07,2146.0,0.00210308
VIB/BTC,1608414306680,2020-12-19T21:45:06.680Z,buy,9.9e-07,535.0,0.00052965
VIB/BTC,1608414312716,2020-12-19T21:45:12.716Z,buy,9.9e-07,7671.0,0.00759429
VIB/BTC,1608414317252,2020-12-19T21:45:17.252Z,buy,9.9e-07,11424.0,0.01130976
VIB/BTC,1608414317987,2020-12-19T21:45:17.987Z,buy,9.9e-07,4738.0,0.00469062
VIB/BTC,1608414318508,2020-12-19T21:45:18.508Z,buy,9.9e-07,25651.0,0.02539449
VIB/BTC,1608414326428,2020-12-19T21:45:26.428Z,buy,9.9e-07,7433.0,0.00735867
VIB/BTC,1608414327379,2020-12-19T21:45:27.379Z,sell,9.9e-07,2954.0,0.00292446
VIB/BTC,1608414331574,2020-12-19T21:45:31.574Z,sell,9.9e-07,897.0,0.00088803
VIB/BTC,1608414335422,2020-12-19T21:45:35.422Z,sell,9.8e-07,2383.0,0.00233534
VIB/BTC,1608414335443,2020-12-19T21:45:35.443Z,buy,9.8e-07,5150.0,0.0050469999999999
VIB/BTC,1608414336185,2020-12-19T21:45:36.185Z,buy,9.8e-07,307.0,0.0003008599999999
VIB/BTC,1608414341152,2020-12-19T21:45:41.152Z,sell,9.7e-07,6556.0,0.00635932
VIB/BTC,1608414341152,2020-12-19T21:45:41.152Z,sell,9.6e-07,19069.0,0.0183062399999999
VIB/BTC,1608414341700,2020-12-19T21:45:41.700Z,sell,9.7e-07,1073.0,0.00104081
VIB/BTC,1608414342092,2020-12-19T21:45:42.092Z,sell,9.7e-07,271.0,0.00026287
VIB/BTC,1608414345348,2020-12-19T21:45:45.348Z,sell,9.7e-07,9029.0,0.00875813
VIB/BTC,1608414348191,2020-12-19T21:45:48.191Z,buy,9.8e-07,128.0,0.00012544
VIB/BTC,1608414351946,2020-12-19T21:45:51.946Z,sell,9.7e-07,1030.0,0.0009991
VIB/BTC,1608414357465,2020-12-19T21:45:57.465Z,buy,9.8e-07,7712.0,0.0075577599999999
VIB/BTC,1608414370326,2020-12-19T21:46:10.326Z,buy,9.8e-07,106275.0,0.1041494999999999
VIB/BTC,1608414370326,2020-12-19T21:46:10.326Z,buy,9.9e-07,34082.0,0.03374118
VIB/BTC,1608414370326,2020-12-19T21:46:10.326Z,buy,1e-06,18691.0,0.018691
VIB/BTC,1608414372440,2020-12-19T21:46:12.440Z,sell,9.9e-07,1111.0,0.00109989
VIB/BTC,1608414378572,2020-12-19T21:46:18.572Z,sell,9.9e-07,1244.0,0.00123156
VIB/BTC,1608414378572,2020-12-19T21:46:18.572Z,sell,9.8e-07,1091.0,0.0010691799999999
VIB/BTC,1608414382167,2020-12-19T21:46:22.167Z,sell,9.8e-07,807.0,0.00079086
VIB/BTC,1608414388756,2020-12-19T21:46:28.756Z,sell,9.8e-07,883.0,0.0008653399999999
VIB/BTC,1608414390615,2020-12-19T21:46:30.615Z,buy,9.9e-07,11623.0,0.01150677
VIB/BTC,1608414394763,2020-12-19T21:46:34.763Z,sell,9.9e-07,1010.0,0.0009999
VIB/BTC,1608414396422,2020-12-19T21:46:36.422Z,buy,1e-06,965.0,0.0009649999999999
VIB/BTC,1608414397534,2020-12-19T21:46:37.534Z,sell,9.9e-07,10000.0,0.0099
VIB/BTC,1608414399689,2020-12-19T21:46:39.689Z,sell,9.9e-07,111.0,0.00010989
VIB/BTC,1608414408648,2020-12-19T21:46:48.648Z,sell,9.8e-07,206.0,0.0002018799999999
VIB/BTC,1608414414206,2020-12-19T21:46:54.206Z,buy,9.9e-07,104.0,0.00010296
VIB/BTC,1608414430416,2020-12-19T21:47:10.416Z,buy,9.9e-07,27666.0,0.02738934
VIB/BTC,1608414432731,2020-12-19T21:47:12.731Z,sell,9.8e-07,577.0,0.0005654599999999
VIB/BTC,1608414434633,2020-12-19T21:47:14.633Z,buy,9.9e-07,5713.0,0.00565587
VIB/BTC,1608414439141,2020-12-19T21:47:19.141Z,sell,9.9e-07,600.0,0.000594
VIB/BTC,1608414439644,2020-12-19T21:47:19.644Z,sell,9.9e-07,4106.0,0.00406494
VIB/BTC,1608414445027,2020-12-19T21:47:25.027Z,buy,9.9e-07,36.0,3.5640000000000004e-05
VIB/BTC,1608414457044,2020-12-19T21:47:37.044Z,buy,9.9e-07,32474.0,0.03214926
VIB/BTC,1608414463716,2020-12-19T21:47:43.716Z,sell,9.9e-07,1042.0,0.00103158
VIB/BTC,1608414463925,2020-12-19T21:47:43.925Z,sell,9.9e-07,139.0,0.00013761
VIB/BTC,1608414471394,2020-12-19T21:47:51.394Z,sell,9.9e-07,5000.0,0.00495
VIB/BTC,1608414474657,2020-12-19T21:47:54.657Z,sell,9.9e-07,17252.0,0.01707948
VIB/BTC,1608414481313,2020-12-19T21:48:01.313Z,sell,9.8e-07,6382.0,0.00625436
VIB/BTC,1608414485421,2020-12-19T21:48:05.421Z,sell,9.7e-07,26072.0,0.02528984
VIB/BTC,1608414485430,2020-12-19T21:48:05.430Z,buy,9.7e-07,820.0,0.0007954
VIB/BTC,1608414485430,2020-12-19T21:48:05.430Z,buy,9.7e-07,10750.0,0.0104275
VIB/BTC,1608414485468,2020-12-19T21:48:05.468Z,buy,9.9e-07,820.0,0.0008118
VIB/BTC,1608414493636,2020-12-19T21:48:13.636Z,sell,9.7e-07,4396.0,0.00426412
VIB/BTC,1608414493645,2020-12-19T21:48:13.645Z,buy,9.7e-07,604.0,0.00058588
VIB/BTC,1608414521912,2020-12-19T21:48:41.912Z,buy,9.8e-07,104.0,0.00010192
VIB/BTC,1608414530256,2020-12-19T21:48:50.256Z,buy,9.8e-07,246.0,0.00024108
VIB/BTC,1608414548601,2020-12-19T21:49:08.601Z,sell,9.7e-07,124.0,0.00012028
VIB/BTC,1608414548617,2020-12-19T21:49:08.617Z,buy,9.7e-07,943.0,0.00091471
VIB/BTC,1608414548665,2020-12-19T21:49:08.665Z,buy,9.7e-07,314.0,0.00030458
VIB/BTC,1608414556993,2020-12-19T21:49:16.993Z,buy,9.7e-07,2540.0,0.0024638
VIB/BTC,1608414560389,2020-12-19T21:49:20.389Z,sell,9.6e-07,5232.0,0.00502272
VIB/BTC,1608414560389,2020-12-19T21:49:20.389Z,sell,9.5e-07,270.0,0.0002565
VIB/BTC,1608414562070,2020-12-19T21:49:22.070Z,sell,9.5e-07,13785.0,0.01309575
VIB/BTC,1608414562079,2020-12-19T21:49:22.079Z,buy,9.5e-07,419.0,0.00039805
VIB/BTC,1608414562087,2020-12-19T21:49:22.087Z,buy,9.5e-07,2419.0,0.00229805
VIB/BTC,1608414562223,2020-12-19T21:49:22.223Z,buy,9.5e-07,185.0,0.00017575
VIB/BTC,1608414566168,2020-12-19T21:49:26.168Z,buy,9.5e-07,72207.0,0.06859665
VIB/BTC,1608414566168,2020-12-19T21:49:26.168Z,buy,9.6e-07,2951.0,0.00283296
VIB/BTC,1608414566168,2020-12-19T21:49:26.168Z,buy,9.7e-07,13868.0,0.01345196
VIB/BTC,1608414567059,2020-12-19T21:49:27.059Z,sell,9.7e-07,666.0,0.00064602
VIB/BTC,1608414569452,2020-12-19T21:49:29.452Z,sell,9.7e-07,419.0,0.00040643
VIB/BTC,1608414569455,2020-12-19T21:49:29.455Z,sell,9.7e-07,460.0,0.0004462
VIB/BTC,1608414569461,2020-12-19T21:49:29.461Z,sell,9.7e-07,456.0,0.00044232
VIB/BTC,1608414572756,2020-12-19T21:49:32.756Z,sell,9.7e-07,44367.0,0.04303599
VIB/BTC,1608414576296,2020-12-19T21:49:36.296Z,buy,9.7e-07,1335.0,0.00129495
VIB/BTC,1608414578900,2020-12-19T21:49:38.900Z,sell,9.6e-07,2378.0,0.0022828799999999
VIB/BTC,1608414578900,2020-12-19T21:49:38.900Z,sell,9.5e-07,289.0,0.00027455
VIB/BTC,1608414579378,2020-12-19T21:49:39.378Z,buy,9.7e-07,785.0,0.00076145
VIB/BTC,1608414583106,2020-12-19T21:49:43.106Z,buy,9.7e-07,563.0,0.00054611
VIB/BTC,1608414589737,2020-12-19T21:49:49.737Z,sell,9.6e-07,509.0,0.0004886399999999
VIB/BTC,1608414592003,2020-12-19T21:49:52.003Z,buy,9.7e-07,1030.0,0.0009991
VIB/BTC,1608414599230,2020-12-19T21:49:59.230Z,sell,9.6e-07,964.0,0.0009254399999999
VIB/BTC,1608414599230,2020-12-19T21:49:59.230Z,sell,9.6e-07,964.0,0.0009254399999999
VIB/BTC,1608414636083,2020-12-19T21:50:36.083Z,buy,9.7e-07,188.0,0.00018236
VIB/BTC,1608414644686,2020-12-19T21:50:44.686Z,buy,9.7e-07,22750.0,0.0220675
VIB/BTC,1608414683389,2020-12-19T21:51:23.389Z,sell,9.7e-07,3421.0,0.00331837
VIB/BTC,1608414703756,2020-12-19T21:51:43.756Z,buy,9.7e-07,10794.0,0.01047018
VIB/BTC,1608414710709,2020-12-19T21:51:50.709Z,buy,9.8e-07,29511.0,0.0289207799999999
VIB/BTC,1608414713480,2020-12-19T21:51:53.480Z,buy,9.9e-07,785.0,0.00077715
VIB/BTC,1608414719760,2020-12-19T21:51:59.760Z,sell,9.8e-07,14838.0,0.0145412399999999
VIB/BTC,1608414726880,2020-12-19T21:52:06.880Z,sell,9.8e-07,2000.0,0.00196
VIB/BTC,1608414729717,2020-12-19T21:52:09.717Z,sell,9.8e-07,13891.0,0.0136131799999999
VIB/BTC,1608414729717,2020-12-19T21:52:09.717Z,sell,9.7e-07,9800.0,0.009506
VIB/BTC,1608414746965,2020-12-19T21:52:26.965Z,buy,9.9e-07,7855.0,0.00777645
VIB/BTC,1608414783178,2020-12-19T21:53:03.178Z,buy,9.9e-07,1542.0,0.00152658
VIB/BTC,1608414811881,2020-12-19T21:53:31.881Z,buy,9.8e-07,157.0,0.00015386
VIB/BTC,1608414823837,2020-12-19T21:53:43.837Z,buy,9.8e-07,8907.0,0.00872886
VIB/BTC,1608414826951,2020-12-19T21:53:46.951Z,buy,9.8e-07,1730.0,0.0016954
VIB/BTC,1608414830491,2020-12-19T21:53:50.491Z,buy,9.8e-07,875.0,0.0008575
VIB/BTC,1608414832118,2020-12-19T21:53:52.118Z,sell,9.7e-07,25404.0,0.02464188
VIB/BTC,1608414832118,2020-12-19T21:53:52.118Z,sell,9.6e-07,34470.0,0.0330911999999999
VIB/BTC,1608414833963,2020-12-19T21:53:53.963Z,buy,9.8e-07,1581.0,0.00154938
VIB/BTC,1608414834260,2020-12-19T21:53:54.260Z,sell,9.7e-07,3441.0,0.00333777
VIB/BTC,1608414834454,2020-12-19T21:53:54.454Z,buy,9.7e-07,270.0,0.0002619
VIB/BTC,1608414836563,2020-12-19T21:53:56.563Z,buy,9.7e-07,160.0,0.0001552
VIB/BTC,1608414839559,2020-12-19T21:53:59.559Z,sell,9.6e-07,117473.0,0.1127740799999999
VIB/BTC,1608414845300,2020-12-19T21:54:05.300Z,sell,9.6e-07,291.0,0.00027936
VIB/BTC,1608414849914,2020-12-19T21:54:09.914Z,sell,9.6e-07,2415.0,0.0023184
VIB/BTC,1608414869165,2020-12-19T21:54:29.165Z,buy,9.6e-07,312.0,0.0002995199999999
VIB/BTC,1608414942517,2020-12-19T21:55:42.517Z,buy,9.6e-07,636.0,0.0006105599999999
VIB/BTC,1608414957081,2020-12-19T21:55:57.081Z,buy,9.6e-07,6745.0,0.0064751999999999
VIB/BTC,1608414977971,2020-12-19T21:56:17.971Z,buy,9.6e-07,1372.0,0.00131712
VIB/BTC,1608414990857,2020-12-19T21:56:30.857Z,buy,9.6e-07,79038.0,0.07587648
VIB/BTC,1608414990871,2020-12-19T21:56:30.871Z,buy,9.6e-07,10542.0,0.0101203199999999
VIB/BTC,1608414993848,2020-12-19T21:56:33.848Z,buy,9.6e-07,4875.0,0.0046799999999999
VIB/BTC,1608414997759,2020-12-19T21:56:37.759Z,buy,9.7e-07,7885.0,0.00764845
VIB/BTC,1608415005611,2020-12-19T21:56:45.611Z,buy,9.7e-07,15338.0,0.01487786
VIB/BTC,1608415006216,2020-12-19T21:56:46.216Z,sell,9.7e-07,27638.0,0.02680886
VIB/BTC,1608415013686,2020-12-19T21:56:53.686Z,buy,9.8e-07,32879.0,0.03222142
VIB/BTC,1608415044556,2020-12-19T21:57:24.556Z,sell,9.7e-07,579.0,0.00056163
VIB/BTC,1608415051149,2020-12-19T21:57:31.149Z,buy,9.8e-07,875.0,0.0008575
VIB/BTC,1608415067811,2020-12-19T21:57:47.811Z,sell,9.7e-07,74891.0,0.07264427
VIB/BTC,1608415071902,2020-12-19T21:57:51.902Z,buy,9.7e-07,1269.0,0.00123093
VIB/BTC,1608415075900,2020-12-19T21:57:55.900Z,buy,9.8e-07,76240.0,0.0747152
VIB/BTC,1608415078527,2020-12-19T21:57:58.527Z,sell,9.7e-07,1269.0,0.00123093
VIB/BTC,1608415088102,2020-12-19T21:58:08.102Z,buy,9.7e-07,4715.0,0.00457355
VIB/BTC,1608415115800,2020-12-19T21:58:35.800Z,buy,9.8e-07,855.0,0.0008378999999999
VIB/BTC,1608415119262,2020-12-19T21:58:39.262Z,sell,9.7e-07,1774.0,0.00172078
VIB/BTC,1608415136587,2020-12-19T21:58:56.587Z,buy,9.8e-07,852.0,0.0008349599999999
VIB/BTC,1608415136662,2020-12-19T21:58:56.662Z,sell,9.7e-07,29646.0,0.02875662
VIB/BTC,1608415142703,2020-12-19T21:59:02.703Z,buy,9.8e-07,41528.0,0.0406974399999999
VIB/BTC,1608415145561,2020-12-19T21:59:05.561Z,sell,9.8e-07,179.0,0.00017542
VIB/BTC,1608415150358,2020-12-19T21:59:10.358Z,sell,9.8e-07,411181.0,0.40295738
VIB/BTC,1608415151380,2020-12-19T21:59:11.380Z,buy,9.9e-07,17112.0,0.01694088
VIB/BTC,1608415151997,2020-12-19T21:59:11.997Z,buy,9.9e-07,142744.0,0.14131656
VIB/BTC,1608415151997,2020-12-19T21:59:11.997Z,buy,1e-06,348564.0,0.348564
VIB/BTC,1608415151997,2020-12-19T21:59:11.997Z,buy,1.01e-06,72022.0,0.07274222
VIB/BTC,1608415152023,2020-12-19T21:59:12.023Z,sell,9.8e-07,1379.0,0.0013514199999999
VIB/BTC,1608415152027,2020-12-19T21:59:12.027Z,buy,9.8e-07,2528.0,0.00247744
VIB/BTC,1608415152034,2020-12-19T21:59:12.034Z,sell,9.9e-07,6534.0,0.00646866
VIB/BTC,1608415152110,2020-12-19T21:59:12.110Z,sell,9.9e-07,600.0,0.000594
VIB/BTC,1608415152218,2020-12-19T21:59:12.218Z,sell,9.9e-07,421.0,0.00041679
VIB/BTC,1608415152661,2020-12-19T21:59:12.661Z,buy,1e-06,1101.0,0.001101
VIB/BTC,1608415152860,2020-12-19T21:59:12.860Z,buy,1e-06,294.0,0.000294
VIB/BTC,1608415153051,2020-12-19T21:59:13.051Z,sell,9.9e-07,1091.0,0.00108009
VIB/BTC,1608415153393,2020-12-19T21:59:13.393Z,sell,9.9e-07,266.0,0.00026334
VIB/BTC,1608415155252,2020-12-19T21:59:15.252Z,buy,9.9e-07,22.0,2.178e-05
VIB/BTC,1608415160543,2020-12-19T21:59:20.543Z,buy,1e-06,990.0,0.00099
VIB/BTC,1608415164694,2020-12-19T21:59:24.694Z,buy,1e-06,5616.0,0.0056159999999999
VIB/BTC,1608415165385,2020-12-19T21:59:25.385Z,buy,1e-06,3439.0,0.0034389999999999
VIB/BTC,1608415166205,2020-12-19T21:59:26.205Z,sell,1e-06,301.0,0.000301
VIB/BTC,1608415168483,2020-12-19T21:59:28.483Z,buy,1.01e-06,542.0,0.00054742
VIB/BTC,1608415172384,2020-12-19T21:59:32.384Z,sell,1e-06,644.0,0.0006439999999999
VIB/BTC,1608415174291,2020-12-19T21:59:34.291Z,buy,1.01e-06,17453.0,0.01762753
VIB/BTC,1608415174388,2020-12-19T21:59:34.388Z,buy,1.01e-06,3185.0,0.00321685
VIB/BTC,1608415174917,2020-12-19T21:59:34.917Z,buy,1.01e-06,33.0,3.333e-05
VIB/BTC,1608415178861,2020-12-19T21:59:38.861Z,buy,1.01e-06,524.0,0.00052924
VIB/BTC,1608415182815,2020-12-19T21:59:42.815Z,buy,1.01e-06,6056.0,0.00611656
VIB/BTC,1608415186994,2020-12-19T21:59:46.994Z,buy,1.01e-06,3208.0,0.00324008
VIB/BTC,1608415187323,2020-12-19T21:59:47.323Z,buy,1.01e-06,3389.0,0.00342289
VIB/BTC,1608415195518,2020-12-19T21:59:55.518Z,buy,1.01e-06,2307.0,0.00233007
VIB/BTC,1608415200585,2020-12-19T22:00:00.585Z,buy,1.01e-06,13834.0,0.01397234
VIB/BTC,1608415200585,2020-12-19T22:00:00.585Z,buy,1.02e-06,148831.0,0.15180762
VIB/BTC,1608415200585,2020-12-19T22:00:00.585Z,buy,1.03e-06,220158.0,0.22676274
VIB/BTC,1608415200617,2020-12-19T22:00:00.617Z,sell,1.01e-06,306.0,0.00030906
VIB/BTC,1608415200863,2020-12-19T22:00:00.863Z,sell,1.01e-06,107.0,0.00010807
VIB/BTC,1608415201740,2020-12-19T22:00:01.740Z,sell,1.02e-06,1046.0,0.00106692
VIB/BTC,1608415202226,2020-12-19T22:00:02.226Z,sell,1.02e-06,242.0,0.00024684
VIB/BTC,1608415202226,2020-12-19T22:00:02.226Z,sell,1.01e-06,4598.0,0.00464398
VIB/BTC,1608415202633,2020-12-19T22:00:02.633Z,buy,1.02e-06,1084.0,0.00110568
VIB/BTC,1608415202685,2020-12-19T22:00:02.685Z,sell,1.02e-06,1129.0,0.00115158
VIB/BTC,1608415202899,2020-12-19T22:00:02.899Z,sell,1.02e-06,1560.0,0.0015911999999999
VIB/BTC,1608415205147,2020-12-19T22:00:05.147Z,sell,1.01e-06,2258.0,0.00228058
VIB/BTC,1608415205989,2020-12-19T22:00:05.989Z,buy,1.02e-06,282.0,0.00028764
VIB/BTC,1608415205989,2020-12-19T22:00:05.989Z,buy,1.03e-06,50088.0,0.05159064
VIB/BTC,1608415205989,2020-12-19T22:00:05.989Z,buy,1.04e-06,93769.0,0.09751976
VIB/BTC,1608415206352,2020-12-19T22:00:06.352Z,sell,1.02e-06,1047.0,0.00106794
VIB/BTC,1608415206640,2020-12-19T22:00:06.640Z,sell,1.03e-06,1047.0,0.00107841
VIB/BTC,1608415206776,2020-12-19T22:00:06.776Z,sell,1.02e-06,26567.0,0.02709834
VIB/BTC,1608415206881,2020-12-19T22:00:06.881Z,sell,1.02e-06,16921.0,0.01725942
VIB/BTC,1608415207316,2020-12-19T22:00:07.316Z,buy,1.03e-06,244.0,0.00025132
VIB/BTC,1608415208954,2020-12-19T22:00:08.954Z,sell,1.01e-06,4110.0,0.0041511
VIB/BTC,1608415209822,2020-12-19T22:00:09.822Z,buy,1.02e-06,1085.0,0.0011067
VIB/BTC,1608415209822,2020-12-19T22:00:09.822Z,buy,1.03e-06,4647.0,0.00478641
VIB/BTC,1608415209822,2020-12-19T22:00:09.822Z,buy,1.04e-06,65257.0,0.06786728
VIB/BTC,1608415209829,2020-12-19T22:00:09.829Z,sell,1.04e-06,37237.0,0.03872648
VIB/BTC,1608415210449,2020-12-19T22:00:10.449Z,sell,1.03e-06,480.0,0.0004944
VIB/BTC,1608415210542,2020-12-19T22:00:10.542Z,sell,1.03e-06,961.0,0.00098983
VIB/BTC,1608415211820,2020-12-19T22:00:11.820Z,sell,1.03e-06,133.0,0.00013699
VIB/BTC,1608415211892,2020-12-19T22:00:11.892Z,buy,1.05e-06,25672.0,0.0269555999999999
VIB/BTC,1608415212236,2020-12-19T22:00:12.236Z,sell,1.04e-06,1034.0,0.00107536
VIB/BTC,1608415212320,2020-12-19T22:00:12.320Z,buy,1.04e-06,234.0,0.00024336
VIB/BTC,1608415212465,2020-12-19T22:00:12.465Z,sell,1.03e-06,1160.0,0.0011948
VIB/BTC,1608415212465,2020-12-19T22:00:12.465Z,sell,1.02e-06,6323.0,0.00644946
VIB/BTC,1608415213256,2020-12-19T22:00:13.256Z,buy,1.03e-06,1048.0,0.00107944
VIB/BTC,1608415213256,2020-12-19T22:00:13.256Z,buy,1.04e-06,1195.0,0.0012428
VIB/BTC,1608415214169,2020-12-19T22:00:14.169Z,sell,1.02e-06,1276.0,0.00130152
VIB/BTC,1608415214482,2020-12-19T22:00:14.482Z,buy,1.03e-06,12268.0,0.01263604
VIB/BTC,1608415215515,2020-12-19T22:00:15.515Z,buy,1.03e-06,35887.0,0.03696361
VIB/BTC,1608415215902,2020-12-19T22:00:15.902Z,buy,1.04e-06,1293.0,0.00134472
VIB/BTC,1608415216042,2020-12-19T22:00:16.042Z,sell,1.04e-06,2877.0,0.00299208
VIB/BTC,1608415217472,2020-12-19T22:00:17.472Z,buy,1.05e-06,356.0,0.0003738
VIB/BTC,1608415217801,2020-12-19T22:00:17.801Z,sell,1.04e-06,46346.0,0.04819984
VIB/BTC,1608415217815,2020-12-19T22:00:17.815Z,sell,1.04e-06,2736.0,0.00284544
VIB/BTC,1608415219040,2020-12-19T22:00:19.040Z,sell,1.04e-06,2304.0,0.00239616
VIB/BTC,1608415219893,2020-12-19T22:00:19.893Z,sell,1.04e-06,654.0,0.00068016
VIB/BTC,1608415219919,2020-12-19T22:00:19.919Z,sell,1.04e-06,35887.0,0.03732248
VIB/BTC,1608415220663,2020-12-19T22:00:20.663Z,sell,1.04e-06,961.0,0.00099944
VIB/BTC,1608415221862,2020-12-19T22:00:21.862Z,sell,1.04e-06,970.0,0.0010088
VIB/BTC,1608415222977,2020-12-19T22:00:22.977Z,sell,1.04e-06,2589.0,0.00269256
VIB/BTC,1608415223085,2020-12-19T22:00:23.085Z,sell,1.04e-06,811.0,0.00084344
VIB/BTC,1608415225516,2020-12-19T22:00:25.516Z,buy,1.05e-06,4007.0,0.0042073499999999
VIB/BTC,1608415227999,2020-12-19T22:00:27.999Z,sell,1.04e-06,92231.0,0.09592024
VIB/BTC,1608415228859,2020-12-19T22:00:28.859Z,buy,1.05e-06,421.0,0.00044205
VIB/BTC,1608415229301,2020-12-19T22:00:29.301Z,buy,1.05e-06,2058.0,0.0021609
VIB/BTC,1608415229747,2020-12-19T22:00:29.747Z,buy,1.05e-06,8070.0,0.0084734999999999
VIB/BTC,1608415229757,2020-12-19T22:00:29.757Z,sell,1.05e-06,10498.0,0.0110228999999999
VIB/BTC,1608415229912,2020-12-19T22:00:29.912Z,sell,1.03e-06,198.0,0.00020394
VIB/BTC,1608415230513,2020-12-19T22:00:30.513Z,buy,1.05e-06,1040.0,0.0010919999999999
VIB/BTC,1608415230528,2020-12-19T22:00:30.528Z,sell,1.05e-06,803.0,0.0008431499999999
VIB/BTC,1608415230587,2020-12-19T22:00:30.587Z,sell,1.05e-06,1542.0,0.0016190999999999
VIB/BTC,1608415233356,2020-12-19T22:00:33.356Z,buy,1.06e-06,873.0,0.00092538
VIB/BTC,1608415234348,2020-12-19T22:00:34.348Z,buy,1.06e-06,100.0,0.000106
VIB/BTC,1608415234483,2020-12-19T22:00:34.483Z,sell,1.05e-06,84056.0,0.0882588
VIB/BTC,1608415235502,2020-12-19T22:00:35.502Z,buy,1.05e-06,96.0,0.0001007999999999
VIB/BTC,1608415239837,2020-12-19T22:00:39.837Z,buy,1.05e-06,6237.0,0.0065488499999999
VIB/BTC,1608415240367,2020-12-19T22:00:40.367Z,buy,1.05e-06,30559.0,0.0320869499999999
VIB/BTC,1608415240384,2020-12-19T22:00:40.384Z,sell,1.05e-06,803.0,0.0008431499999999
VIB/BTC,1608415240933,2020-12-19T22:00:40.933Z,buy,1.06e-06,34.0,3.604e-05
VIB/BTC,1608415242045,2020-12-19T22:00:42.045Z,buy,1.06e-06,13152.0,0.01394112
VIB/BTC,1608415243088,2020-12-19T22:00:43.088Z,sell,1.05e-06,2304.0,0.0024192
VIB/BTC,1608415246173,2020-12-19T22:00:46.173Z,buy,1.06e-06,114.0,0.00012084
VIB/BTC,1608415246284,2020-12-19T22:00:46.284Z,buy,1.06e-06,3468.0,0.00367608
VIB/BTC,1608415247006,2020-12-19T22:00:47.006Z,sell,1.05e-06,6199.0,0.0065089499999999
VIB/BTC,1608415247050,2020-12-19T22:00:47.050Z,sell,1.05e-06,819.0,0.00085995
VIB/BTC,1608415248244,2020-12-19T22:00:48.244Z,buy,1.06e-06,15960.0,0.0169176
VIB/BTC,1608415251137,2020-12-19T22:00:51.137Z,sell,1.05e-06,2304.0,0.0024192
VIB/BTC,1608415251711,2020-12-19T22:00:51.711Z,buy,1.06e-06,11211.0,0.01188366
VIB/BTC,1608415252134,2020-12-19T22:00:52.134Z,sell,1.05e-06,10000.0,0.0104999999999999
VIB/BTC,1608415255209,2020-12-19T22:00:55.209Z,sell,1.05e-06,2304.0,0.0024192
VIB/BTC,1608415259191,2020-12-19T22:00:59.191Z,sell,1.05e-06,1629.0,0.0017104499999999
VIB/BTC,1608415261353,2020-12-19T22:01:01.353Z,sell,1.05e-06,1321.0,0.00138705
VIB/BTC,1608415261454,2020-12-19T22:01:01.454Z,buy,1.06e-06,1321.0,0.00140026
VIB/BTC,1608415266646,2020-12-19T22:01:06.646Z,sell,1.05e-06,8956.0,0.0094037999999999
VIB/BTC,1608415270839,2020-12-19T22:01:10.839Z,buy,1.06e-06,254.0,0.00026924
VIB/BTC,1608415276112,2020-12-19T22:01:16.112Z,sell,1.05e-06,2000.0,0.0021
VIB/BTC,1608415276822,2020-12-19T22:01:16.822Z,sell,1.05e-06,6755.0,0.0070927499999999
VIB/BTC,1608415277658,2020-12-19T22:01:17.658Z,buy,1.05e-06,15316.0,0.0160817999999999
VIB/BTC,1608415279469,2020-12-19T22:01:19.469Z,sell,1.05e-06,21519.0,0.02259495
VIB/BTC,1608415283058,2020-12-19T22:01:23.058Z,buy,1.05e-06,5351.0,0.0056185499999999
VIB/BTC,1608415283369,2020-12-19T22:01:23.369Z,sell,1.05e-06,3183.0,0.00334215
VIB/BTC,1608415285021,2020-12-19T22:01:25.021Z,sell,1.04e-06,2222.0,0.00231088
VIB/BTC,1608415285021,2020-12-19T22:01:25.021Z,sell,1.03e-06,40859.0,0.04208477
VIB/BTC,1608415286119,2020-12-19T22:01:26.119Z,buy,1.04e-06,1000.0,0.00104
VIB/BTC,1608415287610,2020-12-19T22:01:27.610Z,sell,1.03e-06,36528.0,0.03762384
VIB/BTC,1608415287929,2020-12-19T22:01:27.929Z,buy,1.03e-06,1295.0,0.00133385
VIB/BTC,1608415288532,2020-12-19T22:01:28.532Z,buy,1.03e-06,1605.0,0.00165315
VIB/BTC,1608415295184,2020-12-19T22:01:35.184Z,sell,1.02e-06,861.0,0.00087822
VIB/BTC,1608415296722,2020-12-19T22:01:36.722Z,sell,1.02e-06,5618.0,0.0057303599999999
VIB/BTC,1608415296722,2020-12-19T22:01:36.722Z,sell,1.01e-06,53526.0,0.05406126
VIB/BTC,1608415296733,2020-12-19T22:01:36.733Z,buy,1.01e-06,861.0,0.00086961
VIB/BTC,1608415296751,2020-12-19T22:01:36.751Z,buy,1.03e-06,3242.0,0.00333926
VIB/BTC,1608415297397,2020-12-19T22:01:37.397Z,buy,1.02e-06,1050.0,0.001071
VIB/BTC,1608415298342,2020-12-19T22:01:38.342Z,buy,1.02e-06,319.0,0.00032538
VIB/BTC,1608415300016,2020-12-19T22:01:40.016Z,buy,1.03e-06,7487.0,0.00771161
VIB/BTC,1608415301255,2020-12-19T22:01:41.255Z,sell,1.02e-06,1297.0,0.0013229399999999
VIB/BTC,1608415301255,2020-12-19T22:01:41.255Z,sell,1.01e-06,4313.0,0.00435613
VIB/BTC,1608415304588,2020-12-19T22:01:44.588Z,sell,1.01e-06,1145.0,0.00115645
VIB/BTC,1608415304650,2020-12-19T22:01:44.650Z,buy,1.02e-06,1371.0,0.00139842
VIB/BTC,1608415308376,2020-12-19T22:01:48.376Z,buy,1.02e-06,2571.0,0.00262242
VIB/BTC,1608415318396,2020-12-19T22:01:58.396Z,buy,1.03e-06,4552.0,0.00468856
VIB/BTC,1608415321298,2020-12-19T22:02:01.298Z,buy,1.04e-06,254.0,0.00026416
VIB/BTC,1608415321880,2020-12-19T22:02:01.880Z,buy,1.04e-06,5455.0,0.0056732
VIB/BTC,1608415321962,2020-12-19T22:02:01.962Z,sell,1.03e-06,1050.0,0.0010815
VIB/BTC,1608415322302,2020-12-19T22:02:02.302Z,buy,1.03e-06,247.0,0.00025441
VIB/BTC,1608415324508,2020-12-19T22:02:04.508Z,buy,1.03e-06,656.0,0.00067568
VIB/BTC,1608415328501,2020-12-19T22:02:08.501Z,sell,1.03e-06,6049.0,0.00623047
VIB/BTC,1608415330813,2020-12-19T22:02:10.813Z,buy,1.03e-06,50685.0,0.05220555
VIB/BTC,1608415331332,2020-12-19T22:02:11.332Z,buy,1.03e-06,961.0,0.00098983
VIB/BTC,1608415332763,2020-12-19T22:02:12.763Z,buy,1.03e-06,862.0,0.00088786
VIB/BTC,1608415334327,2020-12-19T22:02:14.327Z,buy,1.03e-06,2068.0,0.00213004
VIB/BTC,1608415335013,2020-12-19T22:02:15.013Z,buy,1.03e-06,2386.0,0.00245758
VIB/BTC,1608415354282,2020-12-19T22:02:34.282Z,buy,1.03e-06,3278.0,0.00337634
VIB/BTC,1608415359196,2020-12-19T22:02:39.196Z,sell,1.02e-06,565.0,0.0005763
VIB/BTC,1608415364981,2020-12-19T22:02:44.981Z,buy,1.03e-06,457.0,0.00047071
VIB/BTC,1608415365002,2020-12-19T22:02:45.002Z,buy,1.03e-06,65551.0,0.06751753
VIB/BTC,1608415365002,2020-12-19T22:02:45.002Z,buy,1.04e-06,21089.0,0.02193256
VIB/BTC,1608415373461,2020-12-19T22:02:53.461Z,sell,1.04e-06,1540.0,0.0016016
VIB/BTC,1608415375448,2020-12-19T22:02:55.448Z,sell,1.04e-06,8212.0,0.00854048
VIB/BTC,1608415375664,2020-12-19T22:02:55.664Z,sell,1.04e-06,1022.0,0.00106288
VIB/BTC,1608415375805,2020-12-19T22:02:55.805Z,sell,1.04e-06,920.0,0.0009568
VIB/BTC,1608415375924,2020-12-19T22:02:55.924Z,sell,1.03e-06,1067.0,0.00109901
VIB/BTC,1608415382864,2020-12-19T22:03:02.864Z,buy,1.05e-06,5980.0,0.0062789999999999
VIB/BTC,1608415386937,2020-12-19T22:03:06.937Z,buy,1.05e-06,1314.0,0.0013796999999999
VIB/BTC,1608415388464,2020-12-19T22:03:08.464Z,buy,1.05e-06,23942.0,0.0251390999999999
VIB/BTC,1608415389167,2020-12-19T22:03:09.167Z,sell,1.04e-06,1272.0,0.00132288
VIB/BTC,1608415389167,2020-12-19T22:03:09.167Z,sell,1.03e-06,968.0,0.00099704
VIB/BTC,1608415390238,2020-12-19T22:03:10.238Z,buy,1.05e-06,3702.0,0.0038870999999999
VIB/BTC,1608415392496,2020-12-19T22:03:12.496Z,buy,1.05e-06,14191.0,0.0149005499999999
VIB/BTC,1608415394199,2020-12-19T22:03:14.199Z,sell,1.05e-06,1281.0,0.00134505
VIB/BTC,1608415395493,2020-12-19T22:03:15.493Z,sell,1.05e-06,6038.0,0.0063398999999999
VIB/BTC,1608415396767,2020-12-19T22:03:16.767Z,sell,1.05e-06,4420.0,0.0046409999999999
VIB/BTC,1608415397248,2020-12-19T22:03:17.248Z,sell,1.04e-06,1274.0,0.00132496
VIB/BTC,1608415397248,2020-12-19T22:03:17.248Z,sell,1.03e-06,2236.0,0.00230308
VIB/BTC,1608415398408,2020-12-19T22:03:18.408Z,buy,1.04e-06,1299.0,0.00135096
VIB/BTC,1608415398408,2020-12-19T22:03:18.408Z,buy,1.05e-06,4746.0,0.0049832999999999
VIB/BTC,1608415398914,2020-12-19T22:03:18.914Z,buy,1.05e-06,6586.0,0.0069152999999999
VIB/BTC,1608415398914,2020-12-19T22:03:18.914Z,buy,1.06e-06,2350.0,0.002491
VIB/BTC,1608415405225,2020-12-19T22:03:25.225Z,buy,1.06e-06,74098.0,0.07854388
VIB/BTC,1608415405233,2020-12-19T22:03:25.233Z,sell,1.06e-06,22629.0,0.02398674
VIB/BTC,1608415405513,2020-12-19T22:03:25.513Z,buy,1.05e-06,1028.0,0.0010793999999999
VIB/BTC,1608415406321,2020-12-19T22:03:26.321Z,buy,1.06e-06,145.0,0.0001537
VIB/BTC,1608415407645,2020-12-19T22:03:27.645Z,sell,1.05e-06,100.0,0.0001049999999999
VIB/BTC,1608415408528,2020-12-19T22:03:28.528Z,sell,1.05e-06,134.0,0.0001406999999999
VIB/BTC,1608415408528,2020-12-19T22:03:28.528Z,sell,1.04e-06,1235.0,0.0012844
VIB/BTC,1608415409934,2020-12-19T22:03:29.934Z,buy,1.05e-06,172.0,0.0001805999999999
VIB/BTC,1608415409953,2020-12-19T22:03:29.953Z,buy,1.05e-06,943.0,0.00099015
VIB/BTC,1608415410964,2020-12-19T22:03:30.964Z,sell,1.04e-06,961.0,0.00099944
VIB/BTC,1608415415612,2020-12-19T22:03:35.612Z,sell,1.04e-06,3123.0,0.00324792
VIB/BTC,1608415421230,2020-12-19T22:03:41.230Z,sell,1.04e-06,2498.0,0.00259792
VIB/BTC,1608415435235,2020-12-19T22:03:55.235Z,sell,1.04e-06,5449.0,0.00566696
VIB/BTC,1608415438618,2020-12-19T22:03:58.618Z,sell,1.04e-06,420.0,0.0004368
VIB/BTC,1608415439878,2020-12-19T22:03:59.878Z,sell,1.04e-06,5687.0,0.00591448
VIB/BTC,1608415444210,2020-12-19T22:04:04.210Z,buy,1.05e-06,1520.0,0.0015959999999999
VIB/BTC,1608415450273,2020-12-19T22:04:10.273Z,buy,1.05e-06,97.0,0.00010185
VIB/BTC,1608415461776,2020-12-19T22:04:21.776Z,sell,1.04e-06,73078.0,0.07600112
VIB/BTC,1608415461889,2020-12-19T22:04:21.889Z,sell,1.04e-06,427.0,0.00044408
VIB/BTC,1608415461935,2020-12-19T22:04:21.935Z,sell,1.04e-06,586.0,0.00060944
VIB/BTC,1608415462006,2020-12-19T22:04:22.006Z,sell,1.04e-06,157.0,0.00016328
VIB/BTC,1608415462602,2020-12-19T22:04:22.602Z,buy,1.05e-06,1195.0,0.0012547499999999
VIB/BTC,1608415469749,2020-12-19T22:04:29.749Z,buy,1.05e-06,2066.0,0.0021693
VIB/BTC,1608415476631,2020-12-19T22:04:36.631Z,sell,1.04e-06,499.0,0.00051896
VIB/BTC,1608415479852,2020-12-19T22:04:39.852Z,sell,1.04e-06,10496.0,0.01091584
VIB/BTC,1608415479852,2020-12-19T22:04:39.852Z,sell,1.03e-06,85726.0,0.08829778
VIB/BTC,1608415479852,2020-12-19T22:04:39.852Z,sell,1.02e-06,126111.0,0.12863322
VIB/BTC,1608415480420,2020-12-19T22:04:40.420Z,buy,1.03e-06,1052.0,0.00108356
VIB/BTC,1608415483828,2020-12-19T22:04:43.828Z,buy,1.03e-06,247.0,0.00025441
VIB/BTC,1608415487603,2020-12-19T22:04:47.603Z,buy,1.03e-06,1617.0,0.00166551
VIB/BTC,1608415488482,2020-12-19T22:04:48.482Z,buy,1.03e-06,26604.0,0.02740212
VIB/BTC,1608415494385,2020-12-19T22:04:54.385Z,sell,1.03e-06,4516.0,0.00465148
VIB/BTC,1608415496254,2020-12-19T22:04:56.254Z,sell,1.03e-06,6261.0,0.00644883
VIB/BTC,1608415499548,2020-12-19T22:04:59.548Z,sell,1.03e-06,493.0,0.00050779
VIB/BTC,1608415500952,2020-12-19T22:05:00.952Z,sell,1.03e-06,11211.0,0.01154733
VIB/BTC,1608415501800,2020-12-19T22:05:01.800Z,sell,1.03e-06,5974.0,0.00615322
VIB/BTC,1608415502815,2020-12-19T22:05:02.815Z,buy,1.04e-06,34.0,3.536e-05
VIB/BTC,1608415503222,2020-12-19T22:05:03.222Z,sell,1.03e-06,4571.0,0.00470813
VIB/BTC,1608415506238,2020-12-19T22:05:06.238Z,buy,1.03e-06,6681.0,0.00688143
VIB/BTC,1608415512550,2020-12-19T22:05:12.550Z,sell,1.03e-06,10800.0,0.011124
VIB/BTC,1608415518889,2020-12-19T22:05:18.889Z,sell,1.03e-06,35045.0,0.03609635
VIB/BTC,1608415522301,2020-12-19T22:05:22.301Z,buy,1.03e-06,7874.0,0.00811022
VIB/BTC,1608415538509,2020-12-19T22:05:38.509Z,buy,1.04e-06,125.0,0.00013
VIB/BTC,1608415541122,2020-12-19T22:05:41.122Z,sell,1.03e-06,2168.0,0.00223304
VIB/BTC,1608415541122,2020-12-19T22:05:41.122Z,sell,1.02e-06,10970.0,0.0111894
VIB/BTC,1608415541423,2020-12-19T22:05:41.423Z,buy,1.03e-06,1053.0,0.00108459
VIB/BTC,1608415548987,2020-12-19T22:05:48.987Z,buy,1.03e-06,410.0,0.0004223
VIB/BTC,1608415551454,2020-12-19T22:05:51.454Z,buy,1.04e-06,457.0,0.00047528
VIB/BTC,1608415557053,2020-12-19T22:05:57.053Z,sell,1.02e-06,338.0,0.00034476
VIB/BTC,1608415562830,2020-12-19T22:06:02.830Z,buy,1.03e-06,970.0,0.0009991
VIB/BTC,1608415566689,2020-12-19T22:06:06.689Z,buy,1.04e-06,123.0,0.00012792
VIB/BTC,1608415574864,2020-12-19T22:06:14.864Z,sell,1.02e-06,4242.0,0.00432684
VIB/BTC,1608415574864,2020-12-19T22:06:14.864Z,sell,1.01e-06,43491.0,0.04392591
VIB/BTC,1608415574864,2020-12-19T22:06:14.864Z,sell,1.01e-06,635.0,0.00064135
VIB/BTC,1608415575876,2020-12-19T22:06:15.876Z,buy,1.02e-06,1088.0,0.00110976
VIB/BTC,1608415575876,2020-12-19T22:06:15.876Z,buy,1.03e-06,1303.0,0.00134209
VIB/BTC,1608415575876,2020-12-19T22:06:15.876Z,buy,1.04e-06,23592.0,0.02453568
VIB/BTC,1608415576619,2020-12-19T22:06:16.619Z,sell,1.03e-06,285.0,0.00029355
VIB/BTC,1608415577875,2020-12-19T22:06:17.875Z,sell,1.03e-06,3887.0,0.00400361
VIB/BTC,1608415582321,2020-12-19T22:06:22.321Z,buy,1.03e-06,961.0,0.00098983
VIB/BTC,1608415584264,2020-12-19T22:06:24.264Z,sell,1.02e-06,980.0,0.0009996
VIB/BTC,1608415585946,2020-12-19T22:06:25.946Z,sell,1.02e-06,325.0,0.0003315
VIB/BTC,1608415585946,2020-12-19T22:06:25.946Z,sell,1.01e-06,674.0,0.00068074
VIB/BTC,1608415593302,2020-12-19T22:06:33.302Z,sell,1.02e-06,3778.0,0.00385356
VIB/BTC,1608415593302,2020-12-19T22:06:33.302Z,sell,1.01e-06,122630.0,0.1238563
VIB/BTC,1608415593302,2020-12-19T22:06:33.302Z,sell,1e-06,45999.0,0.045999
VIB/BTC,1608415593312,2020-12-19T22:06:33.312Z,buy,1e-06,94637.0,0.094637
VIB/BTC,1608415593360,2020-12-19T22:06:33.360Z,buy,1e-06,9690.0,0.0096899999999999
VIB/BTC,1608415593417,2020-12-19T22:06:33.417Z,buy,1e-06,9690.0,0.0096899999999999
VIB/BTC,1608415595644,2020-12-19T22:06:35.644Z,sell,1e-06,224.0,0.000224
VIB/BTC,1608415598053,2020-12-19T22:06:38.053Z,buy,1e-06,250.0,0.00025
VIB/BTC,1608415599574,2020-12-19T22:06:39.574Z,buy,1e-06,4261.0,0.004261
VIB/BTC,1608415603697,2020-12-19T22:06:43.697Z,sell,9.9e-07,2035.0,0.00201465
VIB/BTC,1608415603697,2020-12-19T22:06:43.697Z,sell,9.9e-07,28542.0,0.02825658
VIB/BTC,1608415605124,2020-12-19T22:06:45.124Z,sell,9.9e-07,8936.0,0.00884664
VIB/BTC,1608415605331,2020-12-19T22:06:45.331Z,sell,9.9e-07,2377.0,0.00235323
VIB/BTC,1608415608047,2020-12-19T22:06:48.047Z,sell,9.9e-07,24366.0,0.02412234
VIB/BTC,1608415608070,2020-12-19T22:06:48.070Z,buy,9.9e-07,322.0,0.00031878
VIB/BTC,1608415608620,2020-12-19T22:06:48.620Z,buy,9.9e-07,136.0,0.00013464
VIB/BTC,1608415610196,2020-12-19T22:06:50.196Z,sell,9.8e-07,84012.0,0.0823317599999999
VIB/BTC,1608415616770,2020-12-19T22:06:56.770Z,sell,9.8e-07,2066.0,0.00202468
VIB/BTC,1608415618097,2020-12-19T22:06:58.097Z,sell,9.8e-07,2969.0,0.00290962
VIB/BTC,1608415619449,2020-12-19T22:06:59.449Z,buy,9.8e-07,3194.0,0.0031301199999999
VIB/BTC,1608415620671,2020-12-19T22:07:00.671Z,buy,9.8e-07,315.0,0.0003086999999999
VIB/BTC,1608415622676,2020-12-19T22:07:02.676Z,buy,9.8e-07,1099.0,0.00107702
VIB/BTC,1608415623350,2020-12-19T22:07:03.350Z,sell,9.8e-07,3916.0,0.0038376799999999
VIB/BTC,1608415629240,2020-12-19T22:07:09.240Z,buy,9.9e-07,31.0,3.069e-05
VIB/BTC,1608415638491,2020-12-19T22:07:18.491Z,buy,9.9e-07,50829.0,0.05032071
VIB/BTC,1608415641010,2020-12-19T22:07:21.010Z,sell,9.8e-07,485.0,0.0004752999999999
VIB/BTC,1608415641249,2020-12-19T22:07:21.249Z,buy,9.9e-07,767.0,0.00075933
VIB/BTC,1608415644004,2020-12-19T22:07:24.004Z,sell,9.8e-07,26427.0,0.0258984599999999
VIB/BTC,1608415661203,2020-12-19T22:07:41.203Z,sell,9.8e-07,5936.0,0.0058172799999999
VIB/BTC,1608415673640,2020-12-19T22:07:53.640Z,buy,9.9e-07,1748.0,0.00173052
VIB/BTC,1608415682614,2020-12-19T22:08:02.614Z,sell,9.8e-07,144.0,0.00014112
VIB/BTC,1608415696440,2020-12-19T22:08:16.440Z,buy,9.9e-07,3116.0,0.00308484
VIB/BTC,1608415714217,2020-12-19T22:08:34.217Z,sell,9.8e-07,14348.0,0.0140610399999999
VIB/BTC,1608415717095,2020-12-19T22:08:37.095Z,buy,9.9e-07,234.0,0.00023166
VIB/BTC,1608415728805,2020-12-19T22:08:48.805Z,sell,9.7e-07,200.0,0.000194
VIB/BTC,1608415732558,2020-12-19T22:08:52.558Z,buy,9.8e-07,234.0,0.0002293199999999
VIB/BTC,1608415744693,2020-12-19T22:09:04.693Z,sell,9.7e-07,16429.0,0.01593613
VIB/BTC,1608415751678,2020-12-19T22:09:11.678Z,sell,9.7e-07,8214.0,0.00796758
VIB/BTC,1608415757639,2020-12-19T22:09:17.639Z,sell,9.7e-07,10917.0,0.01058949
VIB/BTC,1608415758743,2020-12-19T22:09:18.743Z,sell,9.7e-07,13281.0,0.01288257
VIB/BTC,1608415760153,2020-12-19T22:09:20.153Z,sell,9.7e-07,3054.0,0.00296238
VIB/BTC,1608415764989,2020-12-19T22:09:24.989Z,sell,9.7e-07,3103.0,0.00300991
VIB/BTC,1608415765717,2020-12-19T22:09:25.717Z,sell,9.7e-07,3562.0,0.00345514
VIB/BTC,1608415767073,2020-12-19T22:09:27.073Z,sell,9.7e-07,3563.0,0.00345611
VIB/BTC,1608415768842,2020-12-19T22:09:28.842Z,buy,9.7e-07,108727.0,0.10546519
VIB/BTC,1608415771845,2020-12-19T22:09:31.845Z,sell,9.6e-07,15560.0,0.0149375999999999
VIB/BTC,1608415772472,2020-12-19T22:09:32.472Z,buy,9.7e-07,16957.0,0.01644829
VIB/BTC,1608415774742,2020-12-19T22:09:34.742Z,sell,9.6e-07,14787.0,0.0141955199999999
VIB/BTC,1608415776296,2020-12-19T22:09:36.296Z,sell,9.5e-07,6443.0,0.00612085
VIB/BTC,1608415776485,2020-12-19T22:09:36.485Z,buy,9.6e-07,1243.0,0.00119328
VIB/BTC,1608415777220,2020-12-19T22:09:37.220Z,buy,9.6e-07,3715.0,0.0035663999999999
VIB/BTC,1608415778124,2020-12-19T22:09:38.124Z,sell,9.6e-07,27519.0,0.02641824
VIB/BTC,1608415778124,2020-12-19T22:09:38.124Z,sell,9.5e-07,234618.0,0.2228871
VIB/BTC,1608415778124,2020-12-19T22:09:38.124Z,sell,9.4e-07,228183.0,0.21449202
VIB/BTC,1608415778694,2020-12-19T22:09:38.694Z,sell,9.5e-07,1094.0,0.0010393
VIB/BTC,1608415780386,2020-12-19T22:09:40.386Z,buy,9.5e-07,252.0,0.0002394
VIB/BTC,1608415781972,2020-12-19T22:09:41.972Z,sell,9.4e-07,32693.0,0.03073142
VIB/BTC,1608415781972,2020-12-19T22:09:41.972Z,sell,9.3e-07,96263.0,0.08952459
VIB/BTC,1608415781985,2020-12-19T22:09:41.985Z,buy,9.3e-07,18091.0,0.01682463
VIB/BTC,1608415782314,2020-12-19T22:09:42.314Z,sell,9.2e-07,10989.0,0.01010988
VIB/BTC,1608415782865,2020-12-19T22:09:42.865Z,buy,9.3e-07,177.0,0.00016461
VIB/BTC,1608415783125,2020-12-19T22:09:43.125Z,buy,9.3e-07,710.0,0.0006603
VIB/BTC,1608415786921,2020-12-19T22:09:46.921Z,buy,9.3e-07,1294.0,0.00120342
VIB/BTC,1608415788251,2020-12-19T22:09:48.251Z,sell,9.3e-07,4030.0,0.0037478999999999
VIB/BTC,1608415789248,2020-12-19T22:09:49.248Z,sell,9.3e-07,2530.0,0.0023529
VIB/BTC,1608415789756,2020-12-19T22:09:49.756Z,sell,9.3e-07,162.0,0.00015066
VIB/BTC,1608415791461,2020-12-19T22:09:51.461Z,sell,9.3e-07,6832.0,0.00635376
VIB/BTC,1608415792276,2020-12-19T22:09:52.276Z,sell,9.3e-07,50778.0,0.04722354
VIB/BTC,1608415792341,2020-12-19T22:09:52.341Z,buy,9.4e-07,917.0,0.00086198
VIB/BTC,1608415799242,2020-12-19T22:09:59.242Z,buy,9.3e-07,37.0,3.441e-05
VIB/BTC,1608415799374,2020-12-19T22:09:59.374Z,sell,9.2e-07,306953.0,0.2823967599999999
VIB/BTC,1608415799555,2020-12-19T22:09:59.555Z,buy,9.3e-07,21467.0,0.01996431
VIB/BTC,1608415800680,2020-12-19T22:10:00.680Z,sell,9.2e-07,66646.0,0.06131432
VIB/BTC,1608415801312,2020-12-19T22:10:01.312Z,buy,9.3e-07,18745.0,0.01743285
VIB/BTC,1608415803722,2020-12-19T22:10:03.722Z,buy,9.3e-07,2642.0,0.00245706
VIB/BTC,1608415803960,2020-12-19T22:10:03.960Z,sell,9.3e-07,116.0,0.00010788
VIB/BTC,1608415806719,2020-12-19T22:10:06.719Z,sell,9.3e-07,16369.0,0.01522317
VIB/BTC,1608415807450,2020-12-19T22:10:07.450Z,buy,9.3e-07,7496.0,0.00697128
VIB/BTC,1608415807817,2020-12-19T22:10:07.817Z,buy,9.3e-07,99362.0,0.09240666
VIB/BTC,1608415814833,2020-12-19T22:10:14.833Z,buy,9.3e-07,2608.0,0.00242544
VIB/BTC,1608415817105,2020-12-19T22:10:17.105Z,sell,9.2e-07,28457.0,0.02618044
VIB/BTC,1608415817105,2020-12-19T22:10:17.105Z,sell,9.2e-07,1400.0,0.0012879999999999
VIB/BTC,1608415822186,2020-12-19T22:10:22.186Z,sell,9.2e-07,968.0,0.00089056
VIB/BTC,1608415823494,2020-12-19T22:10:23.494Z,sell,9.2e-07,59374.0,0.05462408
VIB/BTC,1608415825286,2020-12-19T22:10:25.286Z,sell,9.2e-07,18727.0,0.01722884
VIB/BTC,1608415825429,2020-12-19T22:10:25.429Z,sell,9.2e-07,10547.0,0.00970324
VIB/BTC,1608415827670,2020-12-19T22:10:27.670Z,buy,9.2e-07,252.0,0.00023184
VIB/BTC,1608415843329,2020-12-19T22:10:43.329Z,sell,9.2e-07,4002.0,0.00368184
VIB/BTC,1608415847514,2020-12-19T22:10:47.514Z,buy,9.3e-07,6298.0,0.00585714
VIB/BTC,1608415851890,2020-12-19T22:10:51.890Z,buy,9.3e-07,806.0,0.00074958
VIB/BTC,1608415852626,2020-12-19T22:10:52.626Z,sell,9.2e-07,525.0,0.000483
VIB/BTC,1608415855349,2020-12-19T22:10:55.349Z,buy,9.3e-07,375.0,0.00034875
VIB/BTC,1608415858584,2020-12-19T22:10:58.584Z,sell,9.2e-07,1195.0,0.0010994
VIB/BTC,1608415859300,2020-12-19T22:10:59.300Z,buy,9.3e-07,3042.0,0.00282906
VIB/BTC,1608415860403,2020-12-19T22:11:00.403Z,buy,9.3e-07,31398.0,0.02920014
VIB/BTC,1608415861929,2020-12-19T22:11:01.929Z,buy,9.3e-07,483.0,0.00044919
VIB/BTC,1608415862437,2020-12-19T22:11:02.437Z,buy,9.3e-07,400.0,0.000372
VIB/BTC,1608415862784,2020-12-19T22:11:02.784Z,buy,9.3e-07,1920.0,0.0017856
VIB/BTC,1608415862785,2020-12-19T22:11:02.785Z,buy,9.3e-07,1920.0,0.0017856
VIB/BTC,1608415862785,2020-12-19T22:11:02.785Z,buy,9.3e-07,1920.0,0.0017856
VIB/BTC,1608415862785,2020-12-19T22:11:02.785Z,buy,9.3e-07,1920.0,0.0017856
VIB/BTC,1608415862785,2020-12-19T22:11:02.785Z,buy,9.3e-07,1920.0,0.0017856
VIB/BTC,1608415862786,2020-12-19T22:11:02.786Z,buy,9.3e-07,1920.0,0.0017856
VIB/BTC,1608415862786,2020-12-19T22:11:02.786Z,buy,9.3e-07,1920.0,0.0017856
VIB/BTC,1608415862787,2020-12-19T22:11:02.787Z,buy,9.3e-07,1920.0,0.0017856
VIB/BTC,1608415862787,2020-12-19T22:11:02.787Z,buy,9.3e-07,1920.0,0.0017856
VIB/BTC,1608415862787,2020-12-19T22:11:02.787Z,buy,9.3e-07,1920.0,0.0017856
VIB/BTC,1608415862787,2020-12-19T22:11:02.787Z,buy,9.3e-07,1920.0,0.0017856
VIB/BTC,1608415862787,2020-12-19T22:11:02.787Z,buy,9.3e-07,1920.0,0.0017856
VIB/BTC,1608415862787,2020-12-19T22:11:02.787Z,buy,9.3e-07,1920.0,0.0017856
VIB/BTC,1608415862787,2020-12-19T22:11:02.787Z,buy,9.3e-07,1920.0,0.0017856
VIB/BTC,1608415862787,2020-12-19T22:11:02.787Z,buy,9.3e-07,1920.0,0.0017856
VIB/BTC,1608415862787,2020-12-19T22:11:02.787Z,buy,9.3e-07,1920.0,0.0017856
VIB/BTC,1608415862788,2020-12-19T22:11:02.788Z,buy,9.3e-07,1920.0,0.0017856
VIB/BTC,1608415862788,2020-12-19T22:11:02.788Z,buy,9.3e-07,1920.0,0.0017856
VIB/BTC,1608415862788,2020-12-19T22:11:02.788Z,buy,9.3e-07,1920.0,0.0017856
VIB/BTC,1608415862788,2020-12-19T22:11:02.788Z,buy,9.3e-07,1920.0,0.0017856
VIB/BTC,1608415862789,2020-12-19T22:11:02.789Z,buy,9.3e-07,1920.0,0.0017856
VIB/BTC,1608415862789,2020-12-19T22:11:02.789Z,buy,9.3e-07,1920.0,0.0017856
VIB/BTC,1608415862789,2020-12-19T22:11:02.789Z,buy,9.3e-07,1920.0,0.0017856
VIB/BTC,1608415862789,2020-12-19T22:11:02.789Z,buy,9.3e-07,1920.0,0.0017856
VIB/BTC,1608415862790,2020-12-19T22:11:02.790Z,buy,9.3e-07,1920.0,0.0017856
VIB/BTC,1608415862790,2020-12-19T22:11:02.790Z,buy,9.3e-07,1920.0,0.0017856
VIB/BTC,1608415862790,2020-12-19T22:11:02.790Z,buy,9.3e-07,1920.0,0.0017856
VIB/BTC,1608415862790,2020-12-19T22:11:02.790Z,buy,9.3e-07,1920.0,0.0017856
VIB/BTC,1608415862790,2020-12-19T22:11:02.790Z,buy,9.3e-07,1920.0,0.0017856
VIB/BTC,1608415862790,2020-12-19T22:11:02.790Z,buy,9.3e-07,1920.0,0.0017856
VIB/BTC,1608415862791,2020-12-19T22:11:02.791Z,buy,9.3e-07,1920.0,0.0017856
VIB/BTC,1608415862791,2020-12-19T22:11:02.791Z,buy,9.3e-07,1920.0,0.0017856
VIB/BTC,1608415862791,2020-12-19T22:11:02.791Z,buy,9.3e-07,1920.0,0.0017856
VIB/BTC,1608415862791,2020-12-19T22:11:02.791Z,buy,9.3e-07,1920.0,0.0017856
VIB/BTC,1608415862792,2020-12-19T22:11:02.792Z,buy,9.3e-07,1920.0,0.0017856
VIB/BTC,1608415862792,2020-12-19T22:11:02.792Z,buy,9.3e-07,1920.0,0.0017856
VIB/BTC,1608415862792,2020-12-19T22:11:02.792Z,buy,9.3e-07,1920.0,0.0017856
VIB/BTC,1608415862792,2020-12-19T22:11:02.792Z,buy,9.3e-07,1920.0,0.0017856
VIB/BTC,1608415862792,2020-12-19T22:11:02.792Z,buy,9.3e-07,1920.0,0.0017856
VIB/BTC,1608415862792,2020-12-19T22:11:02.792Z,buy,9.3e-07,1920.0,0.0017856
VIB/BTC,1608415862792,2020-12-19T22:11:02.792Z,buy,9.3e-07,1920.0,0.0017856
VIB/BTC,1608415862793,2020-12-19T22:11:02.793Z,buy,9.3e-07,1920.0,0.0017856
VIB/BTC,1608415862793,2020-12-19T22:11:02.793Z,buy,9.3e-07,1920.0,0.0017856
VIB/BTC,1608415862793,2020-12-19T22:11:02.793Z,buy,9.3e-07,1920.0,0.0017856
VIB/BTC,1608415862797,2020-12-19T22:11:02.797Z,buy,9.3e-07,1920.0,0.0017856
VIB/BTC,1608415862847,2020-12-19T22:11:02.847Z,sell,9.2e-07,6452.0,0.0059358399999999
VIB/BTC,1608415862923,2020-12-19T22:11:02.923Z,buy,9.3e-07,400.0,0.000372
VIB/BTC,1608415863814,2020-12-19T22:11:03.814Z,buy,9.3e-07,400.0,0.000372
VIB/BTC,1608415864937,2020-12-19T22:11:04.937Z,buy,9.3e-07,400.0,0.000372
VIB/BTC,1608415865419,2020-12-19T22:11:05.419Z,buy,9.3e-07,400.0,0.000372
VIB/BTC,1608415865595,2020-12-19T22:11:05.595Z,sell,9.2e-07,356.0,0.00032752
VIB/BTC,1608415865898,2020-12-19T22:11:05.898Z,buy,9.3e-07,400.0,0.000372
VIB/BTC,1608415867714,2020-12-19T22:11:07.714Z,buy,9.3e-07,3542.0,0.00329406
VIB/BTC,1608415878610,2020-12-19T22:11:18.610Z,buy,9.3e-07,30824.0,0.02866632
VIB/BTC,1608415881474,2020-12-19T22:11:21.474Z,buy,9.3e-07,1593.0,0.00148149
VIB/BTC,1608415890337,2020-12-19T22:11:30.337Z,buy,9.3e-07,122.0,0.00011346
VIB/BTC,1608415897235,2020-12-19T22:11:37.235Z,sell,9.2e-07,22721.0,0.02090332
VIB/BTC,1608415899221,2020-12-19T22:11:39.221Z,sell,9.2e-07,88013.0,0.08097196
VIB/BTC,1608415899235,2020-12-19T22:11:39.235Z,buy,9.2e-07,19849.0,0.01826108
VIB/BTC,1608415899238,2020-12-19T22:11:39.238Z,buy,9.2e-07,1132.0,0.00104144
VIB/BTC,1608415901232,2020-12-19T22:11:41.232Z,buy,9.2e-07,2663.0,0.00244996
VIB/BTC,1608415902821,2020-12-19T22:11:42.821Z,buy,9.2e-07,883.0,0.00081236
VIB/BTC,1608415905486,2020-12-19T22:11:45.486Z,buy,9.2e-07,13240.0,0.0121808
VIB/BTC,1608415907379,2020-12-19T22:11:47.379Z,buy,9.2e-07,302288.0,0.27810496
VIB/BTC,1608415907604,2020-12-19T22:11:47.604Z,sell,9.2e-07,8625.0,0.007935
VIB/BTC,1608415910554,2020-12-19T22:11:50.554Z,sell,9.2e-07,8467.0,0.00778964
VIB/BTC,1608415912107,2020-12-19T22:11:52.107Z,sell,9.2e-07,36798.0,0.03385416
VIB/BTC,1608415928284,2020-12-19T22:12:08.284Z,sell,9.2e-07,4256.0,0.00391552
VIB/BTC,1608415930134,2020-12-19T22:12:10.134Z,buy,9.3e-07,48991.0,0.04556163
VIB/BTC,1608415930163,2020-12-19T22:12:10.163Z,buy,9.4e-07,853.0,0.00080182
VIB/BTC,1608415936059,2020-12-19T22:12:16.059Z,sell,9.3e-07,1780.0,0.0016554
VIB/BTC,1608415937802,2020-12-19T22:12:17.802Z,sell,9.3e-07,7273.0,0.00676389
VIB/BTC,1608415940688,2020-12-19T22:12:20.688Z,sell,9.3e-07,2540.0,0.0023622
VIB/BTC,1608415951071,2020-12-19T22:12:31.071Z,buy,9.4e-07,9039.0,0.00849666
VIB/BTC,1608415951297,2020-12-19T22:12:31.297Z,buy,9.4e-07,111.0,0.00010434
VIB/BTC,1608415954464,2020-12-19T22:12:34.464Z,buy,9.4e-07,111.0,0.00010434
VIB/BTC,1608415958550,2020-12-19T22:12:38.550Z,buy,9.4e-07,111.0,0.00010434
VIB/BTC,1608415961510,2020-12-19T22:12:41.510Z,buy,9.4e-07,759.0,0.00071346
VIB/BTC,1608415963589,2020-12-19T22:12:43.589Z,buy,9.4e-07,123.0,0.00011562
VIB/BTC,1608415972758,2020-12-19T22:12:52.758Z,buy,9.4e-07,125.0,0.0001175
VIB/BTC,1608415974604,2020-12-19T22:12:54.604Z,buy,9.4e-07,158.0,0.00014852
VIB/BTC,1608415974786,2020-12-19T22:12:54.786Z,buy,9.4e-07,39081.0,0.03673614
VIB/BTC,1608415976444,2020-12-19T22:12:56.444Z,buy,9.4e-07,2146.0,0.00201724
VIB/BTC,1608415976477,2020-12-19T22:12:56.477Z,buy,9.4e-07,19472.0,0.01830368
VIB/BTC,1608415981615,2020-12-19T22:13:01.615Z,sell,9.3e-07,3464.0,0.00322152
VIB/BTC,1608415984068,2020-12-19T22:13:04.068Z,buy,9.4e-07,122.0,0.00011468
VIB/BTC,1608415985728,2020-12-19T22:13:05.728Z,buy,9.4e-07,11471.0,0.01078274
VIB/BTC,1608415991764,2020-12-19T22:13:11.764Z,buy,9.4e-07,108.0,0.00010152
VIB/BTC,1608415996734,2020-12-19T22:13:16.734Z,buy,9.4e-07,21.0,1.974e-05
VIB/BTC,1608415996734,2020-12-19T22:13:16.734Z,buy,9.5e-07,90.0,8.55e-05
VIB/BTC,1608416001973,2020-12-19T22:13:21.973Z,sell,9.4e-07,1032.0,0.00097008
VIB/BTC,1608416002004,2020-12-19T22:13:22.004Z,sell,9.4e-07,1032.0,0.00097008
VIB/BTC,1608416007109,2020-12-19T22:13:27.109Z,buy,9.5e-07,234.0,0.0002223
VIB/BTC,1608416007951,2020-12-19T22:13:27.951Z,buy,9.5e-07,111.0,0.00010545
VIB/BTC,1608416015046,2020-12-19T22:13:35.046Z,buy,9.5e-07,122.0,0.0001159
VIB/BTC,1608416022788,2020-12-19T22:13:42.788Z,sell,9.4e-07,222.0,0.00020868
VIB/BTC,1608416023261,2020-12-19T22:13:43.261Z,buy,9.5e-07,123.0,0.00011685
VIB/BTC,1608416030756,2020-12-19T22:13:50.756Z,buy,9.5e-07,111.0,0.00010545
VIB/BTC,1608416034178,2020-12-19T22:13:54.178Z,buy,9.5e-07,27235.0,0.02587325
VIB/BTC,1608416034246,2020-12-19T22:13:54.246Z,buy,9.5e-07,1850.0,0.0017575
VIB/BTC,1608416035814,2020-12-19T22:13:55.814Z,buy,9.5e-07,133.0,0.00012635
VIB/BTC,1608416039506,2020-12-19T22:13:59.506Z,buy,9.5e-07,222.0,0.0002109
VIB/BTC,1608416046988,2020-12-19T22:14:06.988Z,buy,9.5e-07,232.0,0.0002204
VIB/BTC,1608416047470,2020-12-19T22:14:07.470Z,buy,9.5e-07,14840.0,0.014098
VIB/BTC,1608416050898,2020-12-19T22:14:10.898Z,sell,9.4e-07,3238.0,0.00304372
VIB/BTC,1608416055316,2020-12-19T22:14:15.316Z,buy,9.5e-07,311.0,0.00029545
VIB/BTC,1608416062792,2020-12-19T22:14:22.792Z,sell,9.4e-07,15897.0,0.01494318
VIB/BTC,1608416062792,2020-12-19T22:14:22.792Z,sell,9.3e-07,72784.0,0.06768912
VIB/BTC,1608416064132,2020-12-19T22:14:24.132Z,buy,9.4e-07,2030.0,0.0019082
VIB/BTC,1608416065562,2020-12-19T22:14:25.562Z,sell,9.3e-07,186569.0,0.17350917
VIB/BTC,1608416065568,2020-12-19T22:14:25.568Z,buy,9.3e-07,907.0,0.00084351
VIB/BTC,1608416065568,2020-12-19T22:14:25.568Z,buy,9.3e-07,907.0,0.00084351
VIB/BTC,1608416065569,2020-12-19T22:14:25.569Z,buy,9.3e-07,907.0,0.00084351
VIB/BTC,1608416065569,2020-12-19T22:14:25.569Z,buy,9.3e-07,907.0,0.00084351
VIB/BTC,1608416065569,2020-12-19T22:14:25.569Z,buy,9.3e-07,907.0,0.00084351
VIB/BTC,1608416065569,2020-12-19T22:14:25.569Z,buy,9.3e-07,907.0,0.00084351
VIB/BTC,1608416065570,2020-12-19T22:14:25.570Z,buy,9.3e-07,907.0,0.00084351
VIB/BTC,1608416065571,2020-12-19T22:14:25.571Z,buy,9.3e-07,907.0,0.00084351
VIB/BTC,1608416065571,2020-12-19T22:14:25.571Z,buy,9.3e-07,907.0,0.00084351
VIB/BTC,1608416065571,2020-12-19T22:14:25.571Z,buy,9.3e-07,907.0,0.00084351
VIB/BTC,1608416065571,2020-12-19T22:14:25.571Z,buy,9.3e-07,907.0,0.00084351
VIB/BTC,1608416065571,2020-12-19T22:14:25.571Z,buy,9.3e-07,907.0,0.00084351
VIB/BTC,1608416065571,2020-12-19T22:14:25.571Z,buy,9.3e-07,907.0,0.00084351
VIB/BTC,1608416065571,2020-12-19T22:14:25.571Z,buy,9.3e-07,907.0,0.00084351
VIB/BTC,1608416065571,2020-12-19T22:14:25.571Z,buy,9.3e-07,907.0,0.00084351
VIB/BTC,1608416065572,2020-12-19T22:14:25.572Z,buy,9.3e-07,907.0,0.00084351
VIB/BTC,1608416065572,2020-12-19T22:14:25.572Z,buy,9.3e-07,907.0,0.00084351
VIB/BTC,1608416065572,2020-12-19T22:14:25.572Z,buy,9.3e-07,907.0,0.00084351
VIB/BTC,1608416065573,2020-12-19T22:14:25.573Z,buy,9.3e-07,907.0,0.00084351
VIB/BTC,1608416065573,2020-12-19T22:14:25.573Z,buy,9.3e-07,907.0,0.00084351
VIB/BTC,1608416065573,2020-12-19T22:14:25.573Z,buy,9.3e-07,907.0,0.00084351
VIB/BTC,1608416065573,2020-12-19T22:14:25.573Z,buy,9.3e-07,907.0,0.00084351
VIB/BTC,1608416065573,2020-12-19T22:14:25.573Z,buy,9.3e-07,907.0,0.00084351
VIB/BTC,1608416065573,2020-12-19T22:14:25.573Z,buy,9.3e-07,907.0,0.00084351
VIB/BTC,1608416065575,2020-12-19T22:14:25.575Z,buy,9.3e-07,907.0,0.00084351
VIB/BTC,1608416065575,2020-12-19T22:14:25.575Z,buy,9.3e-07,907.0,0.00084351
VIB/BTC,1608416065575,2020-12-19T22:14:25.575Z,buy,9.3e-07,907.0,0.00084351
VIB/BTC,1608416065575,2020-12-19T22:14:25.575Z,buy,9.3e-07,907.0,0.00084351
VIB/BTC,1608416065575,2020-12-19T22:14:25.575Z,buy,9.3e-07,907.0,0.00084351
VIB/BTC,1608416065575,2020-12-19T22:14:25.575Z,buy,9.3e-07,907.0,0.00084351
VIB/BTC,1608416065575,2020-12-19T22:14:25.575Z,buy,9.3e-07,907.0,0.00084351
VIB/BTC,1608416065575,2020-12-19T22:14:25.575Z,buy,9.3e-07,907.0,0.00084351
VIB/BTC,1608416065576,2020-12-19T22:14:25.576Z,buy,9.3e-07,907.0,0.00084351
VIB/BTC,1608416065576,2020-12-19T22:14:25.576Z,buy,9.3e-07,907.0,0.00084351
VIB/BTC,1608416065576,2020-12-19T22:14:25.576Z,buy,9.3e-07,907.0,0.00084351
VIB/BTC,1608416065576,2020-12-19T22:14:25.576Z,buy,9.3e-07,907.0,0.00084351
VIB/BTC,1608416065576,2020-12-19T22:14:25.576Z,buy,9.3e-07,907.0,0.00084351
VIB/BTC,1608416065576,2020-12-19T22:14:25.576Z,buy,9.3e-07,907.0,0.00084351
VIB/BTC,1608416065577,2020-12-19T22:14:25.577Z,buy,9.3e-07,907.0,0.00084351
VIB/BTC,1608416065577,2020-12-19T22:14:25.577Z,buy,9.3e-07,907.0,0.00084351
VIB/BTC,1608416065577,2020-12-19T22:14:25.577Z,buy,9.3e-07,907.0,0.00084351
VIB/BTC,1608416065577,2020-12-19T22:14:25.577Z,buy,9.3e-07,907.0,0.00084351
VIB/BTC,1608416065578,2020-12-19T22:14:25.578Z,buy,9.3e-07,907.0,0.00084351
VIB/BTC,1608416065578,2020-12-19T22:14:25.578Z,buy,9.3e-07,907.0,0.00084351
VIB/BTC,1608416065582,2020-12-19T22:14:25.582Z,buy,9.3e-07,907.0,0.00084351
VIB/BTC,1608416065582,2020-12-19T22:14:25.582Z,buy,9.3e-07,907.0,0.00084351
VIB/BTC,1608416065582,2020-12-19T22:14:25.582Z,buy,9.3e-07,907.0,0.00084351
VIB/BTC,1608416065589,2020-12-19T22:14:25.589Z,buy,9.3e-07,897.0,0.0008342099999999
VIB/BTC,1608416065602,2020-12-19T22:14:25.602Z,sell,9.2e-07,11194.0,0.01029848
VIB/BTC,1608416065608,2020-12-19T22:14:25.608Z,sell,9.2e-07,4669.0,0.00429548
VIB/BTC,1608416065608,2020-12-19T22:14:25.608Z,sell,9.1e-07,28.0,2.548e-05
VIB/BTC,1608416065608,2020-12-19T22:14:25.608Z,sell,9.1e-07,715.0,0.00065065
VIB/BTC,1608416065642,2020-12-19T22:14:25.642Z,sell,9.1e-07,2700.0,0.002457
VIB/BTC,1608416066693,2020-12-19T22:14:26.693Z,buy,9.2e-07,40.0,3.68e-05
VIB/BTC,1608416075996,2020-12-19T22:14:35.996Z,buy,9.2e-07,9266.0,0.00852472
VIB/BTC,1608416078648,2020-12-19T22:14:38.648Z,sell,9.1e-07,5319.0,0.00484029
VIB/BTC,1608416085192,2020-12-19T22:14:45.192Z,buy,9.2e-07,61325.0,0.056419
VIB/BTC,1608416096022,2020-12-19T22:14:56.022Z,sell,9.2e-07,11395.0,0.0104834
VIB/BTC,1608416097229,2020-12-19T22:14:57.229Z,buy,9.3e-07,32.0,2.976e-05
VIB/BTC,1608416120162,2020-12-19T22:15:20.162Z,sell,9.1e-07,4733.0,0.00430703
VIB/BTC,1608416128250,2020-12-19T22:15:28.250Z,sell,9.1e-07,419.0,0.00038129
VIB/BTC,1608416139610,2020-12-19T22:15:39.610Z,buy,9.2e-07,234.0,0.0002152799999999
VIB/BTC,1608416174674,2020-12-19T22:16:14.674Z,buy,9.2e-07,17116.0,0.01574672
VIB/BTC,1608416184669,2020-12-19T22:16:24.669Z,sell,9.2e-07,32758.0,0.03013736
VIB/BTC,1608416194496,2020-12-19T22:16:34.496Z,buy,9.3e-07,315.0,0.00029295
VIB/BTC,1608416215453,2020-12-19T22:16:55.453Z,buy,9.2e-07,6734.0,0.00619528
VIB/BTC,1608416223252,2020-12-19T22:17:03.252Z,sell,9.1e-07,111.0,0.00010101
VIB/BTC,1608416227100,2020-12-19T22:17:07.100Z,sell,9.1e-07,111.0,0.00010101
VIB/BTC,1608416233714,2020-12-19T22:17:13.714Z,sell,9.1e-07,111.0,0.00010101
VIB/BTC,1608416239869,2020-12-19T22:17:19.869Z,sell,9.1e-07,111.0,0.00010101
VIB/BTC,1608416243938,2020-12-19T22:17:23.938Z,sell,9.1e-07,111.0,0.00010101
VIB/BTC,1608416250102,2020-12-19T22:17:30.102Z,sell,9.1e-07,111.0,0.00010101
VIB/BTC,1608416255668,2020-12-19T22:17:35.668Z,buy,9.2e-07,5000.0,0.0046
VIB/BTC,1608416256542,2020-12-19T22:17:36.542Z,sell,9.1e-07,2466.0,0.00224406
VIB/BTC,1608416258142,2020-12-19T22:17:38.142Z,buy,9.2e-07,6240.0,0.0057408
VIB/BTC,1608416261465,2020-12-19T22:17:41.465Z,buy,9.2e-07,5061.0,0.00465612
VIB/BTC,1608416266065,2020-12-19T22:17:46.065Z,buy,9.2e-07,1532.0,0.0014094399999999
VIB/BTC,1608416267560,2020-12-19T22:17:47.560Z,sell,9.1e-07,111.0,0.00010101
VIB/BTC,1608416277106,2020-12-19T22:17:57.106Z,buy,9.2e-07,13671.0,0.01257732
VIB/BTC,1608416279833,2020-12-19T22:17:59.833Z,sell,9.2e-07,111.0,0.0001021199999999
VIB/BTC,1608416282234,2020-12-19T22:18:02.234Z,sell,9.2e-07,59155.0,0.0544226
VIB/BTC,1608416324121,2020-12-19T22:18:44.121Z,buy,9.3e-07,9320.0,0.0086676
VIB/BTC,1608416344009,2020-12-19T22:19:04.009Z,sell,9.2e-07,168192.0,0.15473664
VIB/BTC,1608416351930,2020-12-19T22:19:11.930Z,sell,9.1e-07,9207.0,0.00837837
VIB/BTC,1608416356217,2020-12-19T22:19:16.217Z,sell,9.1e-07,95055.0,0.08650005
VIB/BTC,1608416356227,2020-12-19T22:19:16.227Z,buy,9.2e-07,39.0,3.588e-05
VIB/BTC,1608416358859,2020-12-19T22:19:18.859Z,buy,9.1e-07,29491.0,0.02683681
VIB/BTC,1608416358859,2020-12-19T22:19:18.859Z,buy,9.2e-07,86934.0,0.07997928
VIB/BTC,1608416360718,2020-12-19T22:19:20.718Z,buy,9.1e-07,5257.0,0.00478387
VIB/BTC,1608416369713,2020-12-19T22:19:29.713Z,buy,9.1e-07,5323.0,0.00484393
VIB/BTC,1608416372521,2020-12-19T22:19:32.521Z,buy,9.1e-07,2077.0,0.00189007
VIB/BTC,1608416391383,2020-12-19T22:19:51.383Z,sell,9e-07,158921.0,0.1430289
VIB/BTC,1608416391390,2020-12-19T22:19:51.390Z,buy,9e-07,490.0,0.000441
VIB/BTC,1608416391391,2020-12-19T22:19:51.391Z,buy,9e-07,490.0,0.000441
VIB/BTC,1608416391391,2020-12-19T22:19:51.391Z,buy,9e-07,490.0,0.000441
VIB/BTC,1608416391391,2020-12-19T22:19:51.391Z,buy,9e-07,490.0,0.000441
VIB/BTC,1608416391391,2020-12-19T22:19:51.391Z,buy,9e-07,490.0,0.000441
VIB/BTC,1608416391391,2020-12-19T22:19:51.391Z,buy,9e-07,490.0,0.000441
VIB/BTC,1608416391392,2020-12-19T22:19:51.392Z,buy,9e-07,490.0,0.000441
VIB/BTC,1608416391393,2020-12-19T22:19:51.393Z,buy,9e-07,490.0,0.000441
VIB/BTC,1608416391393,2020-12-19T22:19:51.393Z,buy,9e-07,490.0,0.000441
VIB/BTC,1608416391393,2020-12-19T22:19:51.393Z,buy,9e-07,490.0,0.000441
VIB/BTC,1608416391393,2020-12-19T22:19:51.393Z,buy,9e-07,490.0,0.000441
VIB/BTC,1608416391393,2020-12-19T22:19:51.393Z,buy,9e-07,490.0,0.000441
VIB/BTC,1608416391393,2020-12-19T22:19:51.393Z,buy,9e-07,490.0,0.000441
VIB/BTC,1608416391393,2020-12-19T22:19:51.393Z,buy,9e-07,490.0,0.000441
VIB/BTC,1608416391393,2020-12-19T22:19:51.393Z,buy,9e-07,490.0,0.000441
VIB/BTC,1608416391393,2020-12-19T22:19:51.393Z,buy,9e-07,490.0,0.000441
VIB/BTC,1608416391393,2020-12-19T22:19:51.393Z,buy,9e-07,490.0,0.000441
VIB/BTC,1608416391394,2020-12-19T22:19:51.394Z,buy,9e-07,490.0,0.000441
VIB/BTC,1608416391394,2020-12-19T22:19:51.394Z,buy,9e-07,490.0,0.000441
VIB/BTC,1608416391394,2020-12-19T22:19:51.394Z,buy,9e-07,490.0,0.000441
VIB/BTC,1608416391394,2020-12-19T22:19:51.394Z,buy,9e-07,490.0,0.000441
VIB/BTC,1608416391395,2020-12-19T22:19:51.395Z,buy,9e-07,490.0,0.000441
VIB/BTC,1608416391395,2020-12-19T22:19:51.395Z,buy,9e-07,490.0,0.000441
VIB/BTC,1608416391395,2020-12-19T22:19:51.395Z,buy,9e-07,490.0,0.000441
VIB/BTC,1608416391395,2020-12-19T22:19:51.395Z,buy,9e-07,490.0,0.000441
VIB/BTC,1608416391395,2020-12-19T22:19:51.395Z,buy,9e-07,490.0,0.000441
VIB/BTC,1608416391395,2020-12-19T22:19:51.395Z,buy,9e-07,490.0,0.000441
VIB/BTC,1608416391395,2020-12-19T22:19:51.395Z,buy,9e-07,490.0,0.000441
VIB/BTC,1608416391395,2020-12-19T22:19:51.395Z,buy,9e-07,490.0,0.000441
VIB/BTC,1608416391395,2020-12-19T22:19:51.395Z,buy,9e-07,490.0,0.000441
VIB/BTC,1608416391396,2020-12-19T22:19:51.396Z,buy,9e-07,490.0,0.000441
VIB/BTC,1608416391397,2020-12-19T22:19:51.397Z,buy,9e-07,490.0,0.000441
VIB/BTC,1608416391397,2020-12-19T22:19:51.397Z,buy,9e-07,490.0,0.000441
VIB/BTC,1608416391397,2020-12-19T22:19:51.397Z,buy,9e-07,490.0,0.000441
VIB/BTC,1608416391397,2020-12-19T22:19:51.397Z,buy,9e-07,490.0,0.000441
VIB/BTC,1608416391397,2020-12-19T22:19:51.397Z,buy,9e-07,490.0,0.000441
VIB/BTC,1608416391397,2020-12-19T22:19:51.397Z,buy,9e-07,490.0,0.000441
VIB/BTC,1608416391398,2020-12-19T22:19:51.398Z,buy,9e-07,490.0,0.000441
VIB/BTC,1608416391398,2020-12-19T22:19:51.398Z,buy,9e-07,490.0,0.000441
VIB/BTC,1608416391398,2020-12-19T22:19:51.398Z,buy,9e-07,490.0,0.000441
VIB/BTC,1608416391398,2020-12-19T22:19:51.398Z,buy,9e-07,490.0,0.000441
VIB/BTC,1608416391398,2020-12-19T22:19:51.398Z,buy,9e-07,490.0,0.000441
VIB/BTC,1608416391398,2020-12-19T22:19:51.398Z,buy,9e-07,490.0,0.000441
VIB/BTC,1608416391398,2020-12-19T22:19:51.398Z,buy,9e-07,490.0,0.000441
VIB/BTC,1608416391403,2020-12-19T22:19:51.403Z,buy,9e-07,1843.0,0.0016587
VIB/BTC,1608416391403,2020-12-19T22:19:51.403Z,buy,9e-07,490.0,0.000441
VIB/BTC,1608416391481,2020-12-19T22:19:51.481Z,buy,9e-07,15411.0,0.0138699
VIB/BTC,1608416392014,2020-12-19T22:19:52.014Z,buy,9e-07,16218.0,0.0145962
VIB/BTC,1608416392782,2020-12-19T22:19:52.782Z,buy,9e-07,2874.0,0.0025866
VIB/BTC,1608416399474,2020-12-19T22:19:59.474Z,sell,8.9e-07,37581.0,0.03344709
VIB/BTC,1608416399474,2020-12-19T22:19:59.474Z,sell,8.9e-07,4950.0,0.0044055
VIB/BTC,1608416403718,2020-12-19T22:20:03.718Z,sell,8.9e-07,37582.0,0.0334479799999999
VIB/BTC,1608416403990,2020-12-19T22:20:03.990Z,buy,9e-07,112.0,0.0001008
VIB/BTC,1608416405142,2020-12-19T22:20:05.142Z,buy,9e-07,10025.0,0.0090225
VIB/BTC,1608416406344,2020-12-19T22:20:06.344Z,sell,8.9e-07,9256.0,0.00823784
VIB/BTC,1608416409978,2020-12-19T22:20:09.978Z,buy,9e-07,3215.0,0.0028935
VIB/BTC,1608416412062,2020-12-19T22:20:12.062Z,sell,8.9e-07,2994.0,0.0026646599999999
VIB/BTC,1608416420900,2020-12-19T22:20:20.900Z,buy,9e-07,2267.0,0.0020403
VIB/BTC,1608416425766,2020-12-19T22:20:25.766Z,sell,8.9e-07,78297.0,0.06968433
VIB/BTC,1608416425998,2020-12-19T22:20:25.998Z,sell,8.9e-07,21974.0,0.01955686
VIB/BTC,1608416426776,2020-12-19T22:20:26.776Z,buy,9e-07,24783.0,0.0223047
VIB/BTC,1608416430534,2020-12-19T22:20:30.534Z,sell,9e-07,25904.0,0.0233136
VIB/BTC,1608416440610,2020-12-19T22:20:40.610Z,buy,9.1e-07,23538.0,0.02141958
VIB/BTC,1608416455672,2020-12-19T22:20:55.672Z,buy,9.1e-07,3910.0,0.0035581
VIB/BTC,1608416466236,2020-12-19T22:21:06.236Z,buy,9.1e-07,6084.0,0.00553644
VIB/BTC,1608416466271,2020-12-19T22:21:06.271Z,sell,9.1e-07,1410.0,0.0012831
VIB/BTC,1608416473333,2020-12-19T22:21:13.333Z,sell,9.1e-07,667.0,0.00060697
VIB/BTC,1608416474769,2020-12-19T22:21:14.769Z,buy,9.2e-07,1739.0,0.00159988
VIB/BTC,1608416477522,2020-12-19T22:21:17.522Z,sell,9.1e-07,8377.0,0.00762307
VIB/BTC,1608416492004,2020-12-19T22:21:32.004Z,sell,9e-07,122.0,0.0001098
VIB/BTC,1608416495663,2020-12-19T22:21:35.663Z,sell,9e-07,122.0,0.0001098
VIB/BTC,1608416515773,2020-12-19T22:21:55.773Z,sell,9e-07,10031.0,0.0090279
VIB/BTC,1608416516385,2020-12-19T22:21:56.385Z,sell,9e-07,8534.0,0.0076805999999999
VIB/BTC,1608416531069,2020-12-19T22:22:11.069Z,buy,9.1e-07,32579.0,0.02964689
VIB/BTC,1608416556256,2020-12-19T22:22:36.256Z,buy,9.2e-07,136176.0,0.12528192
VIB/BTC,1608416556266,2020-12-19T22:22:36.266Z,sell,9.2e-07,5730.0,0.0052715999999999
VIB/BTC,1608416556271,2020-12-19T22:22:36.271Z,sell,9.2e-07,1412.0,0.00129904
VIB/BTC,1608416556274,2020-12-19T22:22:36.274Z,sell,9.2e-07,1132.0,0.00104144
VIB/BTC,1608416561765,2020-12-19T22:22:41.765Z,buy,9.3e-07,6553.0,0.00609429
VIB/BTC,1608416581005,2020-12-19T22:23:01.005Z,buy,9.3e-07,3389.0,0.00315177
VIB/BTC,1608416583607,2020-12-19T22:23:03.607Z,buy,9.3e-07,27822.0,0.02587446
VIB/BTC,1608416586662,2020-12-19T22:23:06.662Z,buy,9.3e-07,10014.0,0.00931302
VIB/BTC,1608416592022,2020-12-19T22:23:12.022Z,buy,9.3e-07,122.0,0.00011346
VIB/BTC,1608416596008,2020-12-19T22:23:16.008Z,buy,9.3e-07,1273.0,0.00118389
VIB/BTC,1608416597092,2020-12-19T22:23:17.092Z,sell,9.3e-07,32546.0,0.03026778
VIB/BTC,1608416599770,2020-12-19T22:23:19.770Z,buy,9.4e-07,155.0,0.0001457
VIB/BTC,1608416600649,2020-12-19T22:23:20.649Z,sell,9.3e-07,6546.0,0.00608778
VIB/BTC,1608416603842,2020-12-19T22:23:23.842Z,sell,9.3e-07,19074.0,0.01773882
VIB/BTC,1608416608865,2020-12-19T22:23:28.865Z,buy,9.4e-07,988.0,0.00092872
VIB/BTC,1608416636685,2020-12-19T22:23:56.685Z,buy,9.4e-07,1109.0,0.00104246
VIB/BTC,1608416676504,2020-12-19T22:24:36.504Z,buy,9.4e-07,34902.0,0.03280788
VIB/BTC,1608416686078,2020-12-19T22:24:46.078Z,sell,9.3e-07,16458.0,0.01530594
VIB/BTC,1608416691379,2020-12-19T22:24:51.379Z,buy,9.4e-07,36.0,3.384e-05
VIB/BTC,1608416697956,2020-12-19T22:24:57.956Z,sell,9.3e-07,9460.0,0.0087978
VIB/BTC,1608416753957,2020-12-19T22:25:53.957Z,sell,9.3e-07,574.0,0.00053382
VIB/BTC,1608416847999,2020-12-19T22:27:27.999Z,sell,9.2e-07,36571.0,0.03364532
VIB/BTC,1608416848219,2020-12-19T22:27:28.219Z,buy,9.2e-07,167.0,0.00015364
VIB/BTC,1608416856474,2020-12-19T22:27:36.474Z,sell,9.1e-07,9460.0,0.0086086
VIB/BTC,1608416889273,2020-12-19T22:28:09.273Z,sell,9.1e-07,500.0,0.000455
VIB/BTC,1608416896348,2020-12-19T22:28:16.348Z,sell,9.1e-07,9035.0,0.00822185
VIB/BTC,1608416896476,2020-12-19T22:28:16.476Z,sell,9.1e-07,14825.0,0.01349075
VIB/BTC,1608416907227,2020-12-19T22:28:27.227Z,buy,9.2e-07,6617.0,0.00608764
VIB/BTC,1608416915175,2020-12-19T22:28:35.175Z,buy,9.2e-07,113.0,0.00010396
VIB/BTC,1608416938887,2020-12-19T22:28:58.887Z,sell,9.1e-07,25569.0,0.02326779
VIB/BTC,1608416940819,2020-12-19T22:29:00.819Z,sell,9.1e-07,144.0,0.00013104
VIB/BTC,1608416943301,2020-12-19T22:29:03.301Z,sell,9.1e-07,1530.0,0.0013923
VIB/BTC,1608416944108,2020-12-19T22:29:04.108Z,sell,9.1e-07,3468.0,0.00315588
VIB/BTC,1608416944115,2020-12-19T22:29:04.115Z,buy,9.1e-07,2393.0,0.00217763
VIB/BTC,1608416944145,2020-12-19T22:29:04.145Z,buy,9.1e-07,641.0,0.00058331
VIB/BTC,1608416975701,2020-12-19T22:29:35.701Z,buy,9.1e-07,205.0,0.0001865499999999
VIB/BTC,1608416981967,2020-12-19T22:29:41.967Z,sell,9e-07,121466.0,0.1093194
VIB/BTC,1608416982502,2020-12-19T22:29:42.502Z,buy,9.1e-07,29221.0,0.0265911099999999
VIB/BTC,1608416983378,2020-12-19T22:29:43.378Z,sell,9e-07,2389.0,0.0021501
VIB/BTC,1608416994407,2020-12-19T22:29:54.407Z,sell,9e-07,3012.0,0.0027107999999999
VIB/BTC,1608416999443,2020-12-19T22:29:59.443Z,sell,9e-07,6234.0,0.0056105999999999
VIB/BTC,1608417004646,2020-12-19T22:30:04.646Z,buy,9.1e-07,1208.0,0.00109928
VIB/BTC,1608417033716,2020-12-19T22:30:33.716Z,buy,9.1e-07,3345.0,0.0030439499999999
VIB/BTC,1608417036959,2020-12-19T22:30:36.959Z,buy,9.1e-07,3345.0,0.0030439499999999
VIB/BTC,1608417052315,2020-12-19T22:30:52.315Z,buy,9.1e-07,10000.0,0.0091
VIB/BTC,1608417065629,2020-12-19T22:31:05.629Z,sell,9e-07,6727.0,0.0060542999999999
VIB/BTC,1608417070762,2020-12-19T22:31:10.762Z,buy,9.1e-07,4658.0,0.00423878
VIB/BTC,1608417079579,2020-12-19T22:31:19.579Z,buy,9.1e-07,219.0,0.00019929
VIB/BTC,1608417108330,2020-12-19T22:31:48.330Z,sell,9e-07,2926.0,0.0026333999999999
VIB/BTC,1608417146910,2020-12-19T22:32:26.910Z,buy,9.1e-07,38.0,3.458e-05
VIB/BTC,1608417156374,2020-12-19T22:32:36.374Z,sell,9e-07,8298.0,0.0074681999999999
VIB/BTC,1608417249604,2020-12-19T22:34:09.604Z,buy,9.1e-07,587.0,0.0005341699999999
VIB/BTC,1608417260683,2020-12-19T22:34:20.683Z,sell,9e-07,43127.0,0.0388142999999999
VIB/BTC,1608417279752,2020-12-19T22:34:39.752Z,sell,9e-07,27090.0,0.024381
VIB/BTC,1608417279761,2020-12-19T22:34:39.761Z,buy,9e-07,2102.0,0.0018918
VIB/BTC,1608417282972,2020-12-19T22:34:42.972Z,buy,9.1e-07,440.0,0.0004004
VIB/BTC,1608417312568,2020-12-19T22:35:12.568Z,buy,9.1e-07,1401.0,0.00127491
VIB/BTC,1608417312660,2020-12-19T22:35:12.660Z,buy,9.1e-07,1401.0,0.00127491
VIB/BTC,1608417489936,2020-12-19T22:38:09.936Z,sell,9e-07,2522.0,0.0022697999999999
VIB/BTC,1608417501380,2020-12-19T22:38:21.380Z,sell,9e-07,25957.0,0.0233612999999999
VIB/BTC,1608417520894,2020-12-19T22:38:40.894Z,sell,9e-07,2267.0,0.0020403
VIB/BTC,1608417544878,2020-12-19T22:39:04.878Z,sell,9e-07,10931.0,0.0098379
VIB/BTC,1608417569013,2020-12-19T22:39:29.013Z,sell,9e-07,15000.0,0.0135
VIB/BTC,1608417594453,2020-12-19T22:39:54.453Z,sell,9e-07,10000.0,0.009
VIB/BTC,1608417620115,2020-12-19T22:40:20.115Z,sell,9e-07,7070.0,0.006363
VIB/BTC,1608417624861,2020-12-19T22:40:24.861Z,sell,9e-07,1070.0,0.000963
VIB/BTC,1608417624877,2020-12-19T22:40:24.877Z,buy,9e-07,1596.0,0.0014364
VIB/BTC,1608417624906,2020-12-19T22:40:24.906Z,buy,9e-07,1317.0,0.0011853
VIB/BTC,1608417624959,2020-12-19T22:40:24.959Z,buy,9e-07,1320.0,0.001188
VIB/BTC,1608417627990,2020-12-19T22:40:27.990Z,buy,9.1e-07,2913.0,0.00265083
VIB/BTC,1608417632827,2020-12-19T22:40:32.827Z,sell,9e-07,10000.0,0.009
VIB/BTC,1608417635497,2020-12-19T22:40:35.497Z,sell,9e-07,7122.0,0.0064097999999999
VIB/BTC,1608417635600,2020-12-19T22:40:35.600Z,buy,9e-07,429.0,0.0003861
VIB/BTC,1608417635684,2020-12-19T22:40:35.684Z,buy,9e-07,429.0,0.0003861
VIB/BTC,1608417635850,2020-12-19T22:40:35.850Z,buy,9e-07,3569.0,0.0032121
VIB/BTC,1608417635856,2020-12-19T22:40:35.856Z,buy,9e-07,2014.0,0.0018126
VIB/BTC,1608417636344,2020-12-19T22:40:36.344Z,buy,9e-07,1472.0,0.0013248
VIB/BTC,1608417638898,2020-12-19T22:40:38.898Z,sell,8.9e-07,429.0,0.00038181
VIB/BTC,1608417651256,2020-12-19T22:40:51.256Z,sell,9e-07,5000.0,0.0045
VIB/BTC,1608417667667,2020-12-19T22:41:07.667Z,sell,9e-07,5000.0,0.0045
VIB/BTC,1608417707725,2020-12-19T22:41:47.725Z,sell,9e-07,2000.0,0.0018
VIB/BTC,1608417735905,2020-12-19T22:42:15.905Z,sell,9e-07,1251.0,0.0011259
VIB/BTC,1608417754295,2020-12-19T22:42:34.295Z,buy,9e-07,333.0,0.0002996999999999
VIB/BTC,1608417769563,2020-12-19T22:42:49.563Z,sell,8.9e-07,448.0,0.00039872
VIB/BTC,1608417772774,2020-12-19T22:42:52.774Z,buy,9.1e-07,580.0,0.0005278
VIB/BTC,1608417813662,2020-12-19T22:43:33.662Z,sell,9e-07,5000.0,0.0045
VIB/BTC,1608417821861,2020-12-19T22:43:41.861Z,sell,9e-07,23919.0,0.0215271
VIB/BTC,1608417829002,2020-12-19T22:43:49.002Z,sell,9e-07,26116.0,0.0235043999999999
VIB/BTC,1608417854767,2020-12-19T22:44:14.767Z,sell,8.9e-07,5233.0,0.00465737
VIB/BTC,1608417867981,2020-12-19T22:44:27.981Z,buy,9e-07,37323.0,0.0335907
VIB/BTC,1608417876959,2020-12-19T22:44:36.959Z,buy,9.1e-07,54975.0,0.0500272499999999
VIB/BTC,1608417947115,2020-12-19T22:45:47.115Z,sell,9e-07,2000.0,0.0018
VIB/BTC,1608417973518,2020-12-19T22:46:13.518Z,sell,9e-07,318.0,0.0002861999999999
VIB/BTC,1608418005048,2020-12-19T22:46:45.048Z,buy,9e-07,112.0,0.0001008
VIB/BTC,1608418061580,2020-12-19T22:47:41.580Z,buy,9e-07,451.0,0.0004059
VIB/BTC,1608418161808,2020-12-19T22:49:21.808Z,sell,8.9e-07,31671.0,0.0281871899999999
VIB/BTC,1608418162013,2020-12-19T22:49:22.013Z,buy,8.9e-07,442.0,0.00039338
VIB/BTC,1608418162253,2020-12-19T22:49:22.253Z,buy,8.9e-07,1575.0,0.00140175
VIB/BTC,1608418162256,2020-12-19T22:49:22.256Z,buy,8.9e-07,991.0,0.0008819899999999
VIB/BTC,1608418162453,2020-12-19T22:49:22.453Z,buy,8.9e-07,138.0,0.00012282
VIB/BTC,1608418196193,2020-12-19T22:49:56.193Z,sell,8.8e-07,59380.0,0.0522544
VIB/BTC,1608418196193,2020-12-19T22:49:56.193Z,sell,8.8e-07,7167.0,0.00630696
VIB/BTC,1608418209029,2020-12-19T22:50:09.029Z,buy,8.9e-07,254.0,0.00022606
VIB/BTC,1608418214290,2020-12-19T22:50:14.290Z,buy,8.9e-07,1460.0,0.0012994
VIB/BTC,1608418230608,2020-12-19T22:50:30.608Z,buy,8.9e-07,2293.0,0.00204077
VIB/BTC,1608418258218,2020-12-19T22:50:58.218Z,buy,8.9e-07,234.0,0.00020826
VIB/BTC,1608418364216,2020-12-19T22:52:44.216Z,sell,8.8e-07,3698.0,0.00325424
VIB/BTC,1608418370818,2020-12-19T22:52:50.818Z,sell,8.8e-07,8638.0,0.00760144
VIB/BTC,1608418371340,2020-12-19T22:52:51.340Z,buy,8.9e-07,587.0,0.0005224299999999
VIB/BTC,1608418374840,2020-12-19T22:52:54.840Z,buy,8.9e-07,2452.0,0.00218228
VIB/BTC,1608418418652,2020-12-19T22:53:38.652Z,buy,8.9e-07,209.0,0.00018601
VIB/BTC,1608418505752,2020-12-19T22:55:05.752Z,buy,8.9e-07,62874.0,0.05595786
VIB/BTC,1608418510821,2020-12-19T22:55:10.821Z,buy,9e-07,53299.0,0.0479691
VIB/BTC,1608418510956,2020-12-19T22:55:10.956Z,buy,9e-07,5921.0,0.0053289
VIB/BTC,1608418605651,2020-12-19T22:56:45.651Z,sell,8.9e-07,2500.0,0.002225
VIB/BTC,1608418830531,2020-12-19T23:00:30.531Z,sell,8.9e-07,9062.0,0.00806518
VIB/BTC,1608418844723,2020-12-19T23:00:44.723Z,sell,8.9e-07,55667.0,0.04954363
VIB/BTC,1608418876409,2020-12-19T23:01:16.409Z,sell,8.8e-07,54355.0,0.0478324
VIB/BTC,1608418942784,2020-12-19T23:02:22.784Z,buy,8.9e-07,12045.0,0.01072005
VIB/BTC,1608418964168,2020-12-19T23:02:44.168Z,sell,8.8e-07,46477.0,0.04089976
VIB/BTC,1608419009744,2020-12-19T23:03:29.744Z,buy,8.9e-07,123.0,0.00010947
VIB/BTC,1608419017628,2020-12-19T23:03:37.628Z,sell,8.8e-07,16940.0,0.0149072
VIB/BTC,1608419108578,2020-12-19T23:05:08.578Z,buy,8.9e-07,34163.0,0.03040507
VIB/BTC,1608419139328,2020-12-19T23:05:39.328Z,sell,8.9e-07,451.0,0.0004013899999999
VIB/BTC,1608419165767,2020-12-19T23:06:05.767Z,sell,8.9e-07,5233.0,0.00465737
VIB/BTC,1608419435388,2020-12-19T23:10:35.388Z,buy,8.9e-07,354.0,0.00031506
VIB/BTC,1608419454342,2020-12-19T23:10:54.342Z,buy,8.9e-07,333.0,0.00029637
VIB/BTC,1608419459130,2020-12-19T23:10:59.130Z,buy,8.9e-07,333.0,0.00029637
VIB/BTC,1608419465650,2020-12-19T23:11:05.650Z,buy,8.9e-07,333.0,0.00029637
VIB/BTC,1608419469759,2020-12-19T23:11:09.759Z,buy,8.9e-07,333.0,0.00029637
VIB/BTC,1608419474051,2020-12-19T23:11:14.051Z,buy,8.9e-07,333.0,0.00029637
VIB/BTC,1608419579109,2020-12-19T23:12:59.109Z,sell,8.8e-07,222.0,0.00019536
VIB/BTC,1608419591986,2020-12-19T23:13:11.986Z,sell,8.8e-07,225.0,0.000198
VIB/BTC,1608419598204,2020-12-19T23:13:18.204Z,sell,8.8e-07,222.0,0.00019536
VIB/BTC,1608419603409,2020-12-19T23:13:23.409Z,sell,8.8e-07,222.0,0.00019536
VIB/BTC,1608419607111,2020-12-19T23:13:27.111Z,sell,8.8e-07,23688.0,0.02084544
VIB/BTC,1608419608277,2020-12-19T23:13:28.277Z,sell,8.8e-07,222.0,0.00019536
VIB/BTC,1608419610714,2020-12-19T23:13:30.714Z,sell,8.8e-07,2293.0,0.00201784
VIB/BTC,1608419611931,2020-12-19T23:13:31.931Z,sell,8.8e-07,222.0,0.00019536
VIB/BTC,1608419616171,2020-12-19T23:13:36.171Z,sell,8.8e-07,222.0,0.00019536
VIB/BTC,1608419622546,2020-12-19T23:13:42.546Z,sell,8.8e-07,2222.0,0.00195536
VIB/BTC,1608419623909,2020-12-19T23:13:43.909Z,sell,8.8e-07,17766.0,0.01563408
VIB/BTC,1608419626987,2020-12-19T23:13:46.987Z,sell,8.8e-07,222.0,0.00019536
VIB/BTC,1608419632017,2020-12-19T23:13:52.017Z,sell,8.8e-07,2222.0,0.00195536
VIB/BTC,1608419634552,2020-12-19T23:13:54.552Z,buy,8.9e-07,457.0,0.00040673
VIB/BTC,1608419637519,2020-12-19T23:13:57.519Z,sell,8.8e-07,2222.0,0.00195536
VIB/BTC,1608419642041,2020-12-19T23:14:02.041Z,sell,8.8e-07,2222.0,0.00195536
VIB/BTC,1608419643947,2020-12-19T23:14:03.947Z,sell,8.8e-07,13324.0,0.01172512
VIB/BTC,1608419652897,2020-12-19T23:14:12.897Z,sell,8.8e-07,6000.0,0.00528
VIB/BTC,1608419659462,2020-12-19T23:14:19.462Z,sell,8.8e-07,2222.0,0.00195536
VIB/BTC,1608419664227,2020-12-19T23:14:24.227Z,sell,8.8e-07,2222.0,0.00195536
VIB/BTC,1608419664227,2020-12-19T23:14:24.227Z,sell,8.8e-07,2222.0,0.00195536
VIB/BTC,1608419669425,2020-12-19T23:14:29.425Z,sell,8.8e-07,1111.0,0.00097768
VIB/BTC,1608419679929,2020-12-19T23:14:39.929Z,buy,8.9e-07,41.0,3.649e-05
VIB/BTC,1608419817351,2020-12-19T23:16:57.351Z,buy,8.9e-07,461.0,0.00041029
VIB/BTC,1608419839125,2020-12-19T23:17:19.125Z,buy,8.9e-07,41.0,3.649e-05
VIB/BTC,1608419904102,2020-12-19T23:18:24.102Z,buy,8.9e-07,28443.0,0.02531427
VIB/BTC,1608419969864,2020-12-19T23:19:29.864Z,buy,8.9e-07,39.0,3.471e-05
VIB/BTC,1608419996332,2020-12-19T23:19:56.332Z,buy,8.9e-07,15248.0,0.01357072
VIB/BTC,1608420187409,2020-12-19T23:23:07.409Z,sell,8.8e-07,634.0,0.00055792
VIB/BTC,1608420216801,2020-12-19T23:23:36.801Z,sell,8.8e-07,222.0,0.00019536
VIB/BTC,1608420221001,2020-12-19T23:23:41.001Z,sell,8.8e-07,222.0,0.00019536
VIB/BTC,1608420227402,2020-12-19T23:23:47.402Z,sell,8.8e-07,225.0,0.000198
VIB/BTC,1608420232339,2020-12-19T23:23:52.339Z,sell,8.8e-07,222.0,0.00019536
VIB/BTC,1608420236305,2020-12-19T23:23:56.305Z,sell,8.8e-07,222.0,0.00019536
VIB/BTC,1608420241487,2020-12-19T23:24:01.487Z,sell,8.8e-07,222.0,0.00019536
VIB/BTC,1608420245300,2020-12-19T23:24:05.300Z,sell,8.8e-07,222.0,0.00019536
VIB/BTC,1608420248363,2020-12-19T23:24:08.363Z,sell,8.8e-07,222.0,0.00019536
VIB/BTC,1608420251328,2020-12-19T23:24:11.328Z,sell,8.8e-07,222.0,0.00019536
VIB/BTC,1608420253136,2020-12-19T23:24:13.136Z,sell,8.8e-07,7488.0,0.00658944
VIB/BTC,1608420254454,2020-12-19T23:24:14.454Z,sell,8.8e-07,222.0,0.00019536
VIB/BTC,1608420258890,2020-12-19T23:24:18.890Z,sell,8.8e-07,252.0,0.00022176
VIB/BTC,1608420264176,2020-12-19T23:24:24.176Z,sell,8.8e-07,222.0,0.00019536
VIB/BTC,1608420267871,2020-12-19T23:24:27.871Z,sell,8.8e-07,225.0,0.000198
VIB/BTC,1608420272014,2020-12-19T23:24:32.014Z,sell,8.8e-07,222.0,0.00019536
VIB/BTC,1608420276978,2020-12-19T23:24:36.978Z,sell,8.8e-07,222.0,0.00019536
VIB/BTC,1608420283156,2020-12-19T23:24:43.156Z,sell,8.8e-07,222.0,0.00019536
VIB/BTC,1608420298315,2020-12-19T23:24:58.315Z,sell,8.8e-07,1487.0,0.00130856
VIB/BTC,1608420338535,2020-12-19T23:25:38.535Z,sell,8.8e-07,460.0,0.0004048
VIB/BTC,1608420406123,2020-12-19T23:26:46.123Z,sell,8.8e-07,130394.0,0.11474672
VIB/BTC,1608420703815,2020-12-19T23:31:43.815Z,buy,8.8e-07,144.0,0.00012672
VIB/BTC,1608420723243,2020-12-19T23:32:03.243Z,sell,8.7e-07,9599.0,0.00835113
VIB/BTC,1608420991297,2020-12-19T23:36:31.297Z,buy,8.8e-07,150.0,0.000132
VIB/BTC,1608421033444,2020-12-19T23:37:13.444Z,buy,8.8e-07,1250.0,0.0011
VIB/BTC,1608421254932,2020-12-19T23:40:54.932Z,buy,8.8e-07,415.0,0.0003652
VIB/BTC,1608421258963,2020-12-19T23:40:58.963Z,buy,8.8e-07,228.0,0.00020064
VIB/BTC,1608421606791,2020-12-19T23:46:46.791Z,buy,8.8e-07,208.0,0.00018304
VIB/BTC,1608421620924,2020-12-19T23:47:00.924Z,sell,8.7e-07,42998.0,0.03740826
VIB/BTC,1608421624540,2020-12-19T23:47:04.540Z,sell,8.7e-07,136.0,0.00011832
VIB/BTC,1608421719763,2020-12-19T23:48:39.763Z,sell,8.7e-07,3263.0,0.00283881
VIB/BTC,1608421735161,2020-12-19T23:48:55.161Z,sell,8.7e-07,6233.0,0.00542271
VIB/BTC,1608421900413,2020-12-19T23:51:40.413Z,buy,8.8e-07,3690.0,0.0032472
VIB/BTC,1608422001711,2020-12-19T23:53:21.711Z,buy,8.8e-07,41436.0,0.03646368
VIB/BTC,1608422074411,2020-12-19T23:54:34.411Z,buy,8.8e-07,3752.0,0.00330176
VIB/BTC,1608422098888,2020-12-19T23:54:58.888Z,sell,8.7e-07,1000.0,0.00087
VIB/BTC,1608422110985,2020-12-19T23:55:10.985Z,sell,8.7e-07,4063.0,0.00353481
VIB/BTC,1608422111367,2020-12-19T23:55:11.367Z,sell,8.7e-07,7718.0,0.00671466
VIB/BTC,1608422112836,2020-12-19T23:55:12.836Z,sell,8.7e-07,2383.0,0.00207321
VIB/BTC,1608422500129,2020-12-20T00:01:40.129Z,sell,8.7e-07,1624.0,0.00141288
VIB/BTC,1608422504210,2020-12-20T00:01:44.210Z,buy,8.8e-07,310.0,0.0002728
VIB/BTC,1608422581764,2020-12-20T00:03:01.764Z,buy,8.8e-07,7536.0,0.00663168
VIB/BTC,1608422596223,2020-12-20T00:03:16.223Z,buy,8.8e-07,1473.0,0.00129624
VIB/BTC,1608422619985,2020-12-20T00:03:39.985Z,sell,8.7e-07,20092.0,0.01748004
VIB/BTC,1608422676104,2020-12-20T00:04:36.104Z,sell,8.7e-07,1308.0,0.00113796
VIB/BTC,1608422678265,2020-12-20T00:04:38.265Z,sell,8.7e-07,13237.0,0.01151619
VIB/BTC,1608422873456,2020-12-20T00:07:53.456Z,buy,8.8e-07,84791.0,0.07461608
VIB/BTC,1608422955896,2020-12-20T00:09:15.896Z,sell,8.8e-07,13294.0,0.01169872
VIB/BTC,1608422955896,2020-12-20T00:09:15.896Z,sell,8.8e-07,13294.0,0.01169872
VIB/BTC,1608423269624,2020-12-20T00:14:29.624Z,sell,8.8e-07,1909.0,0.00167992
VIB/BTC,1608423269799,2020-12-20T00:14:29.799Z,sell,8.8e-07,5314.0,0.00467632
VIB/BTC,1608423269807,2020-12-20T00:14:29.807Z,sell,8.8e-07,6316.0,0.00555808
VIB/BTC,1608423269893,2020-12-20T00:14:29.893Z,sell,8.8e-07,1258.0,0.00110704
VIB/BTC,1608423276309,2020-12-20T00:14:36.309Z,sell,8.8e-07,4657.0,0.00409816
VIB/BTC,1608423286780,2020-12-20T00:14:46.780Z,sell,8.8e-07,4192.0,0.00368896
VIB/BTC,1608423316453,2020-12-20T00:15:16.453Z,sell,8.8e-07,8312.0,0.00731456
VIB/BTC,1608423316567,2020-12-20T00:15:16.567Z,sell,8.8e-07,3150.0,0.002772
VIB/BTC,1608423316756,2020-12-20T00:15:16.756Z,sell,8.8e-07,2400.0,0.002112
VIB/BTC,1608423316783,2020-12-20T00:15:16.783Z,sell,8.8e-07,3656.0,0.00321728
VIB/BTC,1608423316819,2020-12-20T00:15:16.819Z,sell,8.8e-07,2856.0,0.00251328
VIB/BTC,1608423320988,2020-12-20T00:15:20.988Z,sell,8.8e-07,965.0,0.0008492
VIB/BTC,1608423506192,2020-12-20T00:18:26.192Z,sell,8.8e-07,1218.0,0.00107184
VIB/BTC,1608423542105,2020-12-20T00:19:02.105Z,buy,8.9e-07,3300.0,0.002937
VIB/BTC,1608423555675,2020-12-20T00:19:15.675Z,buy,8.9e-07,12076.0,0.01074764
VIB/BTC,1608423625384,2020-12-20T00:20:25.384Z,buy,8.9e-07,12076.0,0.01074764
VIB/BTC,1608423625392,2020-12-20T00:20:25.392Z,buy,8.9e-07,12076.0,0.01074764
VIB/BTC,1608423626184,2020-12-20T00:20:26.184Z,buy,8.9e-07,12076.0,0.01074764
VIB/BTC,1608423632750,2020-12-20T00:20:32.750Z,buy,8.9e-07,12076.0,0.01074764
VIB/BTC,1608423681964,2020-12-20T00:21:21.964Z,buy,8.9e-07,1281.0,0.0011400899999999
VIB/BTC,1608423681973,2020-12-20T00:21:21.973Z,sell,8.9e-07,1493.0,0.00132877
VIB/BTC,1608423682004,2020-12-20T00:21:22.004Z,sell,8.9e-07,653.0,0.00058117
VIB/BTC,1608423682970,2020-12-20T00:21:22.970Z,sell,8.9e-07,2112.0,0.00187968
VIB/BTC,1608423686465,2020-12-20T00:21:26.465Z,buy,9e-07,587.0,0.0005283
VIB/BTC,1608423692520,2020-12-20T00:21:32.520Z,sell,8.9e-07,3569.0,0.0031764099999999
VIB/BTC,1608423727508,2020-12-20T00:22:07.508Z,sell,8.9e-07,1023.0,0.0009104699999999
VIB/BTC,1608423827092,2020-12-20T00:23:47.092Z,buy,9e-07,350.0,0.0003149999999999
VIB/BTC,1608423902994,2020-12-20T00:25:02.994Z,sell,8.9e-07,3167.0,0.00281863
VIB/BTC,1608423910023,2020-12-20T00:25:10.023Z,sell,8.9e-07,2849.0,0.0025356099999999
VIB/BTC,1608423914972,2020-12-20T00:25:14.972Z,sell,8.9e-07,2104.0,0.00187256
VIB/BTC,1608423943539,2020-12-20T00:25:43.539Z,sell,8.9e-07,242.0,0.00021538
VIB/BTC,1608423945329,2020-12-20T00:25:45.329Z,sell,8.9e-07,476.0,0.00042364
VIB/BTC,1608423945544,2020-12-20T00:25:45.544Z,sell,8.9e-07,598.0,0.0005322199999999
VIB/BTC,1608424046523,2020-12-20T00:27:26.523Z,sell,8.9e-07,6600.0,0.005874
VIB/BTC,1608424151774,2020-12-20T00:29:11.774Z,sell,8.9e-07,18233.0,0.0162273699999999
VIB/BTC,1608424234379,2020-12-20T00:30:34.379Z,sell,8.9e-07,2644.0,0.00235316
VIB/BTC,1608424362504,2020-12-20T00:32:42.504Z,buy,8.9e-07,13742.0,0.0122303799999999
VIB/BTC,1608424487490,2020-12-20T00:34:47.490Z,sell,8.9e-07,3296.0,0.00293344
VIB/BTC,1608424526298,2020-12-20T00:35:26.298Z,sell,8.9e-07,4292.0,0.00381988
VIB/BTC,1608424533239,2020-12-20T00:35:33.239Z,sell,8.9e-07,3864.0,0.0034389599999999
VIB/BTC,1608424884217,2020-12-20T00:41:24.217Z,buy,9e-07,250.0,0.000225
VIB/BTC,1608424897616,2020-12-20T00:41:37.616Z,sell,8.9e-07,2964.0,0.00263796
VIB/BTC,1608424904354,2020-12-20T00:41:44.354Z,buy,9e-07,16898.0,0.0152082
VIB/BTC,1608425013834,2020-12-20T00:43:33.834Z,buy,9e-07,578.0,0.0005202
VIB/BTC,1608425105448,2020-12-20T00:45:05.448Z,sell,8.9e-07,22926.0,0.0204041399999999
VIB/BTC,1608425105448,2020-12-20T00:45:05.448Z,sell,8.8e-07,48141.0,0.04236408
VIB/BTC,1608425136946,2020-12-20T00:45:36.946Z,sell,8.8e-07,360.0,0.0003168
VIB/BTC,1608425274299,2020-12-20T00:47:54.299Z,sell,8.8e-07,526.0,0.00046288
VIB/BTC,1608425688510,2020-12-20T00:54:48.510Z,buy,8.9e-07,211.0,0.00018779
VIB/BTC,1608425709090,2020-12-20T00:55:09.090Z,buy,8.9e-07,12321.0,0.01096569
VIB/BTC,1608425713915,2020-12-20T00:55:13.915Z,sell,8.9e-07,13228.0,0.01177292
VIB/BTC,1608426346276,2020-12-20T01:05:46.276Z,sell,8.8e-07,6090.0,0.0053592
VIB/BTC,1608426414642,2020-12-20T01:06:54.642Z,sell,8.8e-07,6091.0,0.00536008
VIB/BTC,1608426414642,2020-12-20T01:06:54.642Z,sell,8.8e-07,6091.0,0.00536008
VIB/BTC,1608426580939,2020-12-20T01:09:40.939Z,sell,8.8e-07,125.0,0.00011
VIB/BTC,1608427487031,2020-12-20T01:24:47.031Z,sell,8.8e-07,31202.0,0.02745776
VIB/BTC,1608427526191,2020-12-20T01:25:26.191Z,sell,8.8e-07,3390.0,0.0029832
VIB/BTC,1608427618535,2020-12-20T01:26:58.535Z,sell,8.8e-07,150394.0,0.13234672
VIB/BTC,1608427957958,2020-12-20T01:32:37.958Z,sell,8.7e-07,36309.0,0.03158883
VIB/BTC,1608428118228,2020-12-20T01:35:18.228Z,buy,8.8e-07,2042.0,0.00179696
VIB/BTC,1608428322020,2020-12-20T01:38:42.020Z,sell,8.7e-07,542.0,0.00047154
VIB/BTC,1608428377127,2020-12-20T01:39:37.127Z,buy,8.8e-07,16478.0,0.01450064
VIB/BTC,1608428415854,2020-12-20T01:40:15.854Z,sell,8.7e-07,22695.0,0.01974465
VIB/BTC,1608428448244,2020-12-20T01:40:48.244Z,buy,8.8e-07,135.0,0.0001188
VIB/BTC,1608428771452,2020-12-20T01:46:11.452Z,sell,8.7e-07,2409.0,0.00209583
VIB/BTC,1608428846498,2020-12-20T01:47:26.498Z,buy,8.8e-07,3984.0,0.00350592
VIB/BTC,1608429121022,2020-12-20T01:52:01.022Z,buy,8.8e-07,681.0,0.00059928
VIB/BTC,1608429345406,2020-12-20T01:55:45.406Z,buy,8.8e-07,160.0,0.0001408
VIB/BTC,1608429964774,2020-12-20T02:06:04.774Z,buy,8.8e-07,13348.0,0.01174624
VIB/BTC,1608429964774,2020-12-20T02:06:04.774Z,buy,8.8e-07,13348.0,0.01174624
VIB/BTC,1608430245190,2020-12-20T02:10:45.190Z,buy,8.8e-07,2091.0,0.00184008
VIB/BTC,1608431391127,2020-12-20T02:29:51.127Z,sell,8.7e-07,713.0,0.00062031
VIB/BTC,1608431423470,2020-12-20T02:30:23.470Z,buy,8.8e-07,1161.0,0.00102168
VIB/BTC,1608432023402,2020-12-20T02:40:23.402Z,buy,8.8e-07,1780.0,0.0015664
VIB/BTC,1608433263161,2020-12-20T03:01:03.161Z,buy,8.8e-07,1647.0,0.00144936
VIB/BTC,1608433558852,2020-12-20T03:05:58.852Z,buy,8.8e-07,1917.0,0.00168696
VIB/BTC,1608433558852,2020-12-20T03:05:58.852Z,buy,8.8e-07,1917.0,0.00168696
VIB/BTC,1608433781742,2020-12-20T03:09:41.742Z,sell,8.7e-07,27501.0,0.02392587
VIB/BTC,1608433861519,2020-12-20T03:11:01.519Z,buy,8.8e-07,1946.0,0.00171248
VIB/BTC,1608433951249,2020-12-20T03:12:31.249Z,buy,8.8e-07,941.0,0.00082808
VIB/BTC,1608434629166,2020-12-20T03:23:49.166Z,sell,8.7e-07,71639.0,0.06232593
VIB/BTC,1608434636677,2020-12-20T03:23:56.677Z,buy,8.8e-07,32.0,2.816e-05
VIB/BTC,1608435093725,2020-12-20T03:31:33.725Z,buy,8.8e-07,2090.0,0.0018392
VIB/BTC,1608435198714,2020-12-20T03:33:18.714Z,buy,8.8e-07,137.0,0.00012056
VIB/BTC,1608435954428,2020-12-20T03:45:54.428Z,sell,8.7e-07,3911.0,0.00340257
VIB/BTC,1608435954438,2020-12-20T03:45:54.438Z,buy,8.7e-07,940.0,0.0008178
VIB/BTC,1608435954444,2020-12-20T03:45:54.444Z,buy,8.7e-07,2829.0,0.00246123
VIB/BTC,1608435954474,2020-12-20T03:45:54.474Z,buy,8.7e-07,6287.0,0.00546969
VIB/BTC,1608436014789,2020-12-20T03:46:54.789Z,sell,8.6e-07,176.0,0.00015136
VIB/BTC,1608436221284,2020-12-20T03:50:21.284Z,buy,8.7e-07,328.0,0.00028536
VIB/BTC,1608436542657,2020-12-20T03:55:42.657Z,buy,8.7e-07,147.0,0.00012789
VIB/BTC,1608436836923,2020-12-20T04:00:36.923Z,sell,8.6e-07,25799.0,0.02218714
VIB/BTC,1608436836923,2020-12-20T04:00:36.923Z,sell,8.6e-07,25799.0,0.02218714
VIB/BTC,1608437634805,2020-12-20T04:13:54.805Z,sell,8.6e-07,55851.0,0.04803186
VIB/BTC,1608437931119,2020-12-20T04:18:51.119Z,sell,8.6e-07,6039.0,0.00519354
VIB/BTC,1608438523929,2020-12-20T04:28:43.929Z,sell,8.6e-07,266.0,0.00022876
VIB/BTC,1608438775266,2020-12-20T04:32:55.266Z,buy,8.7e-07,632.0,0.00054984
VIB/BTC,1608439391285,2020-12-20T04:43:11.285Z,sell,8.6e-07,25169.0,0.02164534
VIB/BTC,1608439403712,2020-12-20T04:43:23.712Z,sell,8.6e-07,25524.0,0.02195064
VIB/BTC,1608439412871,2020-12-20T04:43:32.871Z,sell,8.6e-07,47741.0,0.04105726
VIB/BTC,1608439412884,2020-12-20T04:43:32.884Z,buy,8.6e-07,1431.0,0.00123066
VIB/BTC,1608439412885,2020-12-20T04:43:32.885Z,buy,8.6e-07,5162.0,0.00443932
VIB/BTC,1608439412886,2020-12-20T04:43:32.886Z,buy,8.6e-07,3011.0,0.00258946
VIB/BTC,1608439413098,2020-12-20T04:43:33.098Z,buy,8.6e-07,422.0,0.00036292
VIB/BTC,1608439430257,2020-12-20T04:43:50.257Z,sell,8.5e-07,108826.0,0.0925021
VIB/BTC,1608439430257,2020-12-20T04:43:50.257Z,sell,8.5e-07,4915.0,0.00417775
VIB/BTC,1608439430257,2020-12-20T04:43:50.257Z,sell,8.5e-07,1107.0,0.00094095
VIB/BTC,1608439430257,2020-12-20T04:43:50.257Z,sell,8.5e-07,3908.0,0.0033218
VIB/BTC,1608439575883,2020-12-20T04:46:15.883Z,buy,8.6e-07,118.0,0.00010148
VIB/BTC,1608439691811,2020-12-20T04:48:11.811Z,sell,8.5e-07,6546.0,0.0055641
VIB/BTC,1608439949380,2020-12-20T04:52:29.380Z,sell,8.5e-07,34867.0,0.02963695
VIB/BTC,1608439951066,2020-12-20T04:52:31.066Z,buy,8.6e-07,152.0,0.00013072
VIB/BTC,1608440014720,2020-12-20T04:53:34.720Z,sell,8.5e-07,603.0,0.00051255
VIB/BTC,1608440016202,2020-12-20T04:53:36.202Z,buy,8.5e-07,783.0,0.00066555
VIB/BTC,1608440016923,2020-12-20T04:53:36.923Z,buy,8.5e-07,4782.0,0.0040647
VIB/BTC,1608440016923,2020-12-20T04:53:36.923Z,buy,8.5e-07,4782.0,0.0040647
VIB/BTC,1608440438957,2020-12-20T05:00:38.957Z,buy,8.6e-07,100.0,8.6e-05
VIB/BTC,1608441580362,2020-12-20T05:19:40.362Z,sell,8.5e-07,1539.0,0.00130815
VIB/BTC,1608442476037,2020-12-20T05:34:36.037Z,sell,8.5e-07,102691.0,0.08728735
VIB/BTC,1608442616561,2020-12-20T05:36:56.561Z,buy,8.6e-07,470988.0,0.40504968
VIB/BTC,1608442652906,2020-12-20T05:37:32.906Z,buy,8.6e-07,180040.0,0.1548344
VIB/BTC,1608442652912,2020-12-20T05:37:32.912Z,sell,8.6e-07,20859.0,0.01793874
VIB/BTC,1608442659672,2020-12-20T05:37:39.672Z,buy,8.6e-07,641.0,0.00055126
VIB/BTC,1608442659672,2020-12-20T05:37:39.672Z,buy,8.7e-07,171279.0,0.14901273
VIB/BTC,1608442659685,2020-12-20T05:37:39.685Z,sell,8.7e-07,8968.0,0.00780216
VIB/BTC,1608442709513,2020-12-20T05:38:29.513Z,buy,8.8e-07,2527.0,0.00222376
VIB/BTC,1608442754905,2020-12-20T05:39:14.905Z,sell,8.7e-07,1075.0,0.00093525
VIB/BTC,1608442789764,2020-12-20T05:39:49.764Z,sell,8.6e-07,1425.0,0.0012255
VIB/BTC,1608442924104,2020-12-20T05:42:04.104Z,buy,8.7e-07,154.0,0.00013398
VIB/BTC,1608443215054,2020-12-20T05:46:55.054Z,sell,8.6e-07,25695.0,0.0220977
VIB/BTC,1608443215054,2020-12-20T05:46:55.054Z,sell,8.6e-07,25695.0,0.0220977
VIB/BTC,1608443750240,2020-12-20T05:55:50.240Z,buy,8.7e-07,1107.0,0.00096309
VIB/BTC,1608444980497,2020-12-20T06:16:20.497Z,sell,8.6e-07,588.0,0.00050568
VIB/BTC,1608445506744,2020-12-20T06:25:06.744Z,sell,8.6e-07,10490.0,0.0090214
VIB/BTC,1608446494315,2020-12-20T06:41:34.315Z,sell,8.6e-07,552.0,0.00047472
VIB/BTC,1608446707953,2020-12-20T06:45:07.953Z,sell,8.6e-07,1478.0,0.00127108
VIB/BTC,1608446777668,2020-12-20T06:46:17.668Z,sell,8.6e-07,553.0,0.00047558
VIB/BTC,1608446777668,2020-12-20T06:46:17.668Z,sell,8.6e-07,553.0,0.00047558
VIB/BTC,1608446950523,2020-12-20T06:49:10.523Z,sell,8.6e-07,3391.0,0.00291626
VIB/BTC,1608448953970,2020-12-20T07:22:33.970Z,sell,8.6e-07,473.0,0.00040678
VIB/BTC,1608449058089,2020-12-20T07:24:18.089Z,sell,8.6e-07,18253.0,0.01569758
VIB/BTC,1608449871181,2020-12-20T07:37:51.181Z,sell,8.6e-07,9267.0,0.00796962
VIB/BTC,1608449872731,2020-12-20T07:37:52.731Z,sell,8.6e-07,27794.0,0.02390284
VIB/BTC,1608449995603,2020-12-20T07:39:55.603Z,sell,8.6e-07,2419.0,0.00208034
VIB/BTC,1608450070662,2020-12-20T07:41:10.662Z,sell,8.6e-07,1615.0,0.0013889
VIB/BTC,1608450302097,2020-12-20T07:45:02.097Z,sell,8.6e-07,2869.0,0.00246734
VIB/BTC,1608450302097,2020-12-20T07:45:02.097Z,sell,8.6e-07,2869.0,0.00246734
VIB/BTC,1608450768521,2020-12-20T07:52:48.521Z,buy,8.7e-07,16518.0,0.01437066
VIB/BTC,1608450819888,2020-12-20T07:53:39.888Z,buy,8.7e-07,766.0,0.00066642
VIB/BTC,1608450949600,2020-12-20T07:55:49.600Z,buy,8.7e-07,18520.0,0.0161124
VIB/BTC,1608451025836,2020-12-20T07:57:05.836Z,sell,8.6e-07,884.0,0.00076024
VIB/BTC,1608451089862,2020-12-20T07:58:09.862Z,sell,8.6e-07,19855.0,0.0170753
VIB/BTC,1608451089891,2020-12-20T07:58:09.891Z,buy,8.6e-07,925.0,0.0007955
VIB/BTC,1608451089914,2020-12-20T07:58:09.914Z,buy,8.6e-07,462.0,0.00039732
VIB/BTC,1608451154711,2020-12-20T07:59:14.711Z,buy,8.6e-07,98837.0,0.08499982
VIB/BTC,1608451158379,2020-12-20T07:59:18.379Z,buy,8.6e-07,55936.0,0.04810496
VIB/BTC,1608451159832,2020-12-20T07:59:19.832Z,sell,8.6e-07,1495.0,0.0012857
VIB/BTC,1608451335951,2020-12-20T08:02:15.951Z,sell,8.6e-07,578.0,0.00049708
VIB/BTC,1608451583017,2020-12-20T08:06:23.017Z,sell,8.6e-07,18928.0,0.01627808
VIB/BTC,1608451606270,2020-12-20T08:06:46.270Z,buy,8.7e-07,5159.0,0.00448833
VIB/BTC,1608451620251,2020-12-20T08:07:00.251Z,buy,8.7e-07,13424.0,0.01167888
VIB/BTC,1608451626864,2020-12-20T08:07:06.864Z,buy,8.7e-07,3251.0,0.00282837
VIB/BTC,1608451635364,2020-12-20T08:07:15.364Z,buy,8.7e-07,2126.0,0.00184962
VIB/BTC,1608451635957,2020-12-20T08:07:15.957Z,buy,8.7e-07,988.0,0.00085956
VIB/BTC,1608451824778,2020-12-20T08:10:24.778Z,sell,8.6e-07,9537.0,0.00820182
VIB/BTC,1608451961791,2020-12-20T08:12:41.791Z,sell,8.6e-07,738.0,0.00063468
VIB/BTC,1608451962290,2020-12-20T08:12:42.290Z,sell,8.6e-07,1483.0,0.00127538
VIB/BTC,1608452062511,2020-12-20T08:14:22.511Z,sell,8.6e-07,277.0,0.00023822
VIB/BTC,1608452181082,2020-12-20T08:16:21.082Z,buy,8.7e-07,205551.0,0.17882937
VIB/BTC,1608452182363,2020-12-20T08:16:22.363Z,sell,8.7e-07,4808.0,0.00418296
VIB/BTC,1608452189352,2020-12-20T08:16:29.352Z,sell,8.7e-07,4324.0,0.00376188
VIB/BTC,1608452241530,2020-12-20T08:17:21.530Z,buy,8.8e-07,5326.0,0.00468688
VIB/BTC,1608452284944,2020-12-20T08:18:04.944Z,buy,8.8e-07,314.0,0.00027632
VIB/BTC,1608452320248,2020-12-20T08:18:40.248Z,sell,8.7e-07,58094.0,0.05054178
VIB/BTC,1608452341378,2020-12-20T08:19:01.378Z,buy,8.8e-07,156.0,0.00013728
VIB/BTC,1608452409394,2020-12-20T08:20:09.394Z,buy,8.8e-07,2884.0,0.00253792
VIB/BTC,1608452448807,2020-12-20T08:20:48.807Z,buy,8.8e-07,218.0,0.00019184
VIB/BTC,1608452495323,2020-12-20T08:21:35.323Z,sell,8.7e-07,132.0,0.00011484
VIB/BTC,1608452503815,2020-12-20T08:21:43.815Z,buy,8.8e-07,3142.0,0.00276496
VIB/BTC,1608452553941,2020-12-20T08:22:33.941Z,buy,8.8e-07,10381.0,0.00913528
VIB/BTC,1608452585476,2020-12-20T08:23:05.476Z,buy,8.8e-07,5182.0,0.00456016
VIB/BTC,1608452640574,2020-12-20T08:24:00.574Z,buy,8.8e-07,29508.0,0.02596704
VIB/BTC,1608452651447,2020-12-20T08:24:11.447Z,buy,8.8e-07,20952.0,0.01843776
VIB/BTC,1608452694026,2020-12-20T08:24:54.026Z,buy,8.8e-07,38796.0,0.03414048
VIB/BTC,1608452706404,2020-12-20T08:25:06.404Z,sell,8.7e-07,158.0,0.00013746
VIB/BTC,1608452713509,2020-12-20T08:25:13.509Z,buy,8.8e-07,2135.0,0.0018788
VIB/BTC,1608452879013,2020-12-20T08:27:59.013Z,buy,8.8e-07,3806.0,0.00334928
VIB/BTC,1608452982394,2020-12-20T08:29:42.394Z,buy,8.8e-07,273.0,0.00024024
VIB/BTC,1608453196027,2020-12-20T08:33:16.027Z,buy,8.8e-07,96494.0,0.08491472
VIB/BTC,1608453213240,2020-12-20T08:33:33.240Z,buy,8.8e-07,5676.0,0.00499488
VIB/BTC,1608453266908,2020-12-20T08:34:26.908Z,buy,8.8e-07,1018.0,0.00089584
VIB/BTC,1608453286427,2020-12-20T08:34:46.427Z,buy,8.8e-07,135.0,0.0001188
VIB/BTC,1608453317979,2020-12-20T08:35:17.979Z,buy,8.8e-07,194.0,0.00017072
VIB/BTC,1608453365753,2020-12-20T08:36:05.753Z,sell,8.7e-07,1018.0,0.00088566
VIB/BTC,1608453411952,2020-12-20T08:36:51.952Z,buy,8.8e-07,10765.0,0.0094732
VIB/BTC,1608453759191,2020-12-20T08:42:39.191Z,buy,8.8e-07,395683.0,0.34820104
VIB/BTC,1608453759201,2020-12-20T08:42:39.201Z,sell,8.8e-07,16594.0,0.01460272
VIB/BTC,1608453759201,2020-12-20T08:42:39.201Z,sell,8.8e-07,14499.0,0.01275912
VIB/BTC,1608453759203,2020-12-20T08:42:39.203Z,sell,8.8e-07,14499.0,0.01275912
VIB/BTC,1608453759207,2020-12-20T08:42:39.207Z,sell,8.8e-07,4233.0,0.00372504
VIB/BTC,1608453759284,2020-12-20T08:42:39.284Z,buy,8.8e-07,498.0,0.00043824
VIB/BTC,1608453766029,2020-12-20T08:42:46.029Z,buy,8.8e-07,72847.0,0.06410536
VIB/BTC,1608453773368,2020-12-20T08:42:53.368Z,buy,8.8e-07,71641.0,0.06304408
VIB/BTC,1608453774875,2020-12-20T08:42:54.875Z,buy,8.8e-07,65994.0,0.05807472
VIB/BTC,1608453776764,2020-12-20T08:42:56.764Z,buy,8.8e-07,75170.0,0.0661496
VIB/BTC,1608453778861,2020-12-20T08:42:58.861Z,buy,8.8e-07,63524.0,0.05590112
VIB/BTC,1608453780474,2020-12-20T08:43:00.474Z,buy,8.8e-07,70229.0,0.06180152
VIB/BTC,1608453786053,2020-12-20T08:43:06.053Z,buy,8.8e-07,68465.0,0.0602492
VIB/BTC,1608453787964,2020-12-20T08:43:07.964Z,buy,8.8e-07,75170.0,0.0661496
VIB/BTC,1608453789208,2020-12-20T08:43:09.208Z,buy,8.8e-07,61759.0,0.05434792
VIB/BTC,1608453790744,2020-12-20T08:43:10.744Z,buy,8.8e-07,68818.0,0.06055984
VIB/BTC,1608453794810,2020-12-20T08:43:14.810Z,buy,8.8e-07,59995.0,0.0527956
VIB/BTC,1608453797059,2020-12-20T08:43:17.059Z,buy,8.8e-07,71288.0,0.06273344
VIB/BTC,1608453799026,2020-12-20T08:43:19.026Z,buy,8.8e-07,68112.0,0.05993856
VIB/BTC,1608453804330,2020-12-20T08:43:24.330Z,buy,8.8e-07,68465.0,0.0602492
VIB/BTC,1608453805794,2020-12-20T08:43:25.794Z,buy,8.8e-07,73053.0,0.06428664
VIB/BTC,1608453807817,2020-12-20T08:43:27.817Z,buy,8.8e-07,38328.0,0.03372864
VIB/BTC,1608453809052,2020-12-20T08:43:29.052Z,buy,8.8e-07,11936.0,0.01050368
VIB/BTC,1608453810904,2020-12-20T08:43:30.904Z,buy,8.8e-07,10653.0,0.00937464
VIB/BTC,1608453814571,2020-12-20T08:43:34.571Z,buy,8.8e-07,9798.0,0.00862224
VIB/BTC,1608453816201,2020-12-20T08:43:36.201Z,buy,8.8e-07,114.0,0.00010032
VIB/BTC,1608453816457,2020-12-20T08:43:36.457Z,buy,8.8e-07,11564.0,0.01017632
VIB/BTC,1608453825130,2020-12-20T08:43:45.130Z,sell,8.7e-07,16084.0,0.01399308
VIB/BTC,1608453831583,2020-12-20T08:43:51.583Z,buy,8.8e-07,25506.0,0.02244528
VIB/BTC,1608453833495,2020-12-20T08:43:53.495Z,buy,8.8e-07,26299.0,0.02314312
VIB/BTC,1608453837768,2020-12-20T08:43:57.768Z,buy,8.8e-07,25109.0,0.02209592
VIB/BTC,1608453839908,2020-12-20T08:43:59.908Z,buy,8.8e-07,28149.0,0.02477112
VIB/BTC,1608453842996,2020-12-20T08:44:02.996Z,buy,8.8e-07,24317.0,0.02139896
VIB/BTC,1608453848315,2020-12-20T08:44:08.315Z,buy,8.8e-07,26035.0,0.0229108
VIB/BTC,1608453850048,2020-12-20T08:44:10.048Z,buy,8.8e-07,23259.0,0.02046792
VIB/BTC,1608453858549,2020-12-20T08:44:18.549Z,buy,8.8e-07,24184.0,0.02128192
VIB/BTC,1608453860451,2020-12-20T08:44:20.451Z,buy,8.8e-07,22863.0,0.02011944
VIB/BTC,1608453861806,2020-12-20T08:44:21.806Z,buy,8.8e-07,28149.0,0.02477112
VIB/BTC,1608453867241,2020-12-20T08:44:27.241Z,buy,8.8e-07,23524.0,0.02070112
VIB/BTC,1608453868692,2020-12-20T08:44:28.692Z,buy,8.8e-07,26827.0,0.02360776
VIB/BTC,1608453870016,2020-12-20T08:44:30.016Z,buy,8.8e-07,24845.0,0.0218636
VIB/BTC,1608453871686,2020-12-20T08:44:31.686Z,buy,8.8e-07,26431.0,0.02325928
VIB/BTC,1608453873256,2020-12-20T08:44:33.256Z,buy,8.8e-07,23788.0,0.02093344
VIB/BTC,1608453873256,2020-12-20T08:44:33.256Z,buy,8.8e-07,23788.0,0.02093344
VIB/BTC,1608453996297,2020-12-20T08:46:36.297Z,buy,8.8e-07,454.0,0.00039952
VIB/BTC,1608454004453,2020-12-20T08:46:44.453Z,buy,8.8e-07,909.0,0.00079992
VIB/BTC,1608454004472,2020-12-20T08:46:44.472Z,buy,8.8e-07,762.0,0.00067056
VIB/BTC,1608454440254,2020-12-20T08:54:00.254Z,sell,8.7e-07,77535.0,0.06745545
VIB/BTC,1608454440265,2020-12-20T08:54:00.265Z,buy,8.7e-07,7860.0,0.0068382
VIB/BTC,1608454440271,2020-12-20T08:54:00.271Z,buy,8.7e-07,915.0,0.00079605
VIB/BTC,1608454442392,2020-12-20T08:54:02.392Z,buy,8.7e-07,108316.0,0.09423492
VIB/BTC,1608454444326,2020-12-20T08:54:04.326Z,buy,8.7e-07,99694.0,0.08673378
VIB/BTC,1608454445613,2020-12-20T08:54:05.613Z,buy,8.7e-07,114783.0,0.09986121
VIB/BTC,1608454447402,2020-12-20T08:54:07.402Z,buy,8.7e-07,108316.0,0.09423492
VIB/BTC,1608454452368,2020-12-20T08:54:12.368Z,buy,8.7e-07,100233.0,0.08720271
VIB/BTC,1608454454522,2020-12-20T08:54:14.522Z,buy,8.7e-07,86285.0,0.07506795
VIB/BTC,1608454455602,2020-12-20T08:54:15.602Z,buy,8.7e-07,76563.0,0.06660981
VIB/BTC,1608454458550,2020-12-20T08:54:18.550Z,buy,8.7e-07,81019.0,0.07048653
VIB/BTC,1608454464611,2020-12-20T08:54:24.611Z,buy,8.7e-07,82639.0,0.07189593
VIB/BTC,1608454483743,2020-12-20T08:54:43.743Z,buy,8.7e-07,215.0,0.00018705
VIB/BTC,1608454507953,2020-12-20T08:55:07.953Z,buy,8.7e-07,115.0,0.00010005
VIB/BTC,1608454704672,2020-12-20T08:58:24.672Z,buy,8.7e-07,70486.0,0.06132282
VIB/BTC,1608454714116,2020-12-20T08:58:34.116Z,buy,8.7e-07,73322.0,0.06379014
VIB/BTC,1608454715921,2020-12-20T08:58:35.921Z,buy,8.7e-07,86615.0,0.07535505
VIB/BTC,1608454718019,2020-12-20T08:58:38.019Z,buy,8.7e-07,78075.0,0.06792525
VIB/BTC,1608454720558,2020-12-20T08:58:40.558Z,buy,8.7e-07,74822.0,0.06509514
VIB/BTC,1608454721850,2020-12-20T08:58:41.850Z,buy,8.7e-07,128455.0,0.11175585
VIB/BTC,1608454781801,2020-12-20T08:59:41.801Z,buy,8.8e-07,115.0,0.0001012
VIB/BTC,1608454795841,2020-12-20T08:59:55.841Z,sell,8.7e-07,221.0,0.00019227
VIB/BTC,1608455014607,2020-12-20T09:03:34.607Z,buy,8.8e-07,165304.0,0.14546752
VIB/BTC,1608455015885,2020-12-20T09:03:35.885Z,buy,8.8e-07,77946.0,0.06859248
VIB/BTC,1608455017218,2020-12-20T09:03:37.218Z,buy,8.8e-07,72100.0,0.063448
VIB/BTC,1608455019993,2020-12-20T09:03:39.993Z,buy,8.8e-07,83013.0,0.07305144
VIB/BTC,1608455024246,2020-12-20T09:03:44.246Z,buy,8.8e-07,77946.0,0.06859248
VIB/BTC,1608455026844,2020-12-20T09:03:46.844Z,buy,8.8e-07,79116.0,0.06962208
VIB/BTC,1608455031743,2020-12-20T09:03:51.743Z,buy,8.8e-07,71321.0,0.06276248
VIB/BTC,1608455033145,2020-12-20T09:03:53.145Z,buy,8.8e-07,75050.0,0.066044
VIB/BTC,1608455034322,2020-12-20T09:03:54.322Z,buy,8.8e-07,38772.0,0.03411936
VIB/BTC,1608455035442,2020-12-20T09:03:55.442Z,buy,8.8e-07,37359.0,0.03287592
VIB/BTC,1608455036820,2020-12-20T09:03:56.820Z,buy,8.8e-07,37965.0,0.0334092
VIB/BTC,1608455038374,2020-12-20T09:03:58.374Z,buy,8.8e-07,35137.0,0.03092056
VIB/BTC,1608455039640,2020-12-20T09:03:59.640Z,buy,8.8e-07,39580.0,0.0348304
VIB/BTC,1608455040891,2020-12-20T09:04:00.891Z,buy,8.8e-07,38368.0,0.03376384
VIB/BTC,1608455042314,2020-12-20T09:04:02.314Z,buy,8.8e-07,40994.0,0.03607472
VIB/BTC,1608455048372,2020-12-20T09:04:08.372Z,sell,8.7e-07,331862.0,0.28871994
VIB/BTC,1608455048384,2020-12-20T09:04:08.384Z,buy,8.7e-07,8356.0,0.00726972
VIB/BTC,1608455051419,2020-12-20T09:04:11.419Z,buy,8.7e-07,127089.0,0.11056743
VIB/BTC,1608455052044,2020-12-20T09:04:12.044Z,sell,8.7e-07,22989.0,0.02000043
VIB/BTC,1608455058175,2020-12-20T09:04:18.175Z,sell,8.7e-07,250734.0,0.21813858
VIB/BTC,1608455061794,2020-12-20T09:04:21.794Z,sell,8.7e-07,234458.0,0.20397846
VIB/BTC,1608455073738,2020-12-20T09:04:33.738Z,buy,8.8e-07,63223.0,0.05563624
VIB/BTC,1608455081130,2020-12-20T09:04:41.130Z,buy,8.8e-07,44136.0,0.03883968
VIB/BTC,1608455251372,2020-12-20T09:07:31.372Z,sell,8.7e-07,38918.0,0.03385866
VIB/BTC,1608455302838,2020-12-20T09:08:22.838Z,buy,8.8e-07,66616.0,0.05862208
VIB/BTC,1608455380354,2020-12-20T09:09:40.354Z,sell,8.7e-07,8320.0,0.0072384
VIB/BTC,1608455398456,2020-12-20T09:09:58.456Z,buy,8.8e-07,98761.0,0.08690968
VIB/BTC,1608455398464,2020-12-20T09:09:58.464Z,sell,8.8e-07,9924.0,0.00873312
VIB/BTC,1608455403783,2020-12-20T09:10:03.783Z,buy,8.8e-07,5321.0,0.00468248
VIB/BTC,1608455403783,2020-12-20T09:10:03.783Z,buy,8.9e-07,41754.0,0.0371610599999999
VIB/BTC,1608455403783,2020-12-20T09:10:03.783Z,buy,9e-07,5714.0,0.0051426
VIB/BTC,1608455403790,2020-12-20T09:10:03.790Z,sell,8.9e-07,21480.0,0.0191171999999999
VIB/BTC,1608455412434,2020-12-20T09:10:12.434Z,sell,8.8e-07,11517.0,0.01013496
VIB/BTC,1608455435446,2020-12-20T09:10:35.446Z,buy,8.8e-07,1709.0,0.00150392
VIB/BTC,1608455440148,2020-12-20T09:10:40.148Z,sell,8.7e-07,265.0,0.00023055
VIB/BTC,1608455552568,2020-12-20T09:12:32.568Z,buy,8.8e-07,117.0,0.00010296
VIB/BTC,1608455571674,2020-12-20T09:12:51.674Z,buy,8.8e-07,602.0,0.00052976
VIB/BTC,1608455626918,2020-12-20T09:13:46.918Z,buy,8.8e-07,14506.0,0.01276528
VIB/BTC,1608456342108,2020-12-20T09:25:42.108Z,buy,8.8e-07,4767.0,0.00419496
VIB/BTC,1608456342108,2020-12-20T09:25:42.108Z,buy,8.9e-07,45233.0,0.04025737
VIB/BTC,1608456342397,2020-12-20T09:25:42.397Z,buy,8.8e-07,10010.0,0.0088088
VIB/BTC,1608456342403,2020-12-20T09:25:42.403Z,buy,8.8e-07,1071.0,0.00094248
VIB/BTC,1608456342531,2020-12-20T09:25:42.531Z,buy,8.8e-07,268.0,0.00023584
VIB/BTC,1608456590515,2020-12-20T09:29:50.515Z,sell,8.8e-07,3758.0,0.00330704
VIB/BTC,1608456740039,2020-12-20T09:32:20.039Z,sell,8.8e-07,14021.0,0.01233848
VIB/BTC,1608457114991,2020-12-20T09:38:34.991Z,sell,8.8e-07,35467.0,0.03121096
VIB/BTC,1608457466497,2020-12-20T09:44:26.497Z,sell,8.8e-07,749.0,0.00065912
VIB/BTC,1608457466497,2020-12-20T09:44:26.497Z,sell,8.8e-07,749.0,0.00065912
VIB/BTC,1608457576064,2020-12-20T09:46:16.064Z,sell,8.8e-07,12884.0,0.01133792
VIB/BTC,1608457608214,2020-12-20T09:46:48.214Z,buy,8.8e-07,117.0,0.00010296
VIB/BTC,1608458107959,2020-12-20T09:55:07.959Z,sell,8.7e-07,2884.0,0.00250908
VIB/BTC,1608458323647,2020-12-20T09:58:43.647Z,sell,8.7e-07,841.0,0.00073167
VIB/BTC,1608458652958,2020-12-20T10:04:12.958Z,buy,8.8e-07,842.0,0.00074096
VIB/BTC,1608458696221,2020-12-20T10:04:56.221Z,sell,8.8e-07,1057.0,0.00093016
VIB/BTC,1608458696243,2020-12-20T10:04:56.243Z,sell,8.8e-07,772.0,0.00067936
VIB/BTC,1608458696254,2020-12-20T10:04:56.254Z,sell,8.8e-07,457.0,0.00040216
VIB/BTC,1608458696280,2020-12-20T10:04:56.280Z,sell,8.8e-07,232.0,0.00020416
VIB/BTC,1608458760623,2020-12-20T10:06:00.623Z,sell,8.7e-07,37968.0,0.03303216
VIB/BTC,1608458802729,2020-12-20T10:06:42.729Z,buy,8.8e-07,43780.0,0.0385264
VIB/BTC,1608458838112,2020-12-20T10:07:18.112Z,buy,8.8e-07,72653.0,0.06393464
VIB/BTC,1608458838123,2020-12-20T10:07:18.123Z,sell,8.8e-07,17049.0,0.01500312
VIB/BTC,1608458850607,2020-12-20T10:07:30.607Z,buy,8.9e-07,616.0,0.00054824
VIB/BTC,1608458928844,2020-12-20T10:08:48.844Z,buy,8.9e-07,595.0,0.0005295499999999
VIB/BTC,1608458984787,2020-12-20T10:09:44.787Z,buy,8.9e-07,58119.0,0.05172591
VIB/BTC,1608458987637,2020-12-20T10:09:47.637Z,buy,8.9e-07,2106.0,0.00187434
VIB/BTC,1608458992045,2020-12-20T10:09:52.045Z,sell,8.9e-07,1331.0,0.00118459
VIB/BTC,1608458992456,2020-12-20T10:09:52.456Z,sell,8.9e-07,1136.0,0.00101104
VIB/BTC,1608459030532,2020-12-20T10:10:30.532Z,buy,9e-07,38947.0,0.0350523
VIB/BTC,1608459032566,2020-12-20T10:10:32.566Z,buy,9.1e-07,3548.0,0.00322868
VIB/BTC,1608459033069,2020-12-20T10:10:33.069Z,sell,9e-07,830.0,0.0007469999999999
VIB/BTC,1608459076973,2020-12-20T10:11:16.973Z,sell,9e-07,2331.0,0.0020978999999999
VIB/BTC,1608459114069,2020-12-20T10:11:54.069Z,buy,9.1e-07,2206.0,0.00200746
VIB/BTC,1608459118596,2020-12-20T10:11:58.596Z,buy,9.1e-07,1348.0,0.00122668
VIB/BTC,1608459121231,2020-12-20T10:12:01.231Z,buy,9.1e-07,449.0,0.0004085899999999
VIB/BTC,1608459150616,2020-12-20T10:12:30.616Z,buy,9.1e-07,582.0,0.00052962
VIB/BTC,1608459232869,2020-12-20T10:13:52.869Z,buy,9.1e-07,12764.0,0.0116152399999999
VIB/BTC,1608459245339,2020-12-20T10:14:05.339Z,buy,9.1e-07,589.0,0.00053599
VIB/BTC,1608459245339,2020-12-20T10:14:05.339Z,buy,9.2e-07,25278.0,0.02325576
VIB/BTC,1608459246571,2020-12-20T10:14:06.571Z,sell,9.1e-07,122.0,0.0001110199999999
VIB/BTC,1608459252027,2020-12-20T10:14:12.027Z,sell,9.1e-07,400.0,0.000364
VIB/BTC,1608459252507,2020-12-20T10:14:12.507Z,sell,9.1e-07,400.0,0.000364
VIB/BTC,1608459253393,2020-12-20T10:14:13.393Z,sell,9.1e-07,400.0,0.000364
VIB/BTC,1608459269637,2020-12-20T10:14:29.637Z,buy,9.2e-07,1204.0,0.00110768
VIB/BTC,1608459309490,2020-12-20T10:15:09.490Z,buy,9.2e-07,37780.0,0.0347576
VIB/BTC,1608459309500,2020-12-20T10:15:09.500Z,sell,9.2e-07,28941.0,0.02662572
VIB/BTC,1608459309504,2020-12-20T10:15:09.504Z,sell,9.2e-07,5351.0,0.00492292
VIB/BTC,1608459322735,2020-12-20T10:15:22.735Z,sell,9.1e-07,242.0,0.00022022
VIB/BTC,1608459356413,2020-12-20T10:15:56.413Z,sell,9.1e-07,1096.0,0.0009973599999999
VIB/BTC,1608459407367,2020-12-20T10:16:47.367Z,sell,9.1e-07,10377.0,0.00944307
VIB/BTC,1608459471248,2020-12-20T10:17:51.248Z,sell,9.1e-07,62451.0,0.05683041
VIB/BTC,1608459471280,2020-12-20T10:17:51.280Z,buy,9.1e-07,248.0,0.00022568
VIB/BTC,1608459484538,2020-12-20T10:18:04.538Z,sell,9e-07,9300.0,0.0083699999999999
VIB/BTC,1608459487820,2020-12-20T10:18:07.820Z,sell,9e-07,1250.0,0.001125
VIB/BTC,1608459523791,2020-12-20T10:18:43.791Z,buy,9.1e-07,205.0,0.0001865499999999
VIB/BTC,1608459823531,2020-12-20T10:23:43.531Z,buy,9.1e-07,200.0,0.000182
VIB/BTC,1608459889275,2020-12-20T10:24:49.275Z,sell,9e-07,123.0,0.0001107
VIB/BTC,1608459922038,2020-12-20T10:25:22.038Z,sell,9e-07,792.0,0.0007128
VIB/BTC,1608460012860,2020-12-20T10:26:52.860Z,sell,9e-07,793.0,0.0007137
VIB/BTC,1608460160130,2020-12-20T10:29:20.130Z,sell,9e-07,43757.0,0.0393813
VIB/BTC,1608460160130,2020-12-20T10:29:20.130Z,sell,8.9e-07,89461.0,0.07962029
VIB/BTC,1608460166572,2020-12-20T10:29:26.572Z,buy,9e-07,40.0,3.6e-05
VIB/BTC,1608460316687,2020-12-20T10:31:56.687Z,buy,9e-07,113.0,0.0001016999999999
VIB/BTC,1608460461616,2020-12-20T10:34:21.616Z,buy,9e-07,13888.0,0.0124992
VIB/BTC,1608460462131,2020-12-20T10:34:22.131Z,buy,9e-07,15320.0,0.013788
VIB/BTC,1608460473200,2020-12-20T10:34:33.200Z,buy,9e-07,5000.0,0.0045
VIB/BTC,1608460537701,2020-12-20T10:35:37.701Z,buy,9e-07,550.0,0.000495
VIB/BTC,1608460721192,2020-12-20T10:38:41.192Z,sell,8.9e-07,14173.0,0.0126139699999999
VIB/BTC,1608460721215,2020-12-20T10:38:41.215Z,buy,8.9e-07,1247.0,0.00110983
VIB/BTC,1608460747946,2020-12-20T10:39:07.946Z,buy,8.9e-07,113.0,0.00010057
VIB/BTC,1608460801010,2020-12-20T10:40:01.010Z,buy,8.9e-07,211.0,0.00018779
VIB/BTC,1608460801010,2020-12-20T10:40:01.010Z,buy,8.9e-07,211.0,0.00018779
VIB/BTC,1608461275230,2020-12-20T10:47:55.230Z,sell,8.8e-07,52892.0,0.04654496
VIB/BTC,1608461276046,2020-12-20T10:47:56.046Z,buy,8.9e-07,136.0,0.0001210399999999
VIB/BTC,1608461279352,2020-12-20T10:47:59.352Z,sell,8.7e-07,27108.0,0.02358396
VIB/BTC,1608461401721,2020-12-20T10:50:01.721Z,buy,8.8e-07,116.0,0.00010208
VIB/BTC,1608461427829,2020-12-20T10:50:27.829Z,buy,8.8e-07,602.0,0.00052976
VIB/BTC,1608461543054,2020-12-20T10:52:23.054Z,sell,8.7e-07,4193.0,0.00364791
VIB/BTC,1608461694553,2020-12-20T10:54:54.553Z,sell,8.7e-07,9359.0,0.00814233
VIB/BTC,1608461931169,2020-12-20T10:58:51.169Z,sell,8.7e-07,17848.0,0.01552776
VIB/BTC,1608461934009,2020-12-20T10:58:54.009Z,sell,8.7e-07,3618.0,0.00314766
VIB/BTC,1608462023189,2020-12-20T11:00:23.189Z,sell,8.7e-07,681.0,0.00059247
VIB/BTC,1608462023189,2020-12-20T11:00:23.189Z,sell,8.7e-07,681.0,0.00059247
VIB/BTC,1608464972784,2020-12-20T11:49:32.784Z,sell,8.7e-07,1204.0,0.00104748
VIB/BTC,1608465529353,2020-12-20T11:58:49.353Z,sell,8.7e-07,37915.0,0.03298605
VIB/BTC,1608465543212,2020-12-20T11:59:03.212Z,buy,8.8e-07,28408.0,0.02499904
VIB/BTC,1608465545154,2020-12-20T11:59:05.154Z,buy,8.8e-07,9039.0,0.00795432
VIB/BTC,1608465545154,2020-12-20T11:59:05.154Z,buy,8.8e-07,9039.0,0.00795432
VIB/BTC,1608466535076,2020-12-20T12:15:35.076Z,buy,8.8e-07,281.0,0.00024728
VIB/BTC,1608467035885,2020-12-20T12:23:55.885Z,sell,8.7e-07,25239.0,0.02195793
VIB/BTC,1608467101989,2020-12-20T12:25:01.989Z,buy,8.8e-07,237.0,0.00020856
VIB/BTC,1608467531530,2020-12-20T12:32:11.530Z,buy,8.7e-07,215.0,0.00018705
VIB/BTC,1608467605000,2020-12-20T12:33:25.000Z,buy,8.7e-07,116.0,0.00010092
VIB/BTC,1608467679818,2020-12-20T12:34:39.818Z,sell,8.6e-07,1080.0,0.0009288
VIB/BTC,1608467837209,2020-12-20T12:37:17.209Z,sell,8.6e-07,29147.0,0.02506642
VIB/BTC,1608467959105,2020-12-20T12:39:19.105Z,sell,8.6e-07,699.0,0.00060114
VIB/BTC,1608468009372,2020-12-20T12:40:09.372Z,sell,8.6e-07,6746.0,0.00580156
VIB/BTC,1608468009391,2020-12-20T12:40:09.391Z,buy,8.6e-07,4625.0,0.0039775
VIB/BTC,1608468021668,2020-12-20T12:40:21.668Z,sell,8.5e-07,96301.0,0.08185585
VIB/BTC,1608468022945,2020-12-20T12:40:22.945Z,sell,8.5e-07,5664.0,0.0048144
VIB/BTC,1608468186428,2020-12-20T12:43:06.428Z,sell,8.5e-07,33401.0,0.02839085
VIB/BTC,1608468428296,2020-12-20T12:47:08.296Z,buy,8.6e-07,775.0,0.0006665
VIB/BTC,1608468429713,2020-12-20T12:47:09.713Z,buy,8.6e-07,1071.0,0.00092106
VIB/BTC,1608468525168,2020-12-20T12:48:45.168Z,buy,8.6e-07,119.0,0.00010234
VIB/BTC,1608468532683,2020-12-20T12:48:52.683Z,sell,8.5e-07,24915.0,0.02117775
VIB/BTC,1608468613415,2020-12-20T12:50:13.415Z,buy,8.6e-07,1474.0,0.00126764
VIB/BTC,1608468694383,2020-12-20T12:51:34.383Z,buy,8.6e-07,5674.0,0.00487964
VIB/BTC,1608468754514,2020-12-20T12:52:34.514Z,buy,8.6e-07,185606.0,0.15962116
VIB/BTC,1608468757004,2020-12-20T12:52:37.004Z,buy,8.7e-07,360.0,0.0003132
VIB/BTC,1608468757287,2020-12-20T12:52:37.287Z,buy,8.7e-07,143498.0,0.12484326
VIB/BTC,1608468757306,2020-12-20T12:52:37.306Z,sell,8.7e-07,360.0,0.0003132
VIB/BTC,1608468760974,2020-12-20T12:52:40.974Z,buy,8.7e-07,8910.0,0.0077517
VIB/BTC,1608468760974,2020-12-20T12:52:40.974Z,buy,8.8e-07,65466.0,0.05761008
VIB/BTC,1608468764878,2020-12-20T12:52:44.878Z,buy,8.9e-07,21489.0,0.01912521
VIB/BTC,1608468764878,2020-12-20T12:52:44.878Z,buy,9e-07,21128.0,0.0190152
VIB/BTC,1608468767345,2020-12-20T12:52:47.345Z,buy,9e-07,1641.0,0.0014769
VIB/BTC,1608468767345,2020-12-20T12:52:47.345Z,buy,9.1e-07,49317.0,0.04487847
VIB/BTC,1608468767362,2020-12-20T12:52:47.362Z,sell,9.1e-07,586.0,0.00053326
VIB/BTC,1608468767386,2020-12-20T12:52:47.386Z,sell,9.1e-07,799.0,0.00072709
VIB/BTC,1608468767391,2020-12-20T12:52:47.391Z,sell,9.1e-07,1292.0,0.0011757199999999
VIB/BTC,1608468767947,2020-12-20T12:52:47.947Z,sell,9.1e-07,121.0,0.00011011
VIB/BTC,1608468770141,2020-12-20T12:52:50.141Z,buy,9.1e-07,7276.0,0.00662116
VIB/BTC,1608468770141,2020-12-20T12:52:50.141Z,buy,9.2e-07,12794.0,0.01177048
VIB/BTC,1608468771125,2020-12-20T12:52:51.125Z,sell,9.1e-07,2586.0,0.00235326
VIB/BTC,1608468773507,2020-12-20T12:52:53.507Z,buy,9.2e-07,8534.0,0.00785128
VIB/BTC,1608468781944,2020-12-20T12:53:01.944Z,buy,9.3e-07,587.0,0.00054591
VIB/BTC,1608468791613,2020-12-20T12:53:11.613Z,sell,9.1e-07,7643.0,0.0069551299999999
VIB/BTC,1608468794927,2020-12-20T12:53:14.927Z,buy,9.2e-07,272.0,0.00025024
VIB/BTC,1608468814931,2020-12-20T12:53:34.931Z,sell,9.1e-07,53756.0,0.0489179599999999
VIB/BTC,1608468817952,2020-12-20T12:53:37.952Z,buy,9.2e-07,31356.0,0.0288475199999999
VIB/BTC,1608468820959,2020-12-20T12:53:40.959Z,buy,9.3e-07,587.0,0.00054591
VIB/BTC,1608468821183,2020-12-20T12:53:41.183Z,buy,9.3e-07,124193.0,0.11549949
VIB/BTC,1608468821194,2020-12-20T12:53:41.194Z,sell,9.3e-07,19626.0,0.01825218
VIB/BTC,1608468821198,2020-12-20T12:53:41.198Z,sell,9.3e-07,1786.0,0.00166098
VIB/BTC,1608468821203,2020-12-20T12:53:41.203Z,sell,9.3e-07,5014.0,0.00466302
VIB/BTC,1608468825251,2020-12-20T12:53:45.251Z,sell,9.3e-07,842.0,0.00078306
VIB/BTC,1608468826107,2020-12-20T12:53:46.107Z,sell,9.3e-07,310.0,0.0002883
VIB/BTC,1608468827856,2020-12-20T12:53:47.856Z,sell,9.3e-07,219.0,0.00020367
VIB/BTC,1608468828765,2020-12-20T12:53:48.765Z,sell,9.3e-07,249.0,0.00023157
VIB/BTC,1608468846647,2020-12-20T12:54:06.647Z,buy,9.4e-07,457.0,0.00042958
VIB/BTC,1608468847485,2020-12-20T12:54:07.485Z,sell,9.3e-07,117.0,0.00010881
VIB/BTC,1608468852988,2020-12-20T12:54:12.988Z,buy,9.4e-07,254.0,0.00023876
VIB/BTC,1608468863642,2020-12-20T12:54:23.642Z,buy,9.4e-07,71207.0,0.06693458
VIB/BTC,1608468865505,2020-12-20T12:54:25.505Z,sell,9.3e-07,2940.0,0.0027342
VIB/BTC,1608468866883,2020-12-20T12:54:26.883Z,sell,9.3e-07,2305.0,0.00214365
VIB/BTC,1608468873547,2020-12-20T12:54:33.547Z,buy,9.5e-07,25844.0,0.0245518
VIB/BTC,1608468876962,2020-12-20T12:54:36.962Z,sell,9.4e-07,360.0,0.0003384
VIB/BTC,1608468878491,2020-12-20T12:54:38.491Z,buy,9.6e-07,457.0,0.00043872
VIB/BTC,1608468896493,2020-12-20T12:54:56.493Z,buy,9.6e-07,101757.0,0.0976867199999999
VIB/BTC,1608468896821,2020-12-20T12:54:56.821Z,sell,9.5e-07,729.0,0.00069255
VIB/BTC,1608468896822,2020-12-20T12:54:56.822Z,sell,9.5e-07,1251.0,0.00118845
VIB/BTC,1608468897727,2020-12-20T12:54:57.727Z,sell,9.5e-07,121.0,0.00011495
VIB/BTC,1608468897980,2020-12-20T12:54:57.980Z,sell,9.5e-07,2058.0,0.0019551
VIB/BTC,1608468900972,2020-12-20T12:55:00.972Z,sell,9.5e-07,118.0,0.0001121
VIB/BTC,1608468901247,2020-12-20T12:55:01.247Z,sell,9.5e-07,115.0,0.00010925
VIB/BTC,1608468905795,2020-12-20T12:55:05.795Z,buy,9.6e-07,18806.0,0.01805376
VIB/BTC,1608468910738,2020-12-20T12:55:10.738Z,buy,9.6e-07,33661.0,0.03231456
VIB/BTC,1608468912853,2020-12-20T12:55:12.853Z,sell,9.5e-07,1148.0,0.0010906
VIB/BTC,1608468916159,2020-12-20T12:55:16.159Z,buy,9.6e-07,105.0,0.0001008
VIB/BTC,1608468916244,2020-12-20T12:55:16.244Z,sell,9.6e-07,2114.0,0.00202944
VIB/BTC,1608468916309,2020-12-20T12:55:16.309Z,buy,9.7e-07,1801.0,0.00174697
VIB/BTC,1608468931985,2020-12-20T12:55:31.985Z,buy,9.7e-07,36727.0,0.03562519
VIB/BTC,1608468935173,2020-12-20T12:55:35.173Z,sell,9.7e-07,1001.0,0.00097097
VIB/BTC,1608468947417,2020-12-20T12:55:47.417Z,sell,9.7e-07,3522.0,0.00341634
VIB/BTC,1608468947544,2020-12-20T12:55:47.544Z,sell,9.7e-07,1165.0,0.00113005
VIB/BTC,1608468956640,2020-12-20T12:55:56.640Z,sell,9.7e-07,5240.0,0.0050828
VIB/BTC,1608468958914,2020-12-20T12:55:58.914Z,sell,9.7e-07,8721.0,0.00845937
VIB/BTC,1608468967863,2020-12-20T12:56:07.863Z,sell,9.6e-07,113.0,0.0001084799999999
VIB/BTC,1608468974164,2020-12-20T12:56:14.164Z,sell,9.6e-07,2216.0,0.00212736
VIB/BTC,1608468981212,2020-12-20T12:56:21.212Z,sell,9.6e-07,112.0,0.0001075199999999
VIB/BTC,1608468995286,2020-12-20T12:56:35.286Z,sell,9.5e-07,24915.0,0.02366925
VIB/BTC,1608469001712,2020-12-20T12:56:41.712Z,sell,9.5e-07,33627.0,0.03194565
VIB/BTC,1608469022316,2020-12-20T12:57:02.316Z,sell,9.5e-07,120.0,0.000114
VIB/BTC,1608469029214,2020-12-20T12:57:09.214Z,sell,9.5e-07,400.0,0.00038
VIB/BTC,1608469029689,2020-12-20T12:57:09.689Z,sell,9.5e-07,400.0,0.00038
VIB/BTC,1608469030168,2020-12-20T12:57:10.168Z,sell,9.5e-07,400.0,0.00038
VIB/BTC,1608469030647,2020-12-20T12:57:10.647Z,sell,9.5e-07,400.0,0.00038
VIB/BTC,1608469031127,2020-12-20T12:57:11.127Z,sell,9.5e-07,400.0,0.00038
VIB/BTC,1608469031606,2020-12-20T12:57:11.606Z,sell,9.5e-07,400.0,0.00038
VIB/BTC,1608469058456,2020-12-20T12:57:38.456Z,sell,9.5e-07,19629.0,0.01864755
VIB/BTC,1608469082590,2020-12-20T12:58:02.590Z,sell,9.5e-07,19533.0,0.01855635
VIB/BTC,1608469082874,2020-12-20T12:58:02.874Z,sell,9.5e-07,112.0,0.0001064
VIB/BTC,1608469085117,2020-12-20T12:58:05.117Z,sell,9.5e-07,1408.0,0.0013376
VIB/BTC,1608469091123,2020-12-20T12:58:11.123Z,buy,9.5e-07,3507.0,0.00333165
VIB/BTC,1608469094161,2020-12-20T12:58:14.161Z,buy,9.5e-07,2106.0,0.0020007
VIB/BTC,1608469114216,2020-12-20T12:58:34.216Z,sell,9.4e-07,272.0,0.00025568
VIB/BTC,1608469114216,2020-12-20T12:58:34.216Z,sell,9.4e-07,272.0,0.00025568
VIB/BTC,1608469159114,2020-12-20T12:59:19.114Z,buy,9.5e-07,229.0,0.00021755
VIB/BTC,1608469288062,2020-12-20T13:01:28.062Z,sell,9.4e-07,3503.0,0.00329282
VIB/BTC,1608469383373,2020-12-20T13:03:03.373Z,sell,9.4e-07,30867.0,0.02901498
VIB/BTC,1608469383407,2020-12-20T13:03:03.407Z,buy,9.4e-07,1549.0,0.00145606
VIB/BTC,1608469383432,2020-12-20T13:03:03.432Z,buy,9.4e-07,1369.0,0.00128686
VIB/BTC,1608469383459,2020-12-20T13:03:03.459Z,buy,9.4e-07,1159.0,0.00108946
VIB/BTC,1608469404864,2020-12-20T13:03:24.864Z,buy,9.5e-07,69630.0,0.0661485
VIB/BTC,1608469405269,2020-12-20T13:03:25.269Z,sell,9.5e-07,2477.0,0.00235315
VIB/BTC,1608469407280,2020-12-20T13:03:27.280Z,sell,9.5e-07,3238.0,0.0030761
VIB/BTC,1608469443166,2020-12-20T13:04:03.166Z,buy,9.5e-07,1103.0,0.00104785
VIB/BTC,1608469443166,2020-12-20T13:04:03.166Z,buy,9.6e-07,3697.0,0.00354912
VIB/BTC,1608469452612,2020-12-20T13:04:12.612Z,sell,9.5e-07,1000.0,0.00095
VIB/BTC,1608469455585,2020-12-20T13:04:15.585Z,buy,9.6e-07,261.0,0.00025056
VIB/BTC,1608469464362,2020-12-20T13:04:24.362Z,sell,9.5e-07,1425.0,0.00135375
VIB/BTC,1608469486201,2020-12-20T13:04:46.201Z,sell,9.5e-07,10000.0,0.0095
VIB/BTC,1608469489768,2020-12-20T13:04:49.768Z,buy,9.6e-07,10310.0,0.0098976
VIB/BTC,1608469493511,2020-12-20T13:04:53.511Z,sell,9.6e-07,227.0,0.0002179199999999
VIB/BTC,1608469493511,2020-12-20T13:04:53.511Z,sell,9.5e-07,14729.0,0.01399255
VIB/BTC,1608469503515,2020-12-20T13:05:03.515Z,buy,9.5e-07,1709.0,0.00162355
VIB/BTC,1608469524797,2020-12-20T13:05:24.797Z,buy,9.5e-07,823.0,0.00078185
VIB/BTC,1608469579256,2020-12-20T13:06:19.256Z,buy,9.5e-07,41267.0,0.03920365
VIB/BTC,1608469579256,2020-12-20T13:06:19.256Z,buy,9.6e-07,14589.0,0.01400544
VIB/BTC,1608469579256,2020-12-20T13:06:19.256Z,buy,9.7e-07,10556.0,0.01023932
VIB/BTC,1608469579256,2020-12-20T13:06:19.256Z,buy,9.8e-07,21230.0,0.0208053999999999
VIB/BTC,1608469579265,2020-12-20T13:06:19.265Z,sell,9.8e-07,20254.0,0.01984892
VIB/BTC,1608469579268,2020-12-20T13:06:19.268Z,sell,9.8e-07,20254.0,0.01984892
VIB/BTC,1608469579273,2020-12-20T13:06:19.273Z,sell,9.8e-07,1248.0,0.0012230399999999
VIB/BTC,1608469579277,2020-12-20T13:06:19.277Z,sell,9.8e-07,8988.0,0.00880824
VIB/BTC,1608469579283,2020-12-20T13:06:19.283Z,buy,9.9e-07,5141.0,0.00508959
VIB/BTC,1608469579286,2020-12-20T13:06:19.286Z,buy,9.9e-07,12348.0,0.01222452
VIB/BTC,1608469579995,2020-12-20T13:06:19.995Z,sell,9.8e-07,399.0,0.0003910199999999
VIB/BTC,1608469580537,2020-12-20T13:06:20.537Z,sell,9.8e-07,1037.0,0.00101626
VIB/BTC,1608469581193,2020-12-20T13:06:21.193Z,sell,9.8e-07,399.0,0.0003910199999999
VIB/BTC,1608469581757,2020-12-20T13:06:21.757Z,sell,9.8e-07,399.0,0.0003910199999999
VIB/BTC,1608469582155,2020-12-20T13:06:22.155Z,sell,9.8e-07,400.0,0.000392
VIB/BTC,1608469582614,2020-12-20T13:06:22.614Z,sell,9.8e-07,1458.0,0.0014288399999999
VIB/BTC,1608469584261,2020-12-20T13:06:24.261Z,sell,9.8e-07,75849.0,0.07433202
VIB/BTC,1608469584698,2020-12-20T13:06:24.698Z,sell,9.8e-07,1360.0,0.0013327999999999
VIB/BTC,1608469584959,2020-12-20T13:06:24.959Z,sell,9.7e-07,400.0,0.000388
VIB/BTC,1608469585773,2020-12-20T13:06:25.773Z,sell,9.7e-07,400.0,0.000388
VIB/BTC,1608469586248,2020-12-20T13:06:26.248Z,sell,9.7e-07,400.0,0.000388
VIB/BTC,1608469594782,2020-12-20T13:06:34.782Z,sell,9.7e-07,147.0,0.00014259
VIB/BTC,1608469596178,2020-12-20T13:06:36.178Z,sell,9.6e-07,2829.0,0.0027158399999999
VIB/BTC,1608469598175,2020-12-20T13:06:38.175Z,buy,9.7e-07,1358.0,0.00131726
VIB/BTC,1608469610896,2020-12-20T13:06:50.896Z,buy,9.8e-07,1010.0,0.0009897999999999
VIB/BTC,1608469620260,2020-12-20T13:07:00.260Z,sell,9.7e-07,5226.0,0.00506922
VIB/BTC,1608469636305,2020-12-20T13:07:16.305Z,sell,9.7e-07,851.0,0.00082547
VIB/BTC,1608469637052,2020-12-20T13:07:17.052Z,buy,9.7e-07,1649.0,0.00159953
VIB/BTC,1608469639372,2020-12-20T13:07:19.372Z,buy,9.7e-07,5213.0,0.00505661
VIB/BTC,1608469649400,2020-12-20T13:07:29.400Z,sell,9.6e-07,2000.0,0.0019199999999999
VIB/BTC,1608469666551,2020-12-20T13:07:46.551Z,sell,9.6e-07,8561.0,0.00821856
VIB/BTC,1608469684141,2020-12-20T13:08:04.141Z,buy,9.7e-07,10087.0,0.00978439
VIB/BTC,1608469684141,2020-12-20T13:08:04.141Z,buy,9.8e-07,220.0,0.0002155999999999
VIB/BTC,1608469692841,2020-12-20T13:08:12.841Z,sell,9.7e-07,8411.0,0.00815867
VIB/BTC,1608469696320,2020-12-20T13:08:16.320Z,sell,9.7e-07,514.0,0.00049858
VIB/BTC,1608469700196,2020-12-20T13:08:20.196Z,sell,9.7e-07,44626.0,0.04328722
VIB/BTC,1608469737824,2020-12-20T13:08:57.824Z,sell,9.6e-07,44576.0,0.04279296
VIB/BTC,1608469758607,2020-12-20T13:09:18.607Z,sell,9.5e-07,18199.0,0.01728905
VIB/BTC,1608469758607,2020-12-20T13:09:18.607Z,sell,9.4e-07,75528.0,0.07099632
VIB/BTC,1608469758621,2020-12-20T13:09:18.621Z,buy,9.4e-07,2951.0,0.00277394
VIB/BTC,1608469758645,2020-12-20T13:09:18.645Z,buy,9.4e-07,1032.0,0.00097008
VIB/BTC,1608469758681,2020-12-20T13:09:18.681Z,buy,9.4e-07,812.0,0.00076328
VIB/BTC,1608469759722,2020-12-20T13:09:19.722Z,buy,9.4e-07,1041.0,0.00097854
VIB/BTC,1608469761284,2020-12-20T13:09:21.284Z,buy,9.4e-07,1249.0,0.00117406
VIB/BTC,1608469775251,2020-12-20T13:09:35.251Z,sell,9.3e-07,20531.0,0.01909383
VIB/BTC,1608469775368,2020-12-20T13:09:35.368Z,buy,9.3e-07,806.0,0.00074958
VIB/BTC,1608469775369,2020-12-20T13:09:35.369Z,buy,9.3e-07,556.0,0.00051708
VIB/BTC,1608469775396,2020-12-20T13:09:35.396Z,buy,9.3e-07,2083.0,0.0019371899999999
VIB/BTC,1608469776421,2020-12-20T13:09:36.421Z,buy,9.3e-07,126.0,0.00011718
VIB/BTC,1608469807426,2020-12-20T13:10:07.426Z,sell,9.2e-07,2551.0,0.0023469199999999
VIB/BTC,1608469810372,2020-12-20T13:10:10.372Z,sell,9.2e-07,10808.0,0.00994336
VIB/BTC,1608469810381,2020-12-20T13:10:10.381Z,sell,9.2e-07,867.0,0.00079764
VIB/BTC,1608469810381,2020-12-20T13:10:10.381Z,sell,9.1e-07,4261.0,0.00387751
VIB/BTC,1608469818695,2020-12-20T13:10:18.695Z,sell,9.1e-07,2898.0,0.00263718
VIB/BTC,1608469836554,2020-12-20T13:10:36.554Z,sell,9.1e-07,2527.0,0.00229957
VIB/BTC,1608469848474,2020-12-20T13:10:48.474Z,buy,9.2e-07,3163.0,0.00290996
VIB/BTC,1608469848482,2020-12-20T13:10:48.482Z,sell,9.2e-07,2501.0,0.00230092
VIB/BTC,1608469848487,2020-12-20T13:10:48.487Z,sell,9.2e-07,1404.0,0.00129168
VIB/BTC,1608469855700,2020-12-20T13:10:55.700Z,sell,9.1e-07,11218.0,0.01020838
VIB/BTC,1608469855700,2020-12-20T13:10:55.700Z,sell,9e-07,27469.0,0.0247221
VIB/BTC,1608469858507,2020-12-20T13:10:58.507Z,sell,9e-07,526.0,0.0004733999999999
VIB/BTC,1608469864400,2020-12-20T13:11:04.400Z,buy,9.1e-07,400.0,0.000364
VIB/BTC,1608469864664,2020-12-20T13:11:04.664Z,buy,9.1e-07,110.0,0.0001001
VIB/BTC,1608469864859,2020-12-20T13:11:04.859Z,buy,9.1e-07,400.0,0.000364
VIB/BTC,1608469884669,2020-12-20T13:11:24.669Z,sell,9e-07,728.0,0.0006552
VIB/BTC,1608469884669,2020-12-20T13:11:24.669Z,sell,9e-07,728.0,0.0006552
VIB/BTC,1608469884669,2020-12-20T13:11:24.669Z,sell,9e-07,246.0,0.0002214
VIB/BTC,1608469885343,2020-12-20T13:11:25.343Z,buy,9.1e-07,1157.0,0.00105287
VIB/BTC,1608469887227,2020-12-20T13:11:27.227Z,buy,9.1e-07,6869.0,0.00625079
VIB/BTC,1608469921120,2020-12-20T13:12:01.120Z,buy,9.1e-07,40909.0,0.03722719
VIB/BTC,1608470009394,2020-12-20T13:13:29.394Z,sell,9e-07,2437.0,0.0021933
VIB/BTC,1608470009410,2020-12-20T13:13:29.410Z,sell,9e-07,8097.0,0.0072873
VIB/BTC,1608470009421,2020-12-20T13:13:29.421Z,sell,9e-07,8093.0,0.0072837
VIB/BTC,1608470009436,2020-12-20T13:13:29.436Z,sell,9e-07,8094.0,0.0072846
VIB/BTC,1608470009457,2020-12-20T13:13:29.457Z,sell,9e-07,8093.0,0.0072837
VIB/BTC,1608470009474,2020-12-20T13:13:29.474Z,sell,9e-07,8093.0,0.0072837
VIB/BTC,1608470009492,2020-12-20T13:13:29.492Z,sell,9e-07,8094.0,0.0072846
VIB/BTC,1608470009505,2020-12-20T13:13:29.505Z,sell,9e-07,3405.0,0.0030645
VIB/BTC,1608470022230,2020-12-20T13:13:42.230Z,buy,9.1e-07,13122.0,0.01194102
VIB/BTC,1608470113126,2020-12-20T13:15:13.126Z,buy,9.1e-07,5402.0,0.0049158199999999
VIB/BTC,1608470113126,2020-12-20T13:15:13.126Z,buy,9.2e-07,45415.0,0.0417818
VIB/BTC,1608470125754,2020-12-20T13:15:25.754Z,sell,9.1e-07,5880.0,0.0053508
VIB/BTC,1608470152417,2020-12-20T13:15:52.417Z,buy,9.2e-07,1080.0,0.0009936
VIB/BTC,1608470226821,2020-12-20T13:17:06.821Z,buy,9.2e-07,6323.0,0.00581716
VIB/BTC,1608470226821,2020-12-20T13:17:06.821Z,buy,9.3e-07,16718.0,0.0155477399999999
VIB/BTC,1608470227178,2020-12-20T13:17:07.178Z,buy,9.2e-07,4741.0,0.0043617199999999
VIB/BTC,1608470227190,2020-12-20T13:17:07.190Z,sell,9.2e-07,5296.0,0.00487232
VIB/BTC,1608470311091,2020-12-20T13:18:31.091Z,buy,9.3e-07,14295.0,0.01329435
VIB/BTC,1608470311102,2020-12-20T13:18:31.102Z,sell,9.3e-07,1722.0,0.00160146
VIB/BTC,1608470311127,2020-12-20T13:18:31.127Z,sell,9.3e-07,3380.0,0.0031433999999999
VIB/BTC,1608470365085,2020-12-20T13:19:25.085Z,buy,9.4e-07,2815.0,0.0026461
VIB/BTC,1608470394036,2020-12-20T13:19:54.036Z,buy,9.4e-07,19339.0,0.01817866
VIB/BTC,1608470394118,2020-12-20T13:19:54.118Z,sell,9.4e-07,1889.0,0.00177566
VIB/BTC,1608470394122,2020-12-20T13:19:54.122Z,sell,9.4e-07,4788.0,0.00450072
VIB/BTC,1608470394131,2020-12-20T13:19:54.131Z,sell,9.4e-07,677.0,0.00063638
VIB/BTC,1608470394182,2020-12-20T13:19:54.182Z,sell,9.4e-07,1647.0,0.00154818
VIB/BTC,1608470395971,2020-12-20T13:19:55.971Z,sell,9.4e-07,3537.0,0.00332478
VIB/BTC,1608470399615,2020-12-20T13:19:59.615Z,buy,9.5e-07,13138.0,0.0124811
VIB/BTC,1608470400818,2020-12-20T13:20:00.818Z,buy,9.5e-07,19962.0,0.0189639
VIB/BTC,1608470401112,2020-12-20T13:20:01.112Z,sell,9.5e-07,110.0,0.0001045
VIB/BTC,1608470404569,2020-12-20T13:20:04.569Z,sell,9.5e-07,1453.0,0.00138035
VIB/BTC,1608470414478,2020-12-20T13:20:14.478Z,sell,9.5e-07,6862.0,0.0065189
VIB/BTC,1608470414970,2020-12-20T13:20:14.970Z,sell,9.5e-07,925.0,0.00087875
VIB/BTC,1608470420907,2020-12-20T13:20:20.907Z,buy,9.5e-07,12693.0,0.01205835
VIB/BTC,1608470440714,2020-12-20T13:20:40.714Z,buy,9.5e-07,4426.0,0.0042047
VIB/BTC,1608470445295,2020-12-20T13:20:45.295Z,sell,9.5e-07,15681.0,0.01489695
VIB/BTC,1608470469847,2020-12-20T13:21:09.847Z,sell,9.5e-07,1595.0,0.00151525
VIB/BTC,1608470476307,2020-12-20T13:21:16.307Z,sell,9.5e-07,791.0,0.00075145
VIB/BTC,1608470492775,2020-12-20T13:21:32.775Z,buy,9.5e-07,210.0,0.0001995
VIB/BTC,1608470495543,2020-12-20T13:21:35.543Z,sell,9.4e-07,10000.0,0.0094
VIB/BTC,1608470531470,2020-12-20T13:22:11.470Z,sell,9.4e-07,9527.0,0.00895538
VIB/BTC,1608470531470,2020-12-20T13:22:11.470Z,sell,9.3e-07,3581.0,0.00333033
VIB/BTC,1608470809026,2020-12-20T13:26:49.026Z,sell,9.4e-07,49887.0,0.04689378
VIB/BTC,1608470809586,2020-12-20T13:26:49.586Z,sell,9.4e-07,1000.0,0.00094
VIB/BTC,1608470831476,2020-12-20T13:27:11.476Z,sell,9.4e-07,347.0,0.00032618
VIB/BTC,1608470906234,2020-12-20T13:28:26.234Z,sell,9.4e-07,32502.0,0.03055188
VIB/BTC,1608470944652,2020-12-20T13:29:04.652Z,sell,9.4e-07,1244.0,0.00116936
VIB/BTC,1608471059223,2020-12-20T13:30:59.223Z,sell,9.4e-07,22541.0,0.02118854
VIB/BTC,1608471085830,2020-12-20T13:31:25.830Z,buy,9.4e-07,203.0,0.00019082
VIB/BTC,1608471092048,2020-12-20T13:31:32.048Z,sell,9.3e-07,17140.0,0.0159401999999999
VIB/BTC,1608471197515,2020-12-20T13:33:17.515Z,sell,9.3e-07,50766.0,0.04721238
VIB/BTC,1608471207082,2020-12-20T13:33:27.082Z,sell,9.3e-07,9706.0,0.00902658
VIB/BTC,1608471337477,2020-12-20T13:35:37.477Z,sell,9.3e-07,3811.0,0.0035442299999999
VIB/BTC,1608471391106,2020-12-20T13:36:31.106Z,buy,9.3e-07,323.0,0.00030039
VIB/BTC,1608471557452,2020-12-20T13:39:17.452Z,sell,9.2e-07,2357.0,0.0021684399999999
VIB/BTC,1608471559893,2020-12-20T13:39:19.893Z,buy,9.3e-07,191207.0,0.17782251
VIB/BTC,1608471658686,2020-12-20T13:40:58.686Z,buy,9.3e-07,635.0,0.00059055
VIB/BTC,1608471696866,2020-12-20T13:41:36.866Z,buy,9.3e-07,40.0,3.72e-05
VIB/BTC,1608471849001,2020-12-20T13:44:09.001Z,buy,9.3e-07,114.0,0.00010602
VIB/BTC,1608472202657,2020-12-20T13:50:02.657Z,buy,9.3e-07,62722.0,0.05833146
VIB/BTC,1608472258285,2020-12-20T13:50:58.285Z,sell,9.3e-07,134.0,0.00012462
VIB/BTC,1608472645452,2020-12-20T13:57:25.452Z,buy,9.4e-07,19134.0,0.01798596
VIB/BTC,1608472645466,2020-12-20T13:57:25.466Z,sell,9.4e-07,780.0,0.0007332
VIB/BTC,1608472645490,2020-12-20T13:57:25.490Z,sell,9.4e-07,779.0,0.00073226
VIB/BTC,1608472645535,2020-12-20T13:57:25.535Z,sell,9.4e-07,1597.0,0.00150118
VIB/BTC,1608472655956,2020-12-20T13:57:35.956Z,buy,9.5e-07,179.0,0.00017005
VIB/BTC,1608472659521,2020-12-20T13:57:39.521Z,buy,9.5e-07,557.0,0.00052915
VIB/BTC,1608472670514,2020-12-20T13:57:50.514Z,sell,9.4e-07,432.0,0.00040608
VIB/BTC,1608472670514,2020-12-20T13:57:50.514Z,sell,9.4e-07,432.0,0.00040608
VIB/BTC,1608473189183,2020-12-20T14:06:29.183Z,sell,9.3e-07,19856.0,0.01846608
VIB/BTC,1608473389166,2020-12-20T14:09:49.166Z,buy,9.4e-07,13816.0,0.01298704
VIB/BTC,1608473634403,2020-12-20T14:13:54.403Z,buy,9.4e-07,20518.0,0.01928692
VIB/BTC,1608473747731,2020-12-20T14:15:47.731Z,sell,9.3e-07,408.0,0.00037944
VIB/BTC,1608473914623,2020-12-20T14:18:34.623Z,buy,9.5e-07,34127.0,0.03242065
VIB/BTC,1608473914623,2020-12-20T14:18:34.623Z,buy,9.6e-07,31669.0,0.0304022399999999
VIB/BTC,1608473914623,2020-12-20T14:18:34.623Z,buy,9.7e-07,79534.0,0.07714798
VIB/BTC,1608473914643,2020-12-20T14:18:34.643Z,sell,9.7e-07,1999.0,0.00193903
VIB/BTC,1608473914670,2020-12-20T14:18:34.670Z,sell,9.7e-07,8562.0,0.00830514
VIB/BTC,1608473914692,2020-12-20T14:18:34.692Z,sell,9.7e-07,1999.0,0.00193903
VIB/BTC,1608473914719,2020-12-20T14:18:34.719Z,sell,9.7e-07,597.0,0.00057909
VIB/BTC,1608473914939,2020-12-20T14:18:34.939Z,sell,9.7e-07,150.0,0.0001455
VIB/BTC,1608473915575,2020-12-20T14:18:35.575Z,sell,9.7e-07,1030.0,0.0009991
VIB/BTC,1608473915869,2020-12-20T14:18:35.869Z,sell,9.7e-07,400.0,0.000388
VIB/BTC,1608473916349,2020-12-20T14:18:36.349Z,sell,9.7e-07,399.0,0.00038703
VIB/BTC,1608473916663,2020-12-20T14:18:36.663Z,sell,9.7e-07,1030.0,0.0009991
VIB/BTC,1608473916830,2020-12-20T14:18:36.830Z,sell,9.7e-07,399.0,0.00038703
VIB/BTC,1608473917309,2020-12-20T14:18:37.309Z,sell,9.7e-07,399.0,0.00038703
VIB/BTC,1608473917859,2020-12-20T14:18:37.859Z,sell,9.7e-07,399.0,0.00038703
VIB/BTC,1608473918290,2020-12-20T14:18:38.290Z,sell,9.7e-07,400.0,0.000388
VIB/BTC,1608473918754,2020-12-20T14:18:38.754Z,sell,9.7e-07,400.0,0.000388
VIB/BTC,1608473919239,2020-12-20T14:18:39.239Z,sell,9.7e-07,400.0,0.000388
VIB/BTC,1608473922983,2020-12-20T14:18:42.983Z,buy,9.8e-07,174.0,0.00017052
VIB/BTC,1608473925366,2020-12-20T14:18:45.366Z,sell,9.7e-07,210.0,0.0002037
VIB/BTC,1608473936720,2020-12-20T14:18:56.720Z,sell,9.7e-07,200.0,0.000194
VIB/BTC,1608473974781,2020-12-20T14:19:34.781Z,buy,9.8e-07,5081.0,0.0049793799999999
VIB/BTC,1608473976029,2020-12-20T14:19:36.029Z,buy,9.8e-07,204.0,0.00019992
VIB/BTC,1608473979983,2020-12-20T14:19:39.983Z,sell,9.7e-07,10000.0,0.0097
VIB/BTC,1608473981945,2020-12-20T14:19:41.945Z,buy,9.8e-07,15753.0,0.0154379399999999
VIB/BTC,1608473994392,2020-12-20T14:19:54.392Z,sell,9.7e-07,2870.0,0.0027839
VIB/BTC,1608474012487,2020-12-20T14:20:12.487Z,sell,9.7e-07,5126.0,0.00497222
VIB/BTC,1608474081860,2020-12-20T14:21:21.860Z,sell,9.7e-07,4654.0,0.00451438
VIB/BTC,1608474166871,2020-12-20T14:22:46.871Z,sell,9.7e-07,1848.0,0.00179256
VIB/BTC,1608474173746,2020-12-20T14:22:53.746Z,sell,9.7e-07,13408.0,0.01300576
VIB/BTC,1608474178336,2020-12-20T14:22:58.336Z,sell,9.7e-07,3525.0,0.00341925
VIB/BTC,1608474182666,2020-12-20T14:23:02.666Z,sell,9.7e-07,168.0,0.00016296
VIB/BTC,1608474183443,2020-12-20T14:23:03.443Z,sell,9.7e-07,5155.0,0.00500035
VIB/BTC,1608474196496,2020-12-20T14:23:16.496Z,sell,9.7e-07,15374.0,0.01491278
VIB/BTC,1608474205157,2020-12-20T14:23:25.157Z,sell,9.7e-07,10000.0,0.0097
VIB/BTC,1608474231996,2020-12-20T14:23:51.996Z,sell,9.7e-07,217.0,0.00021049
VIB/BTC,1608474333185,2020-12-20T14:25:33.185Z,buy,9.8e-07,11579.0,0.0113474199999999
VIB/BTC,1608474333684,2020-12-20T14:25:33.684Z,sell,9.8e-07,2482.0,0.0024323599999999
VIB/BTC,1608474359007,2020-12-20T14:25:59.007Z,sell,9.8e-07,29285.0,0.0286992999999999
VIB/BTC,1608474366828,2020-12-20T14:26:06.828Z,sell,9.7e-07,12690.0,0.0123093
VIB/BTC,1608474370592,2020-12-20T14:26:10.592Z,sell,9.7e-07,1569.0,0.00152193
VIB/BTC,1608474371806,2020-12-20T14:26:11.806Z,buy,9.8e-07,11857.0,0.01161986
VIB/BTC,1608474371806,2020-12-20T14:26:11.806Z,buy,9.9e-07,104303.0,0.10325997
VIB/BTC,1608474371813,2020-12-20T14:26:11.813Z,sell,9.9e-07,39881.0,0.03948219
VIB/BTC,1608474371868,2020-12-20T14:26:11.868Z,buy,9.8e-07,1478.0,0.0014484399999999
VIB/BTC,1608474372097,2020-12-20T14:26:12.097Z,buy,9.8e-07,1095.0,0.0010731
VIB/BTC,1608474373094,2020-12-20T14:26:13.094Z,buy,9.8e-07,292.0,0.00028616
VIB/BTC,1608474376665,2020-12-20T14:26:16.665Z,sell,9.7e-07,11823.0,0.01146831
VIB/BTC,1608474378271,2020-12-20T14:26:18.271Z,buy,9.7e-07,1032.0,0.00100104
VIB/BTC,1608474390400,2020-12-20T14:26:30.400Z,sell,9.6e-07,527.0,0.00050592
VIB/BTC,1608474390794,2020-12-20T14:26:30.794Z,sell,9.6e-07,323.0,0.0003100799999999
VIB/BTC,1608474394712,2020-12-20T14:26:34.712Z,buy,9.7e-07,296.0,0.00028712
VIB/BTC,1608474422890,2020-12-20T14:27:02.890Z,buy,9.7e-07,7594.0,0.00736618
VIB/BTC,1608474451207,2020-12-20T14:27:31.207Z,buy,9.7e-07,1505.0,0.00145985
VIB/BTC,1608474456084,2020-12-20T14:27:36.084Z,sell,9.6e-07,360.0,0.0003455999999999
VIB/BTC,1608474558339,2020-12-20T14:29:18.339Z,sell,9.6e-07,18632.0,0.01788672
VIB/BTC,1608474558349,2020-12-20T14:29:18.349Z,buy,9.6e-07,630.0,0.0006048
VIB/BTC,1608474592827,2020-12-20T14:29:52.827Z,sell,9.6e-07,4028.0,0.0038668799999999
VIB/BTC,1608474652133,2020-12-20T14:30:52.133Z,buy,9.6e-07,2694.0,0.0025862399999999
VIB/BTC,1608474750863,2020-12-20T14:32:30.863Z,buy,9.6e-07,6275.0,0.006024
VIB/BTC,1608474775991,2020-12-20T14:32:55.991Z,buy,9.6e-07,109.0,0.0001046399999999
VIB/BTC,1608474804082,2020-12-20T14:33:24.082Z,sell,9.5e-07,162.0,0.0001539
VIB/BTC,1608474924928,2020-12-20T14:35:24.928Z,sell,9.5e-07,1076.0,0.0010222
VIB/BTC,1608475104040,2020-12-20T14:38:24.040Z,sell,9.5e-07,1503.0,0.00142785
VIB/BTC,1608475260733,2020-12-20T14:41:00.733Z,sell,9.5e-07,15000.0,0.01425
VIB/BTC,1608475355530,2020-12-20T14:42:35.530Z,sell,9.5e-07,647.0,0.00061465
VIB/BTC,1608475361947,2020-12-20T14:42:41.947Z,buy,9.6e-07,261.0,0.00025056
VIB/BTC,1608475390700,2020-12-20T14:43:10.700Z,buy,9.6e-07,552.0,0.0005299199999999
VIB/BTC,1608475468330,2020-12-20T14:44:28.330Z,buy,9.6e-07,16816.0,0.01614336
VIB/BTC,1608475468554,2020-12-20T14:44:28.554Z,sell,9.6e-07,629.0,0.0006038399999999
VIB/BTC,1608475686637,2020-12-20T14:48:06.637Z,buy,9.7e-07,520.0,0.0005044
VIB/BTC,1608475766211,2020-12-20T14:49:26.211Z,sell,9.6e-07,105.0,0.0001008
VIB/BTC,1608475885438,2020-12-20T14:51:25.438Z,sell,9.6e-07,738.0,0.0007084799999999
VIB/BTC,1608475887400,2020-12-20T14:51:27.400Z,sell,9.6e-07,38388.0,0.03685248
VIB/BTC,1608476010121,2020-12-20T14:53:30.121Z,sell,9.6e-07,96068.0,0.0922252799999999
VIB/BTC,1608476136510,2020-12-20T14:55:36.510Z,buy,9.6e-07,3448.0,0.0033100799999999
VIB/BTC,1608476148854,2020-12-20T14:55:48.854Z,sell,9.5e-07,242.0,0.0002299
VIB/BTC,1608476182463,2020-12-20T14:56:22.463Z,sell,9.5e-07,22512.0,0.0213864
VIB/BTC,1608476187455,2020-12-20T14:56:27.455Z,sell,9.5e-07,3188.0,0.0030286
VIB/BTC,1608476189140,2020-12-20T14:56:29.140Z,sell,9.5e-07,11256.0,0.0106932
VIB/BTC,1608476196370,2020-12-20T14:56:36.370Z,sell,9.5e-07,5628.0,0.0053466
VIB/BTC,1608476199903,2020-12-20T14:56:39.903Z,sell,9.5e-07,26943.0,0.02559585
VIB/BTC,1608476203130,2020-12-20T14:56:43.130Z,sell,9.5e-07,5065.0,0.00481175
VIB/BTC,1608476203130,2020-12-20T14:56:43.130Z,sell,9.5e-07,5065.0,0.00481175
VIB/BTC,1608476289794,2020-12-20T14:58:09.794Z,buy,9.6e-07,12323.0,0.01183008
VIB/BTC,1608476831551,2020-12-20T15:07:11.551Z,buy,9.6e-07,5662.0,0.0054355199999999
VIB/BTC,1608477039047,2020-12-20T15:10:39.047Z,sell,9.5e-07,8164.0,0.0077558
VIB/BTC,1608477045759,2020-12-20T15:10:45.759Z,sell,9.5e-07,15737.0,0.01495015
VIB/BTC,1608477076430,2020-12-20T15:11:16.430Z,sell,9.5e-07,1002.0,0.0009519
VIB/BTC,1608477249902,2020-12-20T15:14:09.902Z,sell,9.5e-07,2405.0,0.00228475
VIB/BTC,1608477520726,2020-12-20T15:18:40.726Z,sell,9.5e-07,5549.0,0.00527155
VIB/BTC,1608477763135,2020-12-20T15:22:43.135Z,sell,9.5e-07,6508.0,0.0061826
VIB/BTC,1608477826686,2020-12-20T15:23:46.686Z,sell,9.5e-07,8322.0,0.0079059
VIB/BTC,1608477830631,2020-12-20T15:23:50.631Z,sell,9.5e-07,2835.0,0.00269325
VIB/BTC,1608477880971,2020-12-20T15:24:40.971Z,sell,9.5e-07,48361.0,0.04594295
VIB/BTC,1608477968549,2020-12-20T15:26:08.549Z,sell,9.5e-07,15591.0,0.01481145
VIB/BTC,1608477968652,2020-12-20T15:26:08.652Z,buy,9.6e-07,33.0,3.1679999999999995e-05
VIB/BTC,1608478242438,2020-12-20T15:30:42.438Z,buy,9.5e-07,3000.0,0.00285
VIB/BTC,1608478249888,2020-12-20T15:30:49.888Z,buy,9.5e-07,105.0,9.975e-05
VIB/BTC,1608478274934,2020-12-20T15:31:14.934Z,buy,9.5e-07,110.0,0.0001045
VIB/BTC,1608478304584,2020-12-20T15:31:44.584Z,buy,9.5e-07,109.0,0.00010355
VIB/BTC,1608478350914,2020-12-20T15:32:30.914Z,buy,9.5e-07,114.0,0.0001083
VIB/BTC,1608478359963,2020-12-20T15:32:39.963Z,sell,9.4e-07,4231.0,0.00397714
VIB/BTC,1608478367344,2020-12-20T15:32:47.344Z,sell,9.4e-07,3796.0,0.00356824
VIB/BTC,1608478397780,2020-12-20T15:33:17.780Z,buy,9.5e-07,120.0,0.000114
VIB/BTC,1608478615329,2020-12-20T15:36:55.329Z,sell,9.4e-07,23977.0,0.02253838
VIB/BTC,1608478615329,2020-12-20T15:36:55.329Z,sell,9.3e-07,167531.0,0.15580383
VIB/BTC,1608478615346,2020-12-20T15:36:55.346Z,buy,9.5e-07,32.0,3.04e-05
VIB/BTC,1608478615800,2020-12-20T15:36:55.800Z,sell,9.3e-07,146.0,0.00013578
VIB/BTC,1608478615910,2020-12-20T15:36:55.910Z,sell,9.3e-07,2495.0,0.00232035
VIB/BTC,1608478616145,2020-12-20T15:36:56.145Z,buy,9.4e-07,120.0,0.0001128
VIB/BTC,1608478629288,2020-12-20T15:37:09.288Z,sell,9.3e-07,1503.0,0.0013977899999999
VIB/BTC,1608478653236,2020-12-20T15:37:33.236Z,sell,9.3e-07,165.0,0.00015345
VIB/BTC,1608478784340,2020-12-20T15:39:44.340Z,buy,9.4e-07,201.0,0.00018894
VIB/BTC,1608478883179,2020-12-20T15:41:23.179Z,buy,9.4e-07,64000.0,0.06016
VIB/BTC,1608479246590,2020-12-20T15:47:26.590Z,sell,9.3e-07,1693.0,0.00157449
VIB/BTC,1608479370099,2020-12-20T15:49:30.099Z,sell,9.3e-07,750.0,0.0006975
VIB/BTC,1608479486009,2020-12-20T15:51:26.009Z,sell,9.3e-07,681.0,0.00063333
VIB/BTC,1608479625011,2020-12-20T15:53:45.011Z,sell,9.3e-07,39026.0,0.03629418
VIB/BTC,1608479625239,2020-12-20T15:53:45.239Z,buy,9.3e-07,203.0,0.00018879
VIB/BTC,1608479679066,2020-12-20T15:54:39.066Z,sell,9.2e-07,1207.0,0.00111044
VIB/BTC,1608479704992,2020-12-20T15:55:04.992Z,sell,9.2e-07,13194.0,0.01213848
VIB/BTC,1608479704992,2020-12-20T15:55:04.992Z,sell,9.2e-07,13194.0,0.01213848
VIB/BTC,1608479895747,2020-12-20T15:58:15.747Z,buy,9.3e-07,565.0,0.00052545
VIB/BTC,1608479920046,2020-12-20T15:58:40.046Z,buy,9.3e-07,718.0,0.00066774
VIB/BTC,1608479921365,2020-12-20T15:58:41.365Z,buy,9.3e-07,1473.0,0.00136989
VIB/BTC,1608479932878,2020-12-20T15:58:52.878Z,buy,9.3e-07,112.0,0.00010416
VIB/BTC,1608479942306,2020-12-20T15:59:02.306Z,buy,9.3e-07,2343.0,0.00217899
VIB/BTC,1608480004850,2020-12-20T16:00:04.850Z,sell,9.2e-07,7586.0,0.00697912
VIB/BTC,1608480074555,2020-12-20T16:01:14.555Z,sell,9.2e-07,1706.0,0.00156952
VIB/BTC,1608480399920,2020-12-20T16:06:39.920Z,buy,9.3e-07,3107.0,0.00288951
VIB/BTC,1608480460569,2020-12-20T16:07:40.569Z,sell,9.2e-07,3444.0,0.00316848
VIB/BTC,1608480580880,2020-12-20T16:09:40.880Z,sell,9.2e-07,243.0,0.00022356
VIB/BTC,1608480644538,2020-12-20T16:10:44.538Z,buy,9.3e-07,190.0,0.0001766999999999
VIB/BTC,1608480665205,2020-12-20T16:11:05.205Z,buy,9.3e-07,23024.0,0.02141232
VIB/BTC,1608481140142,2020-12-20T16:19:00.142Z,sell,9.2e-07,9563.0,0.00879796
VIB/BTC,1608481228844,2020-12-20T16:20:28.844Z,buy,9.3e-07,13578.0,0.01262754
VIB/BTC,1608481275373,2020-12-20T16:21:15.373Z,sell,9.2e-07,19166.0,0.01763272
VIB/BTC,1608481275467,2020-12-20T16:21:15.467Z,buy,9.3e-07,10000.0,0.0093
VIB/BTC,1608481466266,2020-12-20T16:24:26.266Z,buy,9.3e-07,2269.0,0.00211017
VIB/BTC,1608481631839,2020-12-20T16:27:11.839Z,buy,9.3e-07,22428.0,0.02085804
VIB/BTC,1608481695505,2020-12-20T16:28:15.505Z,buy,9.3e-07,3472.0,0.00322896
VIB/BTC,1608482047616,2020-12-20T16:34:07.616Z,buy,9.3e-07,18875.0,0.01755375
VIB/BTC,1608482144598,2020-12-20T16:35:44.598Z,buy,9.3e-07,6405.0,0.00595665
VIB/BTC,1608482190642,2020-12-20T16:36:30.642Z,buy,9.4e-07,360.0,0.0003384
VIB/BTC,1608482470327,2020-12-20T16:41:10.327Z,buy,9.4e-07,3395.0,0.0031913
VIB/BTC,1608482470327,2020-12-20T16:41:10.327Z,buy,9.4e-07,3395.0,0.0031913
VIB/BTC,1608483609670,2020-12-20T17:00:09.670Z,sell,9.3e-07,3812.0,0.00354516
VIB/BTC,1608483618663,2020-12-20T17:00:18.663Z,buy,9.4e-07,108.0,0.00010152
VIB/BTC,1608483671581,2020-12-20T17:01:11.581Z,buy,9.4e-07,108.0,0.00010152
VIB/BTC,1608483841117,2020-12-20T17:04:01.117Z,buy,9.4e-07,44137.0,0.04148878
VIB/BTC,1608483845843,2020-12-20T17:04:05.843Z,buy,9.4e-07,1019.0,0.00095786
VIB/BTC,1608483848113,2020-12-20T17:04:08.113Z,buy,9.5e-07,17252.0,0.0163894
VIB/BTC,1608483851263,2020-12-20T17:04:11.263Z,buy,9.5e-07,319.0,0.00030305
VIB/BTC,1608483853707,2020-12-20T17:04:13.707Z,buy,9.6e-07,5875.0,0.0056399999999999
VIB/BTC,1608483854018,2020-12-20T17:04:14.018Z,sell,9.5e-07,1098.0,0.0010431
VIB/BTC,1608483863413,2020-12-20T17:04:23.413Z,buy,9.5e-07,179.0,0.00017005
VIB/BTC,1608483873640,2020-12-20T17:04:33.640Z,buy,9.5e-07,612.0,0.0005814
VIB/BTC,1608483906548,2020-12-20T17:05:06.548Z,buy,9.6e-07,15979.0,0.0153398399999999
VIB/BTC,1608483916030,2020-12-20T17:05:16.030Z,buy,9.7e-07,176.0,0.00017072
VIB/BTC,1608483917103,2020-12-20T17:05:17.103Z,buy,9.6e-07,136.0,0.00013056
VIB/BTC,1608483968803,2020-12-20T17:06:08.803Z,buy,9.6e-07,1028.0,0.0009868799999999
VIB/BTC,1608483971943,2020-12-20T17:06:11.943Z,buy,9.7e-07,5875.0,0.00569875
VIB/BTC,1608483999595,2020-12-20T17:06:39.595Z,sell,9.6e-07,360.0,0.0003455999999999
VIB/BTC,1608484006410,2020-12-20T17:06:46.410Z,sell,9.6e-07,109.0,0.0001046399999999
VIB/BTC,1608484103372,2020-12-20T17:08:23.372Z,buy,9.7e-07,461.0,0.00044717
VIB/BTC,1608484156276,2020-12-20T17:09:16.276Z,sell,9.6e-07,25255.0,0.0242447999999999
VIB/BTC,1608484241409,2020-12-20T17:10:41.409Z,sell,9.6e-07,250.0,0.0002399999999999
VIB/BTC,1608484298225,2020-12-20T17:11:38.225Z,buy,9.7e-07,1521.0,0.00147537
VIB/BTC,1608484375447,2020-12-20T17:12:55.447Z,sell,9.6e-07,3392.0,0.0032563199999999
VIB/BTC,1608484386992,2020-12-20T17:13:06.992Z,sell,9.6e-07,1411.0,0.0013545599999999
VIB/BTC,1608484494302,2020-12-20T17:14:54.302Z,sell,9.6e-07,109.0,0.0001046399999999
VIB/BTC,1608484664610,2020-12-20T17:17:44.610Z,buy,9.7e-07,13555.0,0.01314835
VIB/BTC,1608484669141,2020-12-20T17:17:49.141Z,buy,9.7e-07,4066.0,0.00394402
VIB/BTC,1608484669141,2020-12-20T17:17:49.141Z,buy,9.8e-07,16342.0,0.01601516
VIB/BTC,1608484731255,2020-12-20T17:18:51.255Z,buy,9.8e-07,93818.0,0.0919416399999999
VIB/BTC,1608484735555,2020-12-20T17:18:55.555Z,buy,9.9e-07,3455.0,0.00342045
VIB/BTC,1608484745724,2020-12-20T17:19:05.724Z,sell,9.8e-07,1389.0,0.00136122
VIB/BTC,1608484750549,2020-12-20T17:19:10.549Z,buy,9.8e-07,1046.0,0.0010250799999999
VIB/BTC,1608484757584,2020-12-20T17:19:17.584Z,buy,9.8e-07,11143.0,0.01092014
VIB/BTC,1608484761150,2020-12-20T17:19:21.150Z,buy,9.9e-07,234.0,0.00023166
VIB/BTC,1608484774799,2020-12-20T17:19:34.799Z,sell,9.8e-07,4836.0,0.0047392799999999
VIB/BTC,1608484784009,2020-12-20T17:19:44.009Z,sell,9.8e-07,797.0,0.00078106
VIB/BTC,1608484790520,2020-12-20T17:19:50.520Z,sell,9.8e-07,4000.0,0.00392
VIB/BTC,1608484838738,2020-12-20T17:20:38.738Z,sell,9.8e-07,41.0,4.018e-05
VIB/BTC,1608484838738,2020-12-20T17:20:38.738Z,sell,9.7e-07,72.0,6.984e-05
VIB/BTC,1608484871330,2020-12-20T17:21:11.330Z,buy,9.9e-07,2344.0,0.00232056
VIB/BTC,1608484872610,2020-12-20T17:21:12.610Z,sell,9.7e-07,527.0,0.00051119
VIB/BTC,1608484873401,2020-12-20T17:21:13.401Z,sell,9.7e-07,742.0,0.00071974
VIB/BTC,1608484874942,2020-12-20T17:21:14.942Z,buy,9.8e-07,103.0,0.0001009399999999
VIB/BTC,1608484897299,2020-12-20T17:21:37.299Z,buy,9.8e-07,974.0,0.0009545199999999
VIB/BTC,1608484897299,2020-12-20T17:21:37.299Z,buy,9.9e-07,5149.0,0.00509751
VIB/BTC,1608484901088,2020-12-20T17:21:41.088Z,sell,9.8e-07,1021.0,0.0010005799999999
VIB/BTC,1608484901088,2020-12-20T17:21:41.088Z,sell,9.7e-07,2791.0,0.00270727
VIB/BTC,1608484929902,2020-12-20T17:22:09.902Z,buy,9.8e-07,27614.0,0.0270617199999999
VIB/BTC,1608485057683,2020-12-20T17:24:17.683Z,buy,9.8e-07,11202.0,0.0109779599999999
VIB/BTC,1608485057683,2020-12-20T17:24:17.683Z,buy,9.9e-07,89808.0,0.08890992
VIB/BTC,1608485239401,2020-12-20T17:27:19.401Z,buy,9.9e-07,304.0,0.00030096
VIB/BTC,1608485261953,2020-12-20T17:27:41.953Z,buy,9.9e-07,253.0,0.00025047
VIB/BTC,1608485271757,2020-12-20T17:27:51.757Z,buy,9.9e-07,17709.0,0.01753191
VIB/BTC,1608485275225,2020-12-20T17:27:55.225Z,sell,9.8e-07,11917.0,0.0116786599999999
VIB/BTC,1608485282195,2020-12-20T17:28:02.195Z,buy,9.9e-07,2344.0,0.00232056
VIB/BTC,1608485306076,2020-12-20T17:28:26.076Z,buy,9.9e-07,142099.0,0.14067801
VIB/BTC,1608485327794,2020-12-20T17:28:47.794Z,sell,9.8e-07,4387.0,0.00429926
VIB/BTC,1608485335962,2020-12-20T17:28:55.962Z,buy,9.9e-07,1456.0,0.00144144
VIB/BTC,1608485342021,2020-12-20T17:29:02.021Z,sell,9.8e-07,1613.0,0.00158074
VIB/BTC,1608485348072,2020-12-20T17:29:08.072Z,buy,9.9e-07,1098.0,0.00108702
VIB/BTC,1608485351252,2020-12-20T17:29:11.252Z,buy,1e-06,3455.0,0.0034549999999999
VIB/BTC,1608485351252,2020-12-20T17:29:11.252Z,sell,9.8e-07,105.0,0.0001029
VIB/BTC,1608485353064,2020-12-20T17:29:13.064Z,sell,9.9e-07,1083.0,0.00107217
VIB/BTC,1608485355783,2020-12-20T17:29:15.783Z,sell,9.9e-07,278.0,0.00027522
VIB/BTC,1608485355783,2020-12-20T17:29:15.783Z,sell,9.8e-07,4254.0,0.00416892
VIB/BTC,1608485362853,2020-12-20T17:29:22.853Z,buy,9.9e-07,1037.0,0.00102663
VIB/BTC,1608485407284,2020-12-20T17:30:07.284Z,buy,9.9e-07,14663.0,0.01451637
VIB/BTC,1608485407284,2020-12-20T17:30:07.284Z,buy,1e-06,121870.0,0.1218699999999999
VIB/BTC,1608485411021,2020-12-20T17:30:11.021Z,sell,9.8e-07,3016.0,0.0029556799999999
VIB/BTC,1608485417485,2020-12-20T17:30:17.485Z,buy,9.9e-07,328.0,0.00032472
VIB/BTC,1608485515091,2020-12-20T17:31:55.091Z,sell,9.7e-07,505.0,0.00048985
VIB/BTC,1608485591669,2020-12-20T17:33:11.669Z,buy,9.9e-07,2183.0,0.00216117
VIB/BTC,1608485594690,2020-12-20T17:33:14.690Z,buy,1e-06,3455.0,0.0034549999999999
VIB/BTC,1608485619550,2020-12-20T17:33:39.550Z,sell,9.9e-07,204.0,0.00020196
VIB/BTC,1608485627247,2020-12-20T17:33:47.247Z,sell,9.9e-07,18220.0,0.0180378
VIB/BTC,1608485726063,2020-12-20T17:35:26.063Z,buy,1e-06,505.0,0.000505
VIB/BTC,1608485789812,2020-12-20T17:36:29.812Z,sell,9.8e-07,3476.0,0.00340648
VIB/BTC,1608485889750,2020-12-20T17:38:09.750Z,sell,9.8e-07,504.0,0.00049392
VIB/BTC,1608485910693,2020-12-20T17:38:30.693Z,sell,9.8e-07,14647.0,0.0143540599999999
VIB/BTC,1608485928984,2020-12-20T17:38:48.984Z,buy,9.9e-07,5044.0,0.00499356
VIB/BTC,1608486059920,2020-12-20T17:40:59.920Z,sell,9.8e-07,17420.0,0.0170716
VIB/BTC,1608486061192,2020-12-20T17:41:01.192Z,buy,9.8e-07,202.0,0.0001979599999999
VIB/BTC,1608486065146,2020-12-20T17:41:05.146Z,buy,9.8e-07,1288.0,0.00126224
VIB/BTC,1608486067230,2020-12-20T17:41:07.230Z,buy,9.9e-07,1400.0,0.001386
VIB/BTC,1608486067230,2020-12-20T17:41:07.230Z,buy,9.9e-07,1400.0,0.001386
VIB/BTC,1608486072667,2020-12-20T17:41:12.667Z,buy,9.9e-07,1170.0,0.0011583
VIB/BTC,1608486075626,2020-12-20T17:41:15.626Z,buy,1e-06,345.0,0.000345
VIB/BTC,1608486095314,2020-12-20T17:41:35.314Z,sell,9.9e-07,150.0,0.0001485
VIB/BTC,1608486095453,2020-12-20T17:41:35.453Z,sell,9.8e-07,2596.0,0.0025440799999999
VIB/BTC,1608486097054,2020-12-20T17:41:37.054Z,buy,9.8e-07,152.0,0.0001489599999999
VIB/BTC,1608486115373,2020-12-20T17:41:55.373Z,buy,9.8e-07,329.0,0.0003224199999999
VIB/BTC,1608486115373,2020-12-20T17:41:55.373Z,buy,9.9e-07,24244.0,0.02400156
VIB/BTC,1608486149178,2020-12-20T17:42:29.178Z,buy,9.9e-07,2629.0,0.00260271
VIB/BTC,1608486165837,2020-12-20T17:42:45.837Z,sell,9.9e-07,2609.0,0.00258291
VIB/BTC,1608486193769,2020-12-20T17:43:13.769Z,sell,9.9e-07,1370.0,0.0013563
VIB/BTC,1608486206903,2020-12-20T17:43:26.903Z,buy,1e-06,488.0,0.000488
VIB/BTC,1608486213974,2020-12-20T17:43:33.974Z,sell,9.9e-07,21398.0,0.02118402
VIB/BTC,1608486216139,2020-12-20T17:43:36.139Z,sell,9.8e-07,1460.0,0.0014307999999999
VIB/BTC,1608486219570,2020-12-20T17:43:39.570Z,buy,9.9e-07,1404.0,0.00138996
VIB/BTC,1608486221952,2020-12-20T17:43:41.952Z,buy,1e-06,345.0,0.000345
VIB/BTC,1608486271199,2020-12-20T17:44:31.199Z,sell,9.9e-07,202.0,0.00019998
VIB/BTC,1608486298205,2020-12-20T17:44:58.205Z,sell,9.9e-07,7813.0,0.00773487
VIB/BTC,1608486302468,2020-12-20T17:45:02.468Z,buy,1e-06,234.0,0.000234
VIB/BTC,1608486310004,2020-12-20T17:45:10.004Z,sell,9.9e-07,7032.0,0.00696168
VIB/BTC,1608486429050,2020-12-20T17:47:09.050Z,buy,1e-06,2344.0,0.0023439999999999
VIB/BTC,1608486457180,2020-12-20T17:47:37.180Z,buy,1e-06,65867.0,0.065867
VIB/BTC,1608486461577,2020-12-20T17:47:41.577Z,buy,1.01e-06,3455.0,0.00348955
VIB/BTC,1608486463230,2020-12-20T17:47:43.230Z,buy,1.01e-06,63494.0,0.06412894
VIB/BTC,1608486465817,2020-12-20T17:47:45.817Z,buy,1.01e-06,696.0,0.00070296
VIB/BTC,1608486470469,2020-12-20T17:47:50.469Z,sell,1e-06,1533.0,0.0015329999999999
VIB/BTC,1608486471396,2020-12-20T17:47:51.396Z,sell,1e-06,1016.0,0.001016
VIB/BTC,1608486471396,2020-12-20T17:47:51.396Z,sell,9.9e-07,764.0,0.00075636
VIB/BTC,1608486482762,2020-12-20T17:48:02.762Z,buy,1.01e-06,2415.0,0.00243915
VIB/BTC,1608486490818,2020-12-20T17:48:10.818Z,sell,1e-06,1401.0,0.001401
VIB/BTC,1608486490818,2020-12-20T17:48:10.818Z,sell,9.9e-07,13919.0,0.01377981
VIB/BTC,1608486494077,2020-12-20T17:48:14.077Z,buy,1e-06,1036.0,0.001036
VIB/BTC,1608486494331,2020-12-20T17:48:14.331Z,buy,1e-06,327.0,0.000327
VIB/BTC,1608486494331,2020-12-20T17:48:14.331Z,buy,1.01e-06,17334.0,0.01750734
VIB/BTC,1608486494336,2020-12-20T17:48:14.336Z,sell,1.01e-06,1036.0,0.00104636
VIB/BTC,1608486495622,2020-12-20T17:48:15.622Z,buy,1e-06,298.0,0.000298
VIB/BTC,1608486495854,2020-12-20T17:48:15.854Z,buy,1e-06,1105.0,0.0011049999999999
VIB/BTC,1608486499387,2020-12-20T17:48:19.387Z,buy,1e-06,1591.0,0.001591
VIB/BTC,1608486499387,2020-12-20T17:48:19.387Z,buy,1.01e-06,1615.0,0.00163115
VIB/BTC,1608486503797,2020-12-20T17:48:23.797Z,sell,1e-06,1058.0,0.001058
VIB/BTC,1608486550180,2020-12-20T17:49:10.180Z,buy,1.01e-06,1170.0,0.0011817
VIB/BTC,1608486550180,2020-12-20T17:49:10.180Z,buy,1.02e-06,85978.0,0.08769756
VIB/BTC,1608486554151,2020-12-20T17:49:14.151Z,buy,1.02e-06,10226.0,0.01043052
VIB/BTC,1608486566218,2020-12-20T17:49:26.218Z,sell,1.01e-06,309.0,0.00031209
VIB/BTC,1608486566232,2020-12-20T17:49:26.232Z,sell,1.01e-06,956.0,0.00096556
VIB/BTC,1608486588387,2020-12-20T17:49:48.387Z,sell,1.01e-06,865.0,0.00087365
VIB/BTC,1608486613058,2020-12-20T17:50:13.058Z,buy,1.02e-06,1377.0,0.00140454
VIB/BTC,1608486635705,2020-12-20T17:50:35.705Z,buy,1.03e-06,2344.0,0.00241432
VIB/BTC,1608486635997,2020-12-20T17:50:35.997Z,sell,1.02e-06,439.0,0.00044778
VIB/BTC,1608486635998,2020-12-20T17:50:35.998Z,sell,1.02e-06,441.0,0.0004498199999999
VIB/BTC,1608486636005,2020-12-20T17:50:36.005Z,sell,1.02e-06,176.0,0.00017952
VIB/BTC,1608486636105,2020-12-20T17:50:36.105Z,buy,1.02e-06,251.0,0.00025602
VIB/BTC,1608486640636,2020-12-20T17:50:40.636Z,buy,1.02e-06,991.0,0.00101082
VIB/BTC,1608486644593,2020-12-20T17:50:44.593Z,buy,1.02e-06,741.0,0.0007558199999999
VIB/BTC,1608486647443,2020-12-20T17:50:47.443Z,buy,1.02e-06,100.0,0.000102
VIB/BTC,1608486647443,2020-12-20T17:50:47.443Z,buy,1.03e-06,3355.0,0.00345565
VIB/BTC,1608486682267,2020-12-20T17:51:22.267Z,sell,1.02e-06,124.0,0.00012648
VIB/BTC,1608486682519,2020-12-20T17:51:22.519Z,sell,1.02e-06,2131.0,0.00217362
VIB/BTC,1608486688369,2020-12-20T17:51:28.369Z,buy,1.03e-06,15454.0,0.01591762
VIB/BTC,1608486701542,2020-12-20T17:51:41.542Z,buy,1.03e-06,5152.0,0.00530656
VIB/BTC,1608486703895,2020-12-20T17:51:43.895Z,sell,1.02e-06,1243.0,0.00126786
VIB/BTC,1608486716712,2020-12-20T17:51:56.712Z,sell,1.02e-06,1434.0,0.00146268
VIB/BTC,1608486721396,2020-12-20T17:52:01.396Z,sell,1.02e-06,2133.0,0.00217566
VIB/BTC,1608486726079,2020-12-20T17:52:06.079Z,sell,1.02e-06,6492.0,0.0066218399999999
VIB/BTC,1608486769542,2020-12-20T17:52:49.542Z,sell,1.02e-06,15374.0,0.01568148
VIB/BTC,1608486774502,2020-12-20T17:52:54.502Z,sell,1.02e-06,179.0,0.00018258
VIB/BTC,1608486851441,2020-12-20T17:54:11.441Z,buy,1.03e-06,971.0,0.00100013
VIB/BTC,1608486863022,2020-12-20T17:54:23.022Z,sell,1.02e-06,20890.0,0.0213078
VIB/BTC,1608486867422,2020-12-20T17:54:27.422Z,buy,1.03e-06,2344.0,0.00241432
VIB/BTC,1608486871656,2020-12-20T17:54:31.656Z,sell,1.01e-06,253.0,0.00025553
VIB/BTC,1608486871816,2020-12-20T17:54:31.816Z,sell,1.01e-06,917.0,0.00092617
VIB/BTC,1608486871901,2020-12-20T17:54:31.901Z,sell,1.01e-06,100.0,0.000101
VIB/BTC,1608486875164,2020-12-20T17:54:35.164Z,buy,1.03e-06,168171.0,0.17321613
VIB/BTC,1608486877915,2020-12-20T17:54:37.915Z,buy,1.04e-06,24632.0,0.02561728
VIB/BTC,1608486878203,2020-12-20T17:54:38.203Z,buy,1.03e-06,1054.0,0.00108562
VIB/BTC,1608486878317,2020-12-20T17:54:38.317Z,buy,1.03e-06,251.0,0.00025853
VIB/BTC,1608486881234,2020-12-20T17:54:41.234Z,buy,1.03e-06,18695.0,0.01925585
VIB/BTC,1608486881234,2020-12-20T17:54:41.234Z,buy,1.04e-06,1305.0,0.0013572
VIB/BTC,1608486883628,2020-12-20T17:54:43.628Z,buy,1.04e-06,195.0,0.0002028
VIB/BTC,1608486886082,2020-12-20T17:54:46.082Z,sell,1.03e-06,1004.0,0.00103412
VIB/BTC,1608486886992,2020-12-20T17:54:46.992Z,sell,1.03e-06,411.0,0.00042333
VIB/BTC,1608486891256,2020-12-20T17:54:51.256Z,buy,1.04e-06,1307.0,0.00135928
VIB/BTC,1608486893689,2020-12-20T17:54:53.689Z,buy,1.05e-06,98.0,0.0001029
VIB/BTC,1608486894279,2020-12-20T17:54:54.279Z,sell,1.04e-06,97.0,0.00010088
VIB/BTC,1608486894328,2020-12-20T17:54:54.328Z,buy,1.05e-06,345.0,0.0003622499999999
VIB/BTC,1608486895287,2020-12-20T17:54:55.287Z,sell,1.04e-06,2123.0,0.00220792
VIB/BTC,1608486895292,2020-12-20T17:54:55.292Z,sell,1.04e-06,589.0,0.00061256
VIB/BTC,1608486896457,2020-12-20T17:54:56.457Z,buy,1.04e-06,1029.0,0.00107016
VIB/BTC,1608486902021,2020-12-20T17:55:02.021Z,buy,1.04e-06,11867.0,0.01234168
VIB/BTC,1608486902021,2020-12-20T17:55:02.021Z,buy,1.05e-06,32153.0,0.0337606499999999
VIB/BTC,1608486902337,2020-12-20T17:55:02.337Z,sell,1.04e-06,883.0,0.00091832
VIB/BTC,1608486902340,2020-12-20T17:55:02.340Z,sell,1.04e-06,157.0,0.00016328
VIB/BTC,1608486902741,2020-12-20T17:55:02.741Z,sell,1.04e-06,240.0,0.0002496
VIB/BTC,1608486907970,2020-12-20T17:55:07.970Z,buy,1.05e-06,1280.0,0.001344
VIB/BTC,1608486908266,2020-12-20T17:55:08.266Z,sell,1.04e-06,479.0,0.00049816
VIB/BTC,1608486908287,2020-12-20T17:55:08.287Z,sell,1.04e-06,562.0,0.00058448
VIB/BTC,1608486908392,2020-12-20T17:55:08.392Z,sell,1.04e-06,241.0,0.00025064
VIB/BTC,1608486910773,2020-12-20T17:55:10.773Z,buy,1.05e-06,1282.0,0.0013460999999999
VIB/BTC,1608486911074,2020-12-20T17:55:11.074Z,sell,1.04e-06,1042.0,0.00108368
VIB/BTC,1608486911183,2020-12-20T17:55:11.183Z,sell,1.04e-06,242.0,0.00025168
VIB/BTC,1608486912044,2020-12-20T17:55:12.044Z,sell,1.04e-06,524.0,0.00054496
VIB/BTC,1608486912057,2020-12-20T17:55:12.057Z,sell,1.04e-06,465.0,0.0004836
VIB/BTC,1608486915460,2020-12-20T17:55:15.460Z,buy,1.05e-06,4716.0,0.0049517999999999
VIB/BTC,1608486915762,2020-12-20T17:55:15.762Z,sell,1.04e-06,870.0,0.0009048
VIB/BTC,1608486915790,2020-12-20T17:55:15.790Z,sell,1.04e-06,173.0,0.00017992
VIB/BTC,1608486915883,2020-12-20T17:55:15.883Z,sell,1.04e-06,243.0,0.00025272
VIB/BTC,1608486919448,2020-12-20T17:55:19.448Z,sell,1.04e-06,453.0,0.00047112
VIB/BTC,1608486919473,2020-12-20T17:55:19.473Z,sell,1.04e-06,1352.0,0.00140608
VIB/BTC,1608486919499,2020-12-20T17:55:19.499Z,sell,1.04e-06,1351.0,0.00140504
VIB/BTC,1608486919516,2020-12-20T17:55:19.516Z,sell,1.04e-06,5847.0,0.00608088
VIB/BTC,1608486919516,2020-12-20T17:55:19.516Z,sell,1.03e-06,1351.0,0.00139153
VIB/BTC,1608486922997,2020-12-20T17:55:22.997Z,buy,1.05e-06,1969.0,0.0020674499999999
VIB/BTC,1608486923292,2020-12-20T17:55:23.292Z,sell,1.04e-06,1044.0,0.00108576
VIB/BTC,1608486927560,2020-12-20T17:55:27.560Z,sell,1.04e-06,244.0,0.00025376
VIB/BTC,1608486929079,2020-12-20T17:55:29.079Z,buy,1.05e-06,2277.0,0.00239085
VIB/BTC,1608486929085,2020-12-20T17:55:29.085Z,sell,1.05e-06,8688.0,0.0091224
VIB/BTC,1608486931565,2020-12-20T17:55:31.565Z,sell,1.04e-06,97.0,0.00010088
VIB/BTC,1608486934096,2020-12-20T17:55:34.096Z,buy,1.05e-06,471.0,0.00049455
VIB/BTC,1608486940586,2020-12-20T17:55:40.586Z,sell,1.04e-06,599.0,0.00062296
VIB/BTC,1608486941795,2020-12-20T17:55:41.795Z,sell,1.04e-06,997.0,0.00103688
VIB/BTC,1608486945612,2020-12-20T17:55:45.612Z,sell,1.04e-06,616.0,0.00064064
VIB/BTC,1608486946917,2020-12-20T17:55:46.917Z,sell,1.03e-06,380.0,0.0003914
VIB/BTC,1608486949953,2020-12-20T17:55:49.953Z,buy,1.05e-06,9253.0,0.00971565
VIB/BTC,1608486954160,2020-12-20T17:55:54.160Z,buy,1.05e-06,345.0,0.0003622499999999
VIB/BTC,1608486956247,2020-12-20T17:55:56.247Z,buy,1.05e-06,674.0,0.0007076999999999
VIB/BTC,1608486958765,2020-12-20T17:55:58.765Z,buy,1.06e-06,234.0,0.00024804
VIB/BTC,1608486961068,2020-12-20T17:56:01.068Z,sell,1.05e-06,394.0,0.0004136999999999
VIB/BTC,1608486963985,2020-12-20T17:56:03.985Z,buy,1.05e-06,890.0,0.0009344999999999
VIB/BTC,1608486963999,2020-12-20T17:56:03.999Z,sell,1.05e-06,279.0,0.00029295
VIB/BTC,1608486964075,2020-12-20T17:56:04.075Z,sell,1.04e-06,1590.0,0.0016536
VIB/BTC,1608486973086,2020-12-20T17:56:13.086Z,buy,1.05e-06,2408.0,0.0025283999999999
VIB/BTC,1608486980564,2020-12-20T17:56:20.564Z,sell,1.04e-06,3914.0,0.00407056
VIB/BTC,1608486982976,2020-12-20T17:56:22.976Z,buy,1.05e-06,234.0,0.0002456999999999
VIB/BTC,1608486986074,2020-12-20T17:56:26.074Z,buy,1.05e-06,1060.0,0.0011129999999999
VIB/BTC,1608486986838,2020-12-20T17:56:26.838Z,sell,1.04e-06,780.0,0.0008112
VIB/BTC,1608486987506,2020-12-20T17:56:27.506Z,buy,1.05e-06,248.0,0.0002604
VIB/BTC,1608486987514,2020-12-20T17:56:27.514Z,sell,1.05e-06,5378.0,0.0056469
VIB/BTC,1608486987534,2020-12-20T17:56:27.534Z,sell,1.04e-06,516.0,0.00053664
VIB/BTC,1608486987534,2020-12-20T17:56:27.534Z,sell,1.03e-06,443.0,0.00045629
VIB/BTC,1608486987537,2020-12-20T17:56:27.537Z,sell,1.03e-06,169.0,0.00017407
VIB/BTC,1608486988085,2020-12-20T17:56:28.085Z,sell,1.04e-06,249.0,0.00025896
VIB/BTC,1608486989083,2020-12-20T17:56:29.083Z,buy,1.04e-06,234.0,0.00024336
VIB/BTC,1608486990864,2020-12-20T17:56:30.864Z,buy,1.04e-06,826.0,0.00085904
VIB/BTC,1608486990864,2020-12-20T17:56:30.864Z,buy,1.05e-06,5846.0,0.0061382999999999
VIB/BTC,1608487013700,2020-12-20T17:56:53.700Z,sell,1.05e-06,17852.0,0.0187445999999999
VIB/BTC,1608487013707,2020-12-20T17:56:53.707Z,sell,1.05e-06,1080.0,0.0011339999999999
VIB/BTC,1608487013741,2020-12-20T17:56:53.741Z,sell,1.05e-06,21965.0,0.0230632499999999
VIB/BTC,1608487015154,2020-12-20T17:56:55.154Z,sell,1.05e-06,9903.0,0.0103981499999999
VIB/BTC,1608487016142,2020-12-20T17:56:56.142Z,sell,1.05e-06,10230.0,0.0107415
VIB/BTC,1608487018923,2020-12-20T17:56:58.923Z,buy,1.06e-06,2344.0,0.00248464
VIB/BTC,1608487019438,2020-12-20T17:56:59.438Z,sell,1.05e-06,1035.0,0.0010867499999999
VIB/BTC,1608487024175,2020-12-20T17:57:04.175Z,buy,1.06e-06,3455.0,0.0036623
VIB/BTC,1608487028341,2020-12-20T17:57:08.341Z,sell,1.05e-06,229.0,0.00024045
VIB/BTC,1608487028803,2020-12-20T17:57:08.803Z,buy,1.06e-06,933.0,0.00098898
VIB/BTC,1608487034906,2020-12-20T17:57:14.906Z,sell,1.05e-06,596.0,0.0006257999999999
VIB/BTC,1608487044799,2020-12-20T17:57:24.799Z,sell,1.05e-06,575.0,0.0006037499999999
VIB/BTC,1608487047768,2020-12-20T17:57:27.768Z,buy,1.05e-06,1182.0,0.0012411
VIB/BTC,1608487053870,2020-12-20T17:57:33.870Z,sell,1.04e-06,2705.0,0.0028132
VIB/BTC,1608487060894,2020-12-20T17:57:40.894Z,sell,1.04e-06,301.0,0.00031304
VIB/BTC,1608487060894,2020-12-20T17:57:40.894Z,sell,1.03e-06,10769.0,0.01109207
VIB/BTC,1608487064119,2020-12-20T17:57:44.119Z,buy,1.04e-06,1311.0,0.00136344
VIB/BTC,1608487079117,2020-12-20T17:57:59.117Z,sell,1.03e-06,1313.0,0.00135239
VIB/BTC,1608487084066,2020-12-20T17:58:04.066Z,sell,1.02e-06,25363.0,0.02587026
VIB/BTC,1608487084066,2020-12-20T17:58:04.066Z,sell,1.02e-06,16327.0,0.0166535399999999
VIB/BTC,1608487084078,2020-12-20T17:58:04.078Z,buy,1.02e-06,506.0,0.00051612
VIB/BTC,1608487092976,2020-12-20T17:58:12.976Z,sell,1.01e-06,1396.0,0.00140996
VIB/BTC,1608487104422,2020-12-20T17:58:24.422Z,buy,1.02e-06,2344.0,0.0023908799999999
VIB/BTC,1608487113339,2020-12-20T17:58:33.339Z,sell,1.01e-06,2471.0,0.00249571
VIB/BTC,1608487120875,2020-12-20T17:58:40.875Z,buy,1.02e-06,293.0,0.0002988599999999
VIB/BTC,1608487126039,2020-12-20T17:58:46.039Z,buy,1.02e-06,263360.0,0.2686272
VIB/BTC,1608487129491,2020-12-20T17:58:49.491Z,buy,1.02e-06,1042.0,0.00106284
VIB/BTC,1608487129491,2020-12-20T17:58:49.491Z,buy,1.03e-06,2331.0,0.00240093
VIB/BTC,1608487129491,2020-12-20T17:58:49.491Z,buy,1.04e-06,3456.0,0.00359424
VIB/BTC,1608487129491,2020-12-20T17:58:49.491Z,buy,1.05e-06,40445.0,0.04246725
VIB/BTC,1608487130326,2020-12-20T17:58:50.326Z,sell,1.05e-06,1317.0,0.00138285
VIB/BTC,1608487130330,2020-12-20T17:58:50.330Z,sell,1.05e-06,1000.0,0.00105
VIB/BTC,1608487130333,2020-12-20T17:58:50.333Z,sell,1.05e-06,5217.0,0.0054778499999999
VIB/BTC,1608487132100,2020-12-20T17:58:52.100Z,sell,1.04e-06,859.0,0.0008933599999999
VIB/BTC,1608487134943,2020-12-20T17:58:54.943Z,buy,1.06e-06,3455.0,0.0036623
VIB/BTC,1608487146141,2020-12-20T17:59:06.141Z,buy,1.06e-06,247.0,0.00026182
VIB/BTC,1608487184791,2020-12-20T17:59:44.791Z,buy,1.05e-06,1171.0,0.0012295499999999
VIB/BTC,1608487184791,2020-12-20T17:59:44.791Z,buy,1.06e-06,56841.0,0.06025146
VIB/BTC,1608487186483,2020-12-20T17:59:46.483Z,buy,1.06e-06,5966.0,0.00632396
VIB/BTC,1608487194115,2020-12-20T17:59:54.115Z,buy,1.06e-06,2753.0,0.00291818
VIB/BTC,1608487197242,2020-12-20T17:59:57.242Z,sell,1.05e-06,2267.0,0.00238035
VIB/BTC,1608487208512,2020-12-20T18:00:08.512Z,buy,1.05e-06,9771.0,0.01025955
VIB/BTC,1608487208512,2020-12-20T18:00:08.512Z,buy,1.06e-06,28413.0,0.03011778
VIB/BTC,1608487208512,2020-12-20T18:00:08.512Z,buy,1.07e-06,37110.0,0.0397077
VIB/BTC,1608487208512,2020-12-20T18:00:08.512Z,buy,1.08e-06,95488.0,0.10312704
VIB/BTC,1608487208512,2020-12-20T18:00:08.512Z,buy,1.09e-06,60954.0,0.0664398599999999
VIB/BTC,1608487208515,2020-12-20T18:00:08.515Z,buy,1.09e-06,101651.0,0.1107995899999999
VIB/BTC,1608487208515,2020-12-20T18:00:08.515Z,buy,1.1e-06,132173.0,0.1453903
VIB/BTC,1608487208519,2020-12-20T18:00:08.519Z,buy,1.1e-06,183589.0,0.2019479
VIB/BTC,1608487208524,2020-12-20T18:00:08.524Z,sell,1.1e-06,23596.0,0.0259556
VIB/BTC,1608487208536,2020-12-20T18:00:08.536Z,sell,1.1e-06,22644.0,0.0249084
VIB/BTC,1608487208538,2020-12-20T18:00:08.538Z,sell,1.1e-06,141.0,0.0001551
VIB/BTC,1608487208541,2020-12-20T18:00:08.541Z,sell,1.1e-06,886.0,0.0009746
VIB/BTC,1608487208545,2020-12-20T18:00:08.545Z,sell,1.1e-06,5094.0,0.0056034
VIB/BTC,1608487208545,2020-12-20T18:00:08.545Z,sell,1.09e-06,1834.0,0.00199906
VIB/BTC,1608487208548,2020-12-20T18:00:08.548Z,sell,1.09e-06,21965.0,0.0239418499999999
VIB/BTC,1608487208549,2020-12-20T18:00:08.549Z,sell,1.09e-06,23596.0,0.02571964
VIB/BTC,1608487208550,2020-12-20T18:00:08.550Z,sell,1.09e-06,2394.0,0.0026094599999999
VIB/BTC,1608487208561,2020-12-20T18:00:08.561Z,sell,1.09e-06,2394.0,0.0026094599999999
VIB/BTC,1608487208561,2020-12-20T18:00:08.561Z,sell,1.09e-06,1582.0,0.00172438
VIB/BTC,1608487208577,2020-12-20T18:00:08.577Z,sell,1.09e-06,12819.0,0.01397271
VIB/BTC,1608487208586,2020-12-20T18:00:08.586Z,sell,1.09e-06,4852.0,0.00528868
VIB/BTC,1608487208589,2020-12-20T18:00:08.589Z,sell,1.09e-06,2394.0,0.0026094599999999
VIB/BTC,1608487208602,2020-12-20T18:00:08.602Z,sell,1.09e-06,7405.0,0.0080714499999999
VIB/BTC,1608487208604,2020-12-20T18:00:08.604Z,sell,1.09e-06,2394.0,0.0026094599999999
VIB/BTC,1608487208609,2020-12-20T18:00:08.609Z,sell,1.09e-06,3830.0,0.0041747
VIB/BTC,1608487208623,2020-12-20T18:00:08.623Z,sell,1.09e-06,7789.0,0.00849001
VIB/BTC,1608487208623,2020-12-20T18:00:08.623Z,sell,1.09e-06,7789.0,0.00849001
VIB/BTC,1608487208623,2020-12-20T18:00:08.623Z,sell,1.09e-06,7789.0,0.00849001
VIB/BTC,1608487208623,2020-12-20T18:00:08.623Z,sell,1.09e-06,7789.0,0.00849001
VIB/BTC,1608487208623,2020-12-20T18:00:08.623Z,sell,1.09e-06,953.0,0.0010387699999999
VIB/BTC,1608487208629,2020-12-20T18:00:08.629Z,sell,1.09e-06,2394.0,0.0026094599999999
VIB/BTC,1608487208630,2020-12-20T18:00:08.630Z,sell,1.09e-06,863.0,0.0009406699999999
VIB/BTC,1608487208630,2020-12-20T18:00:08.630Z,sell,1.09e-06,7789.0,0.00849001
VIB/BTC,1608487208632,2020-12-20T18:00:08.632Z,sell,1.09e-06,9243.0,0.01007487
VIB/BTC,1608487208634,2020-12-20T18:00:08.634Z,sell,1.09e-06,23304.0,0.0254013599999999
VIB/BTC,1608487208648,2020-12-20T18:00:08.648Z,sell,1.09e-06,2394.0,0.0026094599999999
VIB/BTC,1608487208652,2020-12-20T18:00:08.652Z,sell,1.09e-06,2051.0,0.00223559
VIB/BTC,1608487208815,2020-12-20T18:00:08.815Z,buy,1.11e-06,114950.0,0.1275945
VIB/BTC,1608487209011,2020-12-20T18:00:09.011Z,buy,1.11e-06,1667.0,0.0018503699999999
VIB/BTC,1608487209325,2020-12-20T18:00:09.325Z,sell,1.09e-06,178.0,0.00019402
VIB/BTC,1608487209625,2020-12-20T18:00:09.625Z,sell,1.09e-06,1592.0,0.0017352799999999
VIB/BTC,1608487210105,2020-12-20T18:00:10.105Z,sell,1.09e-06,5403.0,0.0058892699999999
VIB/BTC,1608487210146,2020-12-20T18:00:10.146Z,buy,1.11e-06,952.0,0.00105672
VIB/BTC,1608487212292,2020-12-20T18:00:12.292Z,sell,1.1e-06,657.0,0.0007227
VIB/BTC,1608487212729,2020-12-20T18:00:12.729Z,sell,1.1e-06,553.0,0.0006083
VIB/BTC,1608487212749,2020-12-20T18:00:12.749Z,sell,1.09e-06,552.0,0.0006016799999999
VIB/BTC,1608487213262,2020-12-20T18:00:13.262Z,buy,1.1e-06,25831.0,0.0284141
VIB/BTC,1608487213641,2020-12-20T18:00:13.641Z,sell,1.09e-06,582.0,0.0006343799999999
VIB/BTC,1608487214733,2020-12-20T18:00:14.733Z,buy,1.11e-06,2367.0,0.00262737
VIB/BTC,1608487214955,2020-12-20T18:00:14.955Z,sell,1.09e-06,2467.0,0.00268903
VIB/BTC,1608487215712,2020-12-20T18:00:15.712Z,buy,1.11e-06,113909.0,0.12643899
VIB/BTC,1608487215739,2020-12-20T18:00:15.739Z,buy,1.11e-06,4018.0,0.00445998
VIB/BTC,1608487216266,2020-12-20T18:00:16.266Z,sell,1.09e-06,836.0,0.0009112399999999
VIB/BTC,1608487216315,2020-12-20T18:00:16.315Z,buy,1.1e-06,19454.0,0.0213994
VIB/BTC,1608487216958,2020-12-20T18:00:16.958Z,buy,1.1e-06,241.0,0.0002651
VIB/BTC,1608487217982,2020-12-20T18:00:17.982Z,buy,1.1e-06,263.0,0.0002893
VIB/BTC,1608487218525,2020-12-20T18:00:18.525Z,buy,1.1e-06,226.0,0.0002486
VIB/BTC,1608487218603,2020-12-20T18:00:18.603Z,buy,1.1e-06,95914.0,0.1055054
VIB/BTC,1608487218603,2020-12-20T18:00:18.603Z,buy,1.11e-06,2790.0,0.0030969
VIB/BTC,1608487218603,2020-12-20T18:00:18.603Z,buy,1.12e-06,102153.0,0.11441136
VIB/BTC,1608487218703,2020-12-20T18:00:18.703Z,sell,1.11e-06,584.0,0.00064824
VIB/BTC,1608487218995,2020-12-20T18:00:18.995Z,buy,1.12e-06,257.0,0.00028784
VIB/BTC,1608487219349,2020-12-20T18:00:19.349Z,sell,1.11e-06,1004.0,0.00111444
VIB/BTC,1608487219370,2020-12-20T18:00:19.370Z,buy,1.11e-06,11859.0,0.01316349
VIB/BTC,1608487219515,2020-12-20T18:00:19.515Z,buy,1.12e-06,4748.0,0.00531776
VIB/BTC,1608487219555,2020-12-20T18:00:19.555Z,sell,1.11e-06,207.0,0.00022977
VIB/BTC,1608487220015,2020-12-20T18:00:20.015Z,buy,1.12e-06,251.0,0.00028112
VIB/BTC,1608487220044,2020-12-20T18:00:20.044Z,buy,1.12e-06,2643.0,0.00296016
VIB/BTC,1608487220290,2020-12-20T18:00:20.290Z,sell,1.11e-06,1570.0,0.0017427
VIB/BTC,1608487220291,2020-12-20T18:00:20.291Z,sell,1.11e-06,1063.0,0.00117993
VIB/BTC,1608487220692,2020-12-20T18:00:20.692Z,sell,1.11e-06,1605.0,0.00178155
VIB/BTC,1608487220995,2020-12-20T18:00:20.995Z,buy,1.12e-06,2874.0,0.00321888
VIB/BTC,1608487220995,2020-12-20T18:00:20.995Z,buy,1.13e-06,13607.0,0.01537591
VIB/BTC,1608487221027,2020-12-20T18:00:21.027Z,buy,1.13e-06,296.0,0.00033448
VIB/BTC,1608487221768,2020-12-20T18:00:21.768Z,buy,1.13e-06,25028.0,0.02828164
VIB/BTC,1608487221933,2020-12-20T18:00:21.933Z,sell,1.12e-06,2240.0,0.0025088
VIB/BTC,1608487221933,2020-12-20T18:00:21.933Z,buy,1.13e-06,4516.0,0.00510308
VIB/BTC,1608487222040,2020-12-20T18:00:22.040Z,buy,1.13e-06,222.0,0.00025086
VIB/BTC,1608487222249,2020-12-20T18:00:22.249Z,buy,1.13e-06,3329.0,0.00376177
VIB/BTC,1608487222441,2020-12-20T18:00:22.441Z,sell,1.12e-06,24181.0,0.02708272
VIB/BTC,1608487222455,2020-12-20T18:00:22.455Z,buy,1.12e-06,2320.0,0.0025984
VIB/BTC,1608487222751,2020-12-20T18:00:22.751Z,buy,1.12e-06,30111.0,0.03372432
VIB/BTC,1608487223015,2020-12-20T18:00:23.015Z,buy,1.12e-06,81521.0,0.09130352
VIB/BTC,1608487223057,2020-12-20T18:00:23.057Z,buy,1.12e-06,264.0,0.00029568
VIB/BTC,1608487224043,2020-12-20T18:00:24.043Z,buy,1.12e-06,41783.0,0.04679696
VIB/BTC,1608487224043,2020-12-20T18:00:24.043Z,buy,1.13e-06,16781.0,0.01896253
VIB/BTC,1608487224075,2020-12-20T18:00:24.075Z,buy,1.13e-06,206.0,0.00023278
VIB/BTC,1608487224093,2020-12-20T18:00:24.093Z,buy,1.12e-06,13584.0,0.01521408
VIB/BTC,1608487224148,2020-12-20T18:00:24.148Z,buy,1.13e-06,1778.0,0.00200914
VIB/BTC,1608487224203,2020-12-20T18:00:24.203Z,buy,1.13e-06,19524.0,0.02206212
VIB/BTC,1608487224998,2020-12-20T18:00:24.998Z,buy,1.12e-06,12308.0,0.01378496
VIB/BTC,1608487225045,2020-12-20T18:00:25.045Z,buy,1.12e-06,9648.0,0.01080576
VIB/BTC,1608487225090,2020-12-20T18:00:25.090Z,buy,1.12e-06,158.0,0.00017696
VIB/BTC,1608487225569,2020-12-20T18:00:25.569Z,buy,1.12e-06,3504.0,0.00392448
VIB/BTC,1608487225604,2020-12-20T18:00:25.604Z,buy,1.12e-06,10742.0,0.01203104
VIB/BTC,1608487225698,2020-12-20T18:00:25.698Z,sell,1.11e-06,1000.0,0.0011099999999999
VIB/BTC,1608487225823,2020-12-20T18:00:25.823Z,buy,1.12e-06,1214.0,0.00135968
VIB/BTC,1608487225840,2020-12-20T18:00:25.840Z,buy,1.12e-06,18757.0,0.02100784
VIB/BTC,1608487226108,2020-12-20T18:00:26.108Z,buy,1.12e-06,154.0,0.00017248
VIB/BTC,1608487226575,2020-12-20T18:00:26.575Z,buy,1.12e-06,27881.0,0.03122672
VIB/BTC,1608487226691,2020-12-20T18:00:26.691Z,buy,1.12e-06,48108.0,0.05388096
VIB/BTC,1608487226742,2020-12-20T18:00:26.742Z,buy,1.12e-06,12000.0,0.01344
VIB/BTC,1608487226749,2020-12-20T18:00:26.749Z,sell,1.11e-06,3953.0,0.00438783
VIB/BTC,1608487226749,2020-12-20T18:00:26.749Z,sell,1.11e-06,8665.0,0.0096181499999999
VIB/BTC,1608487226989,2020-12-20T18:00:26.989Z,sell,1.1e-06,121.0,0.0001331
VIB/BTC,1608487227035,2020-12-20T18:00:27.035Z,buy,1.12e-06,1101.0,0.00123312
VIB/BTC,1608487227123,2020-12-20T18:00:27.123Z,buy,1.12e-06,9258.0,0.01036896
VIB/BTC,1608487227132,2020-12-20T18:00:27.132Z,buy,1.11e-06,179.0,0.0001986899999999
VIB/BTC,1608487227146,2020-12-20T18:00:27.146Z,buy,1.11e-06,25599.0,0.0284148899999999
VIB/BTC,1608487227612,2020-12-20T18:00:27.612Z,buy,1.12e-06,37302.0,0.04177824
VIB/BTC,1608487227614,2020-12-20T18:00:27.614Z,buy,1.12e-06,4748.0,0.00531776
VIB/BTC,1608487227965,2020-12-20T18:00:27.965Z,buy,1.12e-06,1211.0,0.00135632
VIB/BTC,1608487227972,2020-12-20T18:00:27.972Z,buy,1.12e-06,1125.0,0.00126
VIB/BTC,1608487228146,2020-12-20T18:00:28.146Z,buy,1.12e-06,221.0,0.00024752
VIB/BTC,1608487228189,2020-12-20T18:00:28.189Z,buy,1.12e-06,48377.0,0.05418224
VIB/BTC,1608487228939,2020-12-20T18:00:28.939Z,sell,1.11e-06,2301.0,0.00255411
VIB/BTC,1608487228975,2020-12-20T18:00:28.975Z,buy,1.12e-06,1037.0,0.00116144
VIB/BTC,1608487229161,2020-12-20T18:00:29.161Z,buy,1.12e-06,251.0,0.00028112
VIB/BTC,1608487229703,2020-12-20T18:00:29.703Z,buy,1.12e-06,702.0,0.00078624
VIB/BTC,1608487230179,2020-12-20T18:00:30.179Z,buy,1.12e-06,263.0,0.00029456
VIB/BTC,1608487230286,2020-12-20T18:00:30.286Z,buy,1.12e-06,253247.0,0.28363664
VIB/BTC,1608487231197,2020-12-20T18:00:31.197Z,buy,1.12e-06,286.0,0.00032032
VIB/BTC,1608487231289,2020-12-20T18:00:31.289Z,buy,1.12e-06,1640.0,0.0018368
VIB/BTC,1608487232079,2020-12-20T18:00:32.079Z,buy,1.12e-06,7810.0,0.0087472
VIB/BTC,1608487232213,2020-12-20T18:00:32.213Z,buy,1.12e-06,230.0,0.0002576
VIB/BTC,1608487232583,2020-12-20T18:00:32.583Z,buy,1.12e-06,174443.0,0.19537616
VIB/BTC,1608487232621,2020-12-20T18:00:32.621Z,buy,1.12e-06,30104.0,0.03371648
VIB/BTC,1608487233226,2020-12-20T18:00:33.226Z,buy,1.12e-06,187.0,0.00020944
VIB/BTC,1608487233378,2020-12-20T18:00:33.378Z,buy,1.12e-06,298.0,0.00033376
VIB/BTC,1608487233546,2020-12-20T18:00:33.546Z,sell,1.11e-06,290.0,0.0003218999999999
VIB/BTC,1608487233565,2020-12-20T18:00:33.565Z,buy,1.12e-06,1671.0,0.00187152
VIB/BTC,1608487233584,2020-12-20T18:00:33.584Z,buy,1.12e-06,2639.0,0.00295568
VIB/BTC,1608487233667,2020-12-20T18:00:33.667Z,buy,1.12e-06,12587.0,0.01409744
VIB/BTC,1608487234018,2020-12-20T18:00:34.018Z,buy,1.12e-06,1265.0,0.0014168
VIB/BTC,1608487234040,2020-12-20T18:00:34.040Z,buy,1.12e-06,14030.0,0.0157136
VIB/BTC,1608487234238,2020-12-20T18:00:34.238Z,buy,1.12e-06,262.0,0.00029344
VIB/BTC,1608487234556,2020-12-20T18:00:34.556Z,buy,1.12e-06,89142.0,0.09983904
VIB/BTC,1608487234618,2020-12-20T18:00:34.618Z,buy,1.12e-06,7519.0,0.00842128
VIB/BTC,1608487234894,2020-12-20T18:00:34.894Z,buy,1.12e-06,243.0,0.00027216
VIB/BTC,1608487234897,2020-12-20T18:00:34.897Z,buy,1.12e-06,8757.0,0.00980784
VIB/BTC,1608487234942,2020-12-20T18:00:34.942Z,buy,1.12e-06,5318.0,0.00595616
VIB/BTC,1608487235255,2020-12-20T18:00:35.255Z,buy,1.12e-06,215.0,0.0002408
VIB/BTC,1608487235488,2020-12-20T18:00:35.488Z,buy,1.12e-06,127309.0,0.14258608
VIB/BTC,1608487236155,2020-12-20T18:00:36.155Z,sell,1.12e-06,6019.0,0.00674128
VIB/BTC,1608487236273,2020-12-20T18:00:36.273Z,buy,1.13e-06,295.0,0.00033335
VIB/BTC,1608487237153,2020-12-20T18:00:37.153Z,buy,1.13e-06,1026.0,0.00115938
VIB/BTC,1608487237286,2020-12-20T18:00:37.286Z,buy,1.13e-06,219.0,0.00024747
VIB/BTC,1608487237387,2020-12-20T18:00:37.387Z,buy,1.13e-06,2271.0,0.00256623
VIB/BTC,1608487237587,2020-12-20T18:00:37.587Z,buy,1.13e-06,8556.0,0.00966828
VIB/BTC,1608487238183,2020-12-20T18:00:38.183Z,buy,1.13e-06,28204.0,0.03187052
VIB/BTC,1608487238299,2020-12-20T18:00:38.299Z,buy,1.13e-06,237.0,0.00026781
VIB/BTC,1608487238920,2020-12-20T18:00:38.920Z,sell,1.12e-06,23044.0,0.02580928
VIB/BTC,1608487238990,2020-12-20T18:00:38.990Z,buy,1.13e-06,1482.0,0.00167466
VIB/BTC,1608487239053,2020-12-20T18:00:39.053Z,buy,1.13e-06,30111.0,0.03402543
VIB/BTC,1608487239155,2020-12-20T18:00:39.155Z,buy,1.13e-06,4946.0,0.00558898
VIB/BTC,1608487239315,2020-12-20T18:00:39.315Z,buy,1.13e-06,286.0,0.00032318
VIB/BTC,1608487239412,2020-12-20T18:00:39.412Z,sell,1.12e-06,3454.0,0.00386848
VIB/BTC,1608487240293,2020-12-20T18:00:40.293Z,sell,1.12e-06,1400.0,0.001568
VIB/BTC,1608487241832,2020-12-20T18:00:41.832Z,buy,1.13e-06,17522.0,0.01979986
VIB/BTC,1608487241850,2020-12-20T18:00:41.850Z,buy,1.13e-06,1978.0,0.00223514
VIB/BTC,1608487242259,2020-12-20T18:00:42.259Z,buy,1.13e-06,34762.0,0.03928106
VIB/BTC,1608487243430,2020-12-20T18:00:43.430Z,buy,1.13e-06,54843.0,0.06197259
VIB/BTC,1608487244468,2020-12-20T18:00:44.468Z,sell,1.12e-06,9000.0,0.01008
VIB/BTC,1608487244967,2020-12-20T18:00:44.967Z,buy,1.13e-06,39683.0,0.04484179
VIB/BTC,1608487245200,2020-12-20T18:00:45.200Z,buy,1.13e-06,7931.0,0.00896203
VIB/BTC,1608487245397,2020-12-20T18:00:45.397Z,buy,1.13e-06,2752.0,0.00310976
VIB/BTC,1608487245531,2020-12-20T18:00:45.531Z,buy,1.13e-06,847.0,0.00095711
VIB/BTC,1608487245772,2020-12-20T18:00:45.772Z,buy,1.13e-06,14535.0,0.01642455
VIB/BTC,1608487245969,2020-12-20T18:00:45.969Z,buy,1.13e-06,4819.0,0.00544547
VIB/BTC,1608487246392,2020-12-20T18:00:46.392Z,sell,1.12e-06,2659.0,0.00297808
VIB/BTC,1608487246613,2020-12-20T18:00:46.613Z,buy,1.13e-06,17365.0,0.01962245
VIB/BTC,1608487246848,2020-12-20T18:00:46.848Z,buy,1.13e-06,10853.0,0.01226389
VIB/BTC,1608487247199,2020-12-20T18:00:47.199Z,buy,1.13e-06,31267.0,0.03533171
VIB/BTC,1608487247271,2020-12-20T18:00:47.271Z,buy,1.13e-06,3622.0,0.00409286
VIB/BTC,1608487247318,2020-12-20T18:00:47.318Z,sell,1.12e-06,100.0,0.000112
VIB/BTC,1608487247335,2020-12-20T18:00:47.335Z,buy,1.13e-06,23917.0,0.02702621
VIB/BTC,1608487247547,2020-12-20T18:00:47.547Z,sell,1.13e-06,2395.0,0.00270635
VIB/BTC,1608487248756,2020-12-20T18:00:48.756Z,sell,1.13e-06,5679.0,0.00641727
VIB/BTC,1608487248958,2020-12-20T18:00:48.958Z,sell,1.13e-06,8051.0,0.00909763
VIB/BTC,1608487248960,2020-12-20T18:00:48.960Z,sell,1.13e-06,982.0,0.00110966
VIB/BTC,1608487248960,2020-12-20T18:00:48.960Z,sell,1.12e-06,1065.0,0.0011928
VIB/BTC,1608487248991,2020-12-20T18:00:48.991Z,buy,1.14e-06,1053.0,0.00120042
VIB/BTC,1608487250578,2020-12-20T18:00:50.578Z,sell,1.13e-06,1718.0,0.00194134
VIB/BTC,1608487250578,2020-12-20T18:00:50.578Z,sell,1.12e-06,26760.0,0.0299712
VIB/BTC,1608487250578,2020-12-20T18:00:50.578Z,sell,1.11e-06,4521.0,0.00501831
VIB/BTC,1608487250578,2020-12-20T18:00:50.578Z,sell,1.1e-06,11283.0,0.0124113
VIB/BTC,1608487250578,2020-12-20T18:00:50.578Z,sell,1.09e-06,3777.0,0.0041169299999999
VIB/BTC,1608487250750,2020-12-20T18:00:50.750Z,sell,1.13e-06,1515.0,0.00171195
VIB/BTC,1608487250990,2020-12-20T18:00:50.990Z,buy,1.14e-06,7856.0,0.00895584
VIB/BTC,1608487251047,2020-12-20T18:00:51.047Z,sell,1.13e-06,209.0,0.0002361699999999
VIB/BTC,1608487251210,2020-12-20T18:00:51.210Z,sell,1.13e-06,1006.0,0.00113678
VIB/BTC,1608487251471,2020-12-20T18:00:51.471Z,sell,1.13e-06,2844.0,0.0032137199999999
VIB/BTC,1608487251509,2020-12-20T18:00:51.509Z,sell,1.12e-06,1006.0,0.00112672
VIB/BTC,1608487251568,2020-12-20T18:00:51.568Z,sell,1.12e-06,209.0,0.00023408
VIB/BTC,1608487251743,2020-12-20T18:00:51.743Z,buy,1.13e-06,3726.0,0.00421038
VIB/BTC,1608487251814,2020-12-20T18:00:51.814Z,sell,1.12e-06,1006.0,0.00112672
VIB/BTC,1608487251842,2020-12-20T18:00:51.842Z,buy,1.13e-06,8150.0,0.0092095
VIB/BTC,1608487252052,2020-12-20T18:00:52.052Z,sell,1.12e-06,206.0,0.00023072
VIB/BTC,1608487252104,2020-12-20T18:00:52.104Z,sell,1.12e-06,1012.0,0.00113344
VIB/BTC,1608487252556,2020-12-20T18:00:52.556Z,sell,1.12e-06,211.0,0.00023632
VIB/BTC,1608487252809,2020-12-20T18:00:52.809Z,buy,1.13e-06,267.0,0.00030171
VIB/BTC,1608487253037,2020-12-20T18:00:53.037Z,sell,1.12e-06,19504.0,0.02184448
VIB/BTC,1608487253102,2020-12-20T18:00:53.102Z,buy,1.13e-06,206.0,0.00023278
VIB/BTC,1608487253669,2020-12-20T18:00:53.669Z,sell,1.12e-06,3246.0,0.00363552
VIB/BTC,1608487253796,2020-12-20T18:00:53.796Z,buy,1.13e-06,4001.0,0.00452113
VIB/BTC,1608487254050,2020-12-20T18:00:54.050Z,buy,1.13e-06,6043.0,0.00682859
VIB/BTC,1608487256166,2020-12-20T18:00:56.166Z,sell,1.12e-06,571.0,0.00063952
VIB/BTC,1608487256185,2020-12-20T18:00:56.185Z,sell,1.11e-06,711.0,0.0007892099999999
VIB/BTC,1608487256453,2020-12-20T18:00:56.453Z,buy,1.12e-06,571.0,0.00063952
VIB/BTC,1608487256453,2020-12-20T18:00:56.453Z,sell,1.12e-06,101.0,0.00011312
VIB/BTC,1608487256453,2020-12-20T18:00:56.453Z,sell,1.11e-06,141.0,0.00015651
VIB/BTC,1608487256723,2020-12-20T18:00:56.723Z,buy,1.13e-06,2657.0,0.00300241
VIB/BTC,1608487257477,2020-12-20T18:00:57.477Z,buy,1.13e-06,28780.0,0.0325214
VIB/BTC,1608487257804,2020-12-20T18:00:57.804Z,sell,1.12e-06,4444.0,0.00497728
VIB/BTC,1608487257804,2020-12-20T18:00:57.804Z,sell,1.11e-06,1076.0,0.00119436
VIB/BTC,1608487257879,2020-12-20T18:00:57.879Z,buy,1.11e-06,211.0,0.00023421
VIB/BTC,1608487258189,2020-12-20T18:00:58.189Z,sell,1.1e-06,2636.0,0.0028996
VIB/BTC,1608487258757,2020-12-20T18:00:58.757Z,buy,1.11e-06,11763.0,0.01305693
VIB/BTC,1608487258757,2020-12-20T18:00:58.757Z,buy,1.12e-06,2055.0,0.0023016
VIB/BTC,1608487259113,2020-12-20T18:00:59.113Z,buy,1.12e-06,263.0,0.00029456
VIB/BTC,1608487259233,2020-12-20T18:00:59.233Z,buy,1.12e-06,500.0,0.00056
VIB/BTC,1608487259308,2020-12-20T18:00:59.308Z,sell,1.1e-06,83047.0,0.0913517
VIB/BTC,1608487259592,2020-12-20T18:00:59.592Z,sell,1.11e-06,211.0,0.00023421
VIB/BTC,1608487259798,2020-12-20T18:00:59.798Z,buy,1.11e-06,305.0,0.0003385499999999
VIB/BTC,1608487260344,2020-12-20T18:01:00.344Z,buy,1.11e-06,698.0,0.00077478
VIB/BTC,1608487260344,2020-12-20T18:01:00.344Z,buy,1.12e-06,398.0,0.00044576
VIB/BTC,1608487260415,2020-12-20T18:01:00.415Z,sell,1.1e-06,4814.0,0.0052954
VIB/BTC,1608487260476,2020-12-20T18:01:00.476Z,sell,1.1e-06,2026.0,0.0022286
VIB/BTC,1608487260675,2020-12-20T18:01:00.675Z,buy,1.12e-06,2679.0,0.00300048
VIB/BTC,1608487261221,2020-12-20T18:01:01.221Z,buy,1.12e-06,1180.0,0.0013216
VIB/BTC,1608487261478,2020-12-20T18:01:01.478Z,buy,1.12e-06,891.0,0.00099792
VIB/BTC,1608487261817,2020-12-20T18:01:01.817Z,buy,1.12e-06,2443.0,0.00273616
VIB/BTC,1608487261923,2020-12-20T18:01:01.923Z,buy,1.12e-06,12833.0,0.01437296
VIB/BTC,1608487261972,2020-12-20T18:01:01.972Z,sell,1.11e-06,1220.0,0.0013541999999999
VIB/BTC,1608487261972,2020-12-20T18:01:01.972Z,sell,1.1e-06,1301.0,0.0014311
VIB/BTC,1608487263126,2020-12-20T18:01:03.126Z,sell,1.1e-06,650.0,0.000715
VIB/BTC,1608487263214,2020-12-20T18:01:03.214Z,buy,1.1e-06,26978.0,0.0296758
VIB/BTC,1608487263214,2020-12-20T18:01:03.214Z,buy,1.11e-06,17594.0,0.01952934
VIB/BTC,1608487263214,2020-12-20T18:01:03.214Z,buy,1.12e-06,112989.0,0.12654768
VIB/BTC,1608487263515,2020-12-20T18:01:03.515Z,sell,1.11e-06,1008.0,0.00111888
VIB/BTC,1608487263620,2020-12-20T18:01:03.620Z,buy,1.12e-06,11289.0,0.01264368
VIB/BTC,1608487265135,2020-12-20T18:01:05.135Z,sell,1.11e-06,208.0,0.0002308799999999
VIB/BTC,1608487266320,2020-12-20T18:01:06.320Z,sell,1.11e-06,495.0,0.0005494499999999
VIB/BTC,1608487266545,2020-12-20T18:01:06.545Z,buy,1.12e-06,9303.0,0.01041936
VIB/BTC,1608487267032,2020-12-20T18:01:07.032Z,buy,1.12e-06,154.0,0.00017248
VIB/BTC,1608487267372,2020-12-20T18:01:07.372Z,buy,1.12e-06,11667.0,0.01306704
VIB/BTC,1608487267941,2020-12-20T18:01:07.941Z,sell,1.11e-06,3391.0,0.00376401
VIB/BTC,1608487268014,2020-12-20T18:01:08.014Z,buy,1.12e-06,1142.0,0.00127904
VIB/BTC,1608487268964,2020-12-20T18:01:08.964Z,sell,1.11e-06,1884.0,0.00209124
VIB/BTC,1608487269409,2020-12-20T18:01:09.409Z,buy,1.12e-06,2071.0,0.00231952
VIB/BTC,1608487270869,2020-12-20T18:01:10.869Z,sell,1.11e-06,71209.0,0.0790419899999999
VIB/BTC,1608487270869,2020-12-20T18:01:10.869Z,sell,1.1e-06,44851.0,0.0493361
VIB/BTC,1608487270980,2020-12-20T18:01:10.980Z,sell,1.1e-06,2640.0,0.002904
VIB/BTC,1608487271953,2020-12-20T18:01:11.953Z,buy,1.11e-06,100.0,0.000111
VIB/BTC,1608487272448,2020-12-20T18:01:12.448Z,sell,1.1e-06,564.0,0.0006204
VIB/BTC,1608487272738,2020-12-20T18:01:12.738Z,buy,1.11e-06,891.0,0.00098901
VIB/BTC,1608487272793,2020-12-20T18:01:12.793Z,buy,1.11e-06,8063.0,0.00894993
VIB/BTC,1608487273955,2020-12-20T18:01:13.955Z,sell,1.1e-06,1000.0,0.0011
VIB/BTC,1608487274230,2020-12-20T18:01:14.230Z,sell,1.1e-06,4620.0,0.005082
VIB/BTC,1608487274247,2020-12-20T18:01:14.247Z,buy,1.1e-06,178.0,0.0001958
VIB/BTC,1608487274970,2020-12-20T18:01:14.970Z,sell,1.09e-06,1952.0,0.00212768
VIB/BTC,1608487275468,2020-12-20T18:01:15.468Z,buy,1.1e-06,500.0,0.00055
VIB/BTC,1608487275549,2020-12-20T18:01:15.549Z,buy,1.1e-06,725.0,0.0007975
VIB/BTC,1608487275549,2020-12-20T18:01:15.549Z,buy,1.11e-06,19994.0,0.02219334
VIB/BTC,1608487275549,2020-12-20T18:01:15.549Z,buy,1.12e-06,3651.0,0.00408912
VIB/BTC,1608487275549,2020-12-20T18:01:15.549Z,buy,1.13e-06,113657.0,0.12843241
VIB/BTC,1608487275757,2020-12-20T18:01:15.757Z,sell,1.1e-06,917.0,0.0010087
VIB/BTC,1608487277442,2020-12-20T18:01:17.442Z,buy,1.12e-06,2496.0,0.00279552
VIB/BTC,1608487278130,2020-12-20T18:01:18.130Z,buy,1.12e-06,4735.0,0.0053032
VIB/BTC,1608487278710,2020-12-20T18:01:18.710Z,sell,1.11e-06,1476.0,0.00163836
VIB/BTC,1608487278710,2020-12-20T18:01:18.710Z,sell,1.1e-06,19922.0,0.0219142
VIB/BTC,1608487279610,2020-12-20T18:01:19.610Z,buy,1.11e-06,1011.0,0.00112221
VIB/BTC,1608487279610,2020-12-20T18:01:19.610Z,buy,1.12e-06,23771.0,0.02662352
VIB/BTC,1608487280073,2020-12-20T18:01:20.073Z,buy,1.11e-06,210.0,0.0002331
VIB/BTC,1608487280073,2020-12-20T18:01:20.073Z,buy,1.12e-06,2918.0,0.00326816
VIB/BTC,1608487280154,2020-12-20T18:01:20.154Z,buy,1.12e-06,4690.0,0.0052528
VIB/BTC,1608487285467,2020-12-20T18:01:25.467Z,buy,1.12e-06,320.0,0.0003584
VIB/BTC,1608487286117,2020-12-20T18:01:26.117Z,buy,1.12e-06,240.0,0.0002688
VIB/BTC,1608487287742,2020-12-20T18:01:27.742Z,sell,1.1e-06,11547.0,0.0127017
VIB/BTC,1608487290993,2020-12-20T18:01:30.993Z,buy,1.1e-06,3000.0,0.0033
VIB/BTC,1608487292933,2020-12-20T18:01:32.933Z,sell,1.09e-06,1983.0,0.00216147
VIB/BTC,1608487293612,2020-12-20T18:01:33.612Z,sell,1.09e-06,9638.0,0.01050542
VIB/BTC,1608487293728,2020-12-20T18:01:33.728Z,buy,1.1e-06,206004.0,0.2266044
VIB/BTC,1608487293899,2020-12-20T18:01:33.899Z,sell,1.09e-06,582.0,0.0006343799999999
VIB/BTC,1608487294869,2020-12-20T18:01:34.869Z,buy,1.1e-06,1227.0,0.0013497
VIB/BTC,1608487294869,2020-12-20T18:01:34.869Z,buy,1.11e-06,9054.0,0.01004994
VIB/BTC,1608487297585,2020-12-20T18:01:37.585Z,sell,1.1e-06,1225.0,0.0013475
VIB/BTC,1608487297585,2020-12-20T18:01:37.585Z,sell,1.09e-06,22119.0,0.02410971
VIB/BTC,1608487297599,2020-12-20T18:01:37.599Z,buy,1.09e-06,1290.0,0.0014061
VIB/BTC,1608487297619,2020-12-20T18:01:37.619Z,buy,1.09e-06,990.0,0.0010791
VIB/BTC,1608487297639,2020-12-20T18:01:37.639Z,buy,1.09e-06,1043.0,0.00113687
VIB/BTC,1608487298155,2020-12-20T18:01:38.155Z,sell,1.1e-06,1015.0,0.0011165
VIB/BTC,1608487298453,2020-12-20T18:01:38.453Z,sell,1.1e-06,214.0,0.0002354
VIB/BTC,1608487299232,2020-12-20T18:01:39.232Z,buy,1.11e-06,409.0,0.00045399
VIB/BTC,1608487301349,2020-12-20T18:01:41.349Z,buy,1.11e-06,608.0,0.00067488
VIB/BTC,1608487302854,2020-12-20T18:01:42.854Z,buy,1.11e-06,5928.0,0.0065800799999999
VIB/BTC,1608487303142,2020-12-20T18:01:43.142Z,buy,1.12e-06,1205.0,0.0013496
VIB/BTC,1608487303489,2020-12-20T18:01:43.489Z,sell,1.11e-06,379.0,0.00042069
VIB/BTC,1608487303713,2020-12-20T18:01:43.713Z,sell,1.11e-06,240.0,0.0002663999999999
VIB/BTC,1608487305635,2020-12-20T18:01:45.635Z,sell,1.11e-06,2669.0,0.0029625899999999
VIB/BTC,1608487309839,2020-12-20T18:01:49.839Z,sell,1.11e-06,1000.0,0.0011099999999999
VIB/BTC,1608487312331,2020-12-20T18:01:52.331Z,buy,1.12e-06,656.0,0.00073472
VIB/BTC,1608487312331,2020-12-20T18:01:52.331Z,buy,1.12e-06,656.0,0.00073472
VIB/BTC,1608487312332,2020-12-20T18:01:52.332Z,buy,1.12e-06,656.0,0.00073472
VIB/BTC,1608487312332,2020-12-20T18:01:52.332Z,buy,1.12e-06,656.0,0.00073472
VIB/BTC,1608487312332,2020-12-20T18:01:52.332Z,buy,1.12e-06,656.0,0.00073472
VIB/BTC,1608487312332,2020-12-20T18:01:52.332Z,buy,1.12e-06,656.0,0.00073472
VIB/BTC,1608487312332,2020-12-20T18:01:52.332Z,buy,1.12e-06,656.0,0.00073472
VIB/BTC,1608487312332,2020-12-20T18:01:52.332Z,buy,1.12e-06,656.0,0.00073472
VIB/BTC,1608487312333,2020-12-20T18:01:52.333Z,buy,1.12e-06,656.0,0.00073472
VIB/BTC,1608487312333,2020-12-20T18:01:52.333Z,buy,1.12e-06,656.0,0.00073472
VIB/BTC,1608487312333,2020-12-20T18:01:52.333Z,buy,1.12e-06,656.0,0.00073472
VIB/BTC,1608487312333,2020-12-20T18:01:52.333Z,buy,1.12e-06,656.0,0.00073472
VIB/BTC,1608487312333,2020-12-20T18:01:52.333Z,buy,1.12e-06,656.0,0.00073472
VIB/BTC,1608487312333,2020-12-20T18:01:52.333Z,buy,1.12e-06,656.0,0.00073472
VIB/BTC,1608487312333,2020-12-20T18:01:52.333Z,buy,1.12e-06,656.0,0.00073472
VIB/BTC,1608487312333,2020-12-20T18:01:52.333Z,buy,1.12e-06,656.0,0.00073472
VIB/BTC,1608487312333,2020-12-20T18:01:52.333Z,buy,1.12e-06,656.0,0.00073472
VIB/BTC,1608487312333,2020-12-20T18:01:52.333Z,buy,1.12e-06,656.0,0.00073472
VIB/BTC,1608487312333,2020-12-20T18:01:52.333Z,buy,1.12e-06,656.0,0.00073472
VIB/BTC,1608487312333,2020-12-20T18:01:52.333Z,buy,1.12e-06,656.0,0.00073472
VIB/BTC,1608487312333,2020-12-20T18:01:52.333Z,buy,1.12e-06,656.0,0.00073472
VIB/BTC,1608487312333,2020-12-20T18:01:52.333Z,buy,1.12e-06,656.0,0.00073472
VIB/BTC,1608487312334,2020-12-20T18:01:52.334Z,buy,1.12e-06,656.0,0.00073472
VIB/BTC,1608487312334,2020-12-20T18:01:52.334Z,buy,1.12e-06,656.0,0.00073472
VIB/BTC,1608487312334,2020-12-20T18:01:52.334Z,buy,1.12e-06,656.0,0.00073472
VIB/BTC,1608487312334,2020-12-20T18:01:52.334Z,buy,1.12e-06,21965.0,0.0246008
VIB/BTC,1608487312334,2020-12-20T18:01:52.334Z,buy,1.12e-06,656.0,0.00073472
VIB/BTC,1608487312334,2020-12-20T18:01:52.334Z,buy,1.12e-06,656.0,0.00073472
VIB/BTC,1608487312334,2020-12-20T18:01:52.334Z,buy,1.12e-06,656.0,0.00073472
VIB/BTC,1608487312334,2020-12-20T18:01:52.334Z,buy,1.12e-06,656.0,0.00073472
VIB/BTC,1608487312335,2020-12-20T18:01:52.335Z,buy,1.12e-06,656.0,0.00073472
VIB/BTC,1608487312335,2020-12-20T18:01:52.335Z,buy,1.12e-06,656.0,0.00073472
VIB/BTC,1608487312336,2020-12-20T18:01:52.336Z,buy,1.12e-06,2089.0,0.00233968
VIB/BTC,1608487312336,2020-12-20T18:01:52.336Z,buy,1.12e-06,656.0,0.00073472
VIB/BTC,1608487312336,2020-12-20T18:01:52.336Z,buy,1.12e-06,656.0,0.00073472
VIB/BTC,1608487312336,2020-12-20T18:01:52.336Z,buy,1.12e-06,656.0,0.00073472
VIB/BTC,1608487312336,2020-12-20T18:01:52.336Z,buy,1.12e-06,656.0,0.00073472
VIB/BTC,1608487312337,2020-12-20T18:01:52.337Z,buy,1.12e-06,656.0,0.00073472
VIB/BTC,1608487312337,2020-12-20T18:01:52.337Z,buy,1.12e-06,656.0,0.00073472
VIB/BTC,1608487312337,2020-12-20T18:01:52.337Z,buy,1.12e-06,656.0,0.00073472
VIB/BTC,1608487312337,2020-12-20T18:01:52.337Z,buy,1.12e-06,656.0,0.00073472
VIB/BTC,1608487312337,2020-12-20T18:01:52.337Z,buy,1.12e-06,656.0,0.00073472
VIB/BTC,1608487312337,2020-12-20T18:01:52.337Z,buy,1.12e-06,656.0,0.00073472
VIB/BTC,1608487312337,2020-12-20T18:01:52.337Z,buy,1.12e-06,656.0,0.00073472
VIB/BTC,1608487312337,2020-12-20T18:01:52.337Z,buy,1.12e-06,656.0,0.00073472
VIB/BTC,1608487312338,2020-12-20T18:01:52.338Z,buy,1.12e-06,656.0,0.00073472
VIB/BTC,1608487312338,2020-12-20T18:01:52.338Z,buy,1.12e-06,656.0,0.00073472
VIB/BTC,1608487312339,2020-12-20T18:01:52.339Z,buy,1.12e-06,656.0,0.00073472
VIB/BTC,1608487312339,2020-12-20T18:01:52.339Z,buy,1.12e-06,656.0,0.00073472
VIB/BTC,1608487312339,2020-12-20T18:01:52.339Z,buy,1.12e-06,656.0,0.00073472
VIB/BTC,1608487312339,2020-12-20T18:01:52.339Z,buy,1.12e-06,656.0,0.00073472
VIB/BTC,1608487312339,2020-12-20T18:01:52.339Z,buy,1.12e-06,656.0,0.00073472
VIB/BTC,1608487312339,2020-12-20T18:01:52.339Z,buy,1.12e-06,656.0,0.00073472
VIB/BTC,1608487312375,2020-12-20T18:01:52.375Z,sell,1.1e-06,2089.0,0.0022979
VIB/BTC,1608487312423,2020-12-20T18:01:52.423Z,sell,1.1e-06,29520.0,0.032472
VIB/BTC,1608487312468,2020-12-20T18:01:52.468Z,buy,1.12e-06,6039.0,0.00676368
VIB/BTC,1608487312474,2020-12-20T18:01:52.474Z,buy,1.12e-06,6039.0,0.00676368
VIB/BTC,1608487312628,2020-12-20T18:01:52.628Z,buy,1.11e-06,1011.0,0.00112221
VIB/BTC,1608487312751,2020-12-20T18:01:52.751Z,buy,1.11e-06,215.0,0.00023865
VIB/BTC,1608487314018,2020-12-20T18:01:54.018Z,sell,1.1e-06,10296.0,0.0113256
VIB/BTC,1608487316271,2020-12-20T18:01:56.271Z,buy,1.11e-06,1357.0,0.0015062699999999
VIB/BTC,1608487316752,2020-12-20T18:01:56.752Z,sell,1.1e-06,590.0,0.000649
VIB/BTC,1608487319593,2020-12-20T18:01:59.593Z,buy,1.11e-06,345.0,0.00038295
VIB/BTC,1608487321069,2020-12-20T18:02:01.069Z,buy,1.11e-06,266.0,0.00029526
VIB/BTC,1608487322216,2020-12-20T18:02:02.216Z,buy,1.11e-06,439.0,0.00048729
VIB/BTC,1608487326366,2020-12-20T18:02:06.366Z,sell,1.1e-06,27742.0,0.0305162
VIB/BTC,1608487326436,2020-12-20T18:02:06.436Z,buy,1.11e-06,743.0,0.00082473
VIB/BTC,1608487328549,2020-12-20T18:02:08.549Z,buy,1.11e-06,635.0,0.0007048499999999
VIB/BTC,1608487328743,2020-12-20T18:02:08.743Z,buy,1.11e-06,638.0,0.00070818
VIB/BTC,1608487328896,2020-12-20T18:02:08.896Z,buy,1.11e-06,1320.0,0.0014652
VIB/BTC,1608487330070,2020-12-20T18:02:10.070Z,buy,1.11e-06,189.0,0.0002097899999999
VIB/BTC,1608487331089,2020-12-20T18:02:11.089Z,buy,1.11e-06,192.0,0.00021312
VIB/BTC,1608487332111,2020-12-20T18:02:12.111Z,buy,1.11e-06,200.0,0.000222
VIB/BTC,1608487332199,2020-12-20T18:02:12.199Z,buy,1.11e-06,654.0,0.00072594
VIB/BTC,1608487332335,2020-12-20T18:02:12.335Z,buy,1.11e-06,35959.0,0.03991449
VIB/BTC,1608487332607,2020-12-20T18:02:12.607Z,sell,1.11e-06,4000.0,0.0044399999999999
VIB/BTC,1608487333131,2020-12-20T18:02:13.131Z,buy,1.12e-06,195.0,0.0002184
VIB/BTC,1608487333688,2020-12-20T18:02:13.688Z,buy,1.12e-06,11382.0,0.01274784
VIB/BTC,1608487334147,2020-12-20T18:02:14.147Z,buy,1.12e-06,219.0,0.00024528
VIB/BTC,1608487334968,2020-12-20T18:02:14.968Z,sell,1.11e-06,35700.0,0.0396269999999999
VIB/BTC,1608487334968,2020-12-20T18:02:14.968Z,sell,1.1e-06,1709.0,0.0018799
VIB/BTC,1608487335162,2020-12-20T18:02:15.162Z,buy,1.12e-06,183.0,0.00020496
VIB/BTC,1608487336181,2020-12-20T18:02:16.181Z,buy,1.12e-06,192.0,0.00021504
VIB/BTC,1608487337196,2020-12-20T18:02:17.196Z,buy,1.11e-06,293.0,0.00032523
VIB/BTC,1608487337321,2020-12-20T18:02:17.321Z,buy,1.11e-06,17538.0,0.01946718
VIB/BTC,1608487337367,2020-12-20T18:02:17.367Z,buy,1.11e-06,6166.0,0.00684426
VIB/BTC,1608487338023,2020-12-20T18:02:18.023Z,sell,1.1e-06,185.0,0.0002035
VIB/BTC,1608487338215,2020-12-20T18:02:18.215Z,buy,1.12e-06,224.0,0.00025088
VIB/BTC,1608487338674,2020-12-20T18:02:18.674Z,buy,1.12e-06,4464.0,0.00499968
VIB/BTC,1608487338982,2020-12-20T18:02:18.982Z,buy,1.12e-06,70181.0,0.07860272
VIB/BTC,1608487339234,2020-12-20T18:02:19.234Z,buy,1.12e-06,278.0,0.00031136
VIB/BTC,1608487339375,2020-12-20T18:02:19.375Z,buy,1.12e-06,48304.0,0.05410048
VIB/BTC,1608487339375,2020-12-20T18:02:19.375Z,buy,1.13e-06,103310.0,0.1167402999999999
VIB/BTC,1608487340171,2020-12-20T18:02:20.171Z,buy,1.13e-06,1168.0,0.00131984
VIB/BTC,1608487340251,2020-12-20T18:02:20.251Z,buy,1.13e-06,243.0,0.00027459
VIB/BTC,1608487341263,2020-12-20T18:02:21.263Z,buy,1.13e-06,292.0,0.00032996
VIB/BTC,1608487341561,2020-12-20T18:02:21.561Z,buy,1.13e-06,91.0,0.00010283
VIB/BTC,1608487342276,2020-12-20T18:02:22.276Z,buy,1.13e-06,266.0,0.00030058
VIB/BTC,1608487343289,2020-12-20T18:02:23.289Z,buy,1.13e-06,291.0,0.00032883
VIB/BTC,1608487343319,2020-12-20T18:02:23.319Z,buy,1.13e-06,10211.0,0.01153843
VIB/BTC,1608487344307,2020-12-20T18:02:24.307Z,buy,1.13e-06,187.0,0.00021131
VIB/BTC,1608487344499,2020-12-20T18:02:24.499Z,sell,1.12e-06,1158.0,0.00129696
VIB/BTC,1608487344668,2020-12-20T18:02:24.668Z,sell,1.12e-06,63.0,7.056e-05
VIB/BTC,1608487344668,2020-12-20T18:02:24.668Z,sell,1.11e-06,37.0,4.107e-05
VIB/BTC,1608487344909,2020-12-20T18:02:24.909Z,buy,1.13e-06,19004.0,0.02147452
VIB/BTC,1608487344909,2020-12-20T18:02:24.909Z,buy,1.14e-06,1375.0,0.0015675
VIB/BTC,1608487345325,2020-12-20T18:02:25.325Z,buy,1.13e-06,212.0,0.00023956
VIB/BTC,1608487345325,2020-12-20T18:02:25.325Z,buy,1.14e-06,19.0,2.1660000000000003e-05
VIB/BTC,1608487345696,2020-12-20T18:02:25.696Z,sell,1.12e-06,1000.0,0.00112
VIB/BTC,1608487346342,2020-12-20T18:02:26.342Z,buy,1.14e-06,299.0,0.00034086
VIB/BTC,1608487347354,2020-12-20T18:02:27.354Z,buy,1.14e-06,199.0,0.00022686
VIB/BTC,1608487348367,2020-12-20T18:02:28.367Z,buy,1.14e-06,236.0,0.00026904
VIB/BTC,1608487348686,2020-12-20T18:02:28.686Z,sell,1.13e-06,2416.0,0.0027300799999999
VIB/BTC,1608487348779,2020-12-20T18:02:28.779Z,buy,1.14e-06,31486.0,0.03589404
VIB/BTC,1608487348883,2020-12-20T18:02:28.883Z,sell,1.13e-06,2663.0,0.00300919
VIB/BTC,1608487349380,2020-12-20T18:02:29.380Z,buy,1.14e-06,285.0,0.0003249
VIB/BTC,1608487350017,2020-12-20T18:02:30.017Z,sell,1.13e-06,1978.0,0.00223514
VIB/BTC,1608487350401,2020-12-20T18:02:30.401Z,buy,1.14e-06,206.0,0.00023484
VIB/BTC,1608487351415,2020-12-20T18:02:31.415Z,buy,1.14e-06,222.0,0.00025308
VIB/BTC,1608487352175,2020-12-20T18:02:32.175Z,sell,1.13e-06,6959.0,0.00786367
VIB/BTC,1608487352431,2020-12-20T18:02:32.431Z,buy,1.14e-06,234.0,0.00026676
VIB/BTC,1608487352604,2020-12-20T18:02:32.604Z,buy,1.14e-06,6977.0,0.00795378
VIB/BTC,1608487352807,2020-12-20T18:02:32.807Z,sell,1.13e-06,2416.0,0.0027300799999999
VIB/BTC,1608487353406,2020-12-20T18:02:33.406Z,buy,1.14e-06,113356.0,0.12922584
VIB/BTC,1608487353450,2020-12-20T18:02:33.450Z,buy,1.14e-06,280.0,0.0003192
VIB/BTC,1608487354050,2020-12-20T18:02:34.050Z,buy,1.14e-06,676.0,0.00077064
VIB/BTC,1608487354385,2020-12-20T18:02:34.385Z,sell,1.14e-06,108.0,0.00012312
VIB/BTC,1608487354469,2020-12-20T18:02:34.469Z,buy,1.15e-06,253.0,0.00029095
VIB/BTC,1608487355484,2020-12-20T18:02:35.484Z,buy,1.15e-06,178.0,0.0002047
VIB/BTC,1608487356114,2020-12-20T18:02:36.114Z,sell,1.14e-06,80540.0,0.0918156
VIB/BTC,1608487356114,2020-12-20T18:02:36.114Z,sell,1.13e-06,50075.0,0.0565847499999999
VIB/BTC,1608487356499,2020-12-20T18:02:36.499Z,buy,1.13e-06,252.0,0.00028476
VIB/BTC,1608487356828,2020-12-20T18:02:36.828Z,buy,1.13e-06,1000.0,0.00113
VIB/BTC,1608487357331,2020-12-20T18:02:37.331Z,sell,1.12e-06,20698.0,0.02318176
VIB/BTC,1608487357519,2020-12-20T18:02:37.519Z,buy,1.13e-06,195.0,0.00022035
VIB/BTC,1608487357523,2020-12-20T18:02:37.523Z,buy,1.13e-06,681.0,0.00076953
VIB/BTC,1608487357523,2020-12-20T18:02:37.523Z,buy,1.14e-06,3347.0,0.00381558
VIB/BTC,1608487357771,2020-12-20T18:02:37.771Z,buy,1.13e-06,1010.0,0.0011413
VIB/BTC,1608487357771,2020-12-20T18:02:37.771Z,buy,1.14e-06,1235.0,0.0014079
VIB/BTC,1608487358257,2020-12-20T18:02:38.257Z,buy,1.13e-06,208.0,0.00023504
VIB/BTC,1608487358450,2020-12-20T18:02:38.450Z,buy,1.13e-06,5.0,5.65e-06
VIB/BTC,1608487358538,2020-12-20T18:02:38.538Z,buy,1.14e-06,199.0,0.00022686
VIB/BTC,1608487359553,2020-12-20T18:02:39.553Z,buy,1.14e-06,223.0,0.00025422
VIB/BTC,1608487360568,2020-12-20T18:02:40.568Z,buy,1.14e-06,266.0,0.00030324
VIB/BTC,1608487360756,2020-12-20T18:02:40.756Z,sell,1.13e-06,1290.0,0.0014577
VIB/BTC,1608487361588,2020-12-20T18:02:41.588Z,buy,1.14e-06,197.0,0.00022458
VIB/BTC,1608487361780,2020-12-20T18:02:41.780Z,buy,1.14e-06,3277.0,0.00373578
VIB/BTC,1608487362603,2020-12-20T18:02:42.603Z,buy,1.14e-06,173.0,0.00019722
VIB/BTC,1608487363618,2020-12-20T18:02:43.618Z,buy,1.14e-06,259.0,0.00029526
VIB/BTC,1608487364451,2020-12-20T18:02:44.451Z,buy,1.14e-06,2693.0,0.00307002
VIB/BTC,1608487364633,2020-12-20T18:02:44.633Z,buy,1.14e-06,295.0,0.0003363
VIB/BTC,1608487365652,2020-12-20T18:02:45.652Z,buy,1.14e-06,165.0,0.0001881
VIB/BTC,1608487366668,2020-12-20T18:02:46.668Z,buy,1.14e-06,158.0,0.00018012
VIB/BTC,1608487366670,2020-12-20T18:02:46.670Z,sell,1.13e-06,20000.0,0.0226
VIB/BTC,1608487367687,2020-12-20T18:02:47.687Z,buy,1.14e-06,245.0,0.0002793
VIB/BTC,1608487368707,2020-12-20T18:02:48.707Z,buy,1.14e-06,225.0,0.0002565
VIB/BTC,1608487368724,2020-12-20T18:02:48.724Z,buy,1.14e-06,2637.0,0.00300618
VIB/BTC,1608487369727,2020-12-20T18:02:49.727Z,buy,1.14e-06,276.0,0.00031464
VIB/BTC,1608487370001,2020-12-20T18:02:50.001Z,sell,1.13e-06,12561.0,0.01419393
VIB/BTC,1608487370001,2020-12-20T18:02:50.001Z,sell,1.12e-06,32887.0,0.03683344
VIB/BTC,1608487370001,2020-12-20T18:02:50.001Z,sell,1.11e-06,1342.0,0.0014896199999999
VIB/BTC,1608487370318,2020-12-20T18:02:50.318Z,sell,1.13e-06,1011.0,0.00114243
VIB/BTC,1608487370343,2020-12-20T18:02:50.343Z,sell,1.13e-06,8741.0,0.00987733
VIB/BTC,1608487370746,2020-12-20T18:02:50.746Z,buy,1.12e-06,224.0,0.00025088
VIB/BTC,1608487370853,2020-12-20T18:02:50.853Z,buy,1.12e-06,788.0,0.00088256
VIB/BTC,1608487371764,2020-12-20T18:02:51.764Z,buy,1.13e-06,269.0,0.00030397
VIB/BTC,1608487372077,2020-12-20T18:02:52.077Z,buy,1.13e-06,566.0,0.0006395799999999
VIB/BTC,1608487372777,2020-12-20T18:02:52.777Z,buy,1.13e-06,214.0,0.0002418199999999
VIB/BTC,1608487372925,2020-12-20T18:02:52.925Z,buy,1.13e-06,14080.0,0.0159103999999999
VIB/BTC,1608487373405,2020-12-20T18:02:53.405Z,buy,1.13e-06,958.0,0.0010825399999999
VIB/BTC,1608487373790,2020-12-20T18:02:53.790Z,buy,1.13e-06,201.0,0.00022713
VIB/BTC,1608487374290,2020-12-20T18:02:54.290Z,buy,1.13e-06,2643.0,0.00298659
VIB/BTC,1608487374803,2020-12-20T18:02:54.803Z,buy,1.13e-06,266.0,0.00030058
VIB/BTC,1608487375180,2020-12-20T18:02:55.180Z,buy,1.13e-06,315.0,0.00035595
VIB/BTC,1608487375820,2020-12-20T18:02:55.820Z,buy,1.13e-06,230.0,0.0002599
VIB/BTC,1608487376837,2020-12-20T18:02:56.837Z,buy,1.13e-06,279.0,0.00031527
VIB/BTC,1608487377850,2020-12-20T18:02:57.850Z,buy,1.13e-06,197.0,0.0002226099999999
VIB/BTC,1608487378867,2020-12-20T18:02:58.867Z,buy,1.13e-06,258.0,0.00029154
VIB/BTC,1608487379080,2020-12-20T18:02:59.080Z,buy,1.13e-06,19318.0,0.02182934
VIB/BTC,1608487379880,2020-12-20T18:02:59.880Z,buy,1.13e-06,290.0,0.0003277
VIB/BTC,1608487380196,2020-12-20T18:03:00.196Z,buy,1.13e-06,100.0,0.000113
VIB/BTC,1608487380895,2020-12-20T18:03:00.895Z,buy,1.13e-06,175.0,0.00019775
VIB/BTC,1608487381053,2020-12-20T18:03:01.053Z,buy,1.13e-06,1706.0,0.00192778
VIB/BTC,1608487381912,2020-12-20T18:03:01.912Z,buy,1.14e-06,204.0,0.00023256
VIB/BTC,1608487382925,2020-12-20T18:03:02.925Z,buy,1.14e-06,242.0,0.00027588
VIB/BTC,1608487383042,2020-12-20T18:03:03.042Z,buy,1.14e-06,428.0,0.00048792
VIB/BTC,1608487383456,2020-12-20T18:03:03.456Z,sell,1.13e-06,464.0,0.00052432
VIB/BTC,1608487383456,2020-12-20T18:03:03.456Z,sell,1.12e-06,13551.0,0.01517712
VIB/BTC,1608487383943,2020-12-20T18:03:03.943Z,buy,1.13e-06,211.0,0.00023843
VIB/BTC,1608487384767,2020-12-20T18:03:04.767Z,buy,1.13e-06,345.0,0.00038985
VIB/BTC,1608487384956,2020-12-20T18:03:04.956Z,buy,1.13e-06,188.0,0.00021244
VIB/BTC,1608487385887,2020-12-20T18:03:05.887Z,buy,1.13e-06,1476.0,0.00166788
VIB/BTC,1608487385887,2020-12-20T18:03:05.887Z,buy,1.14e-06,140522.0,0.16019508
VIB/BTC,1608487385975,2020-12-20T18:03:05.975Z,buy,1.15e-06,205.0,0.00023575
VIB/BTC,1608487386989,2020-12-20T18:03:06.989Z,buy,1.15e-06,217.0,0.00024955
VIB/BTC,1608487387411,2020-12-20T18:03:07.411Z,sell,1.14e-06,2349.0,0.00267786
VIB/BTC,1608487388009,2020-12-20T18:03:08.009Z,buy,1.15e-06,179.0,0.00020585
VIB/BTC,1608487388395,2020-12-20T18:03:08.395Z,sell,1.14e-06,16553.0,0.01887042
VIB/BTC,1608487388712,2020-12-20T18:03:08.712Z,buy,1.15e-06,9210.0,0.0105915
VIB/BTC,1608487389028,2020-12-20T18:03:09.028Z,buy,1.15e-06,186.0,0.0002139
VIB/BTC,1608487389832,2020-12-20T18:03:09.832Z,buy,1.15e-06,456.0,0.0005244
VIB/BTC,1608487390042,2020-12-20T18:03:10.042Z,buy,1.15e-06,200.0,0.00023
VIB/BTC,1608487391058,2020-12-20T18:03:11.058Z,buy,1.15e-06,150.0,0.0001725
VIB/BTC,1608487391313,2020-12-20T18:03:11.313Z,sell,1.14e-06,1298.0,0.00147972
VIB/BTC,1608487391909,2020-12-20T18:03:11.909Z,sell,1.14e-06,9952.0,0.01134528
VIB/BTC,1608487392073,2020-12-20T18:03:12.073Z,buy,1.15e-06,190.0,0.0002185
VIB/BTC,1608487392445,2020-12-20T18:03:12.445Z,buy,1.15e-06,16094.0,0.0185081
VIB/BTC,1608487392554,2020-12-20T18:03:12.554Z,sell,1.14e-06,638.0,0.00072732
VIB/BTC,1608487392701,2020-12-20T18:03:12.701Z,buy,1.15e-06,594.0,0.0006831
VIB/BTC,1608487393087,2020-12-20T18:03:13.087Z,buy,1.15e-06,256.0,0.0002944
VIB/BTC,1608487394107,2020-12-20T18:03:14.107Z,buy,1.15e-06,203.0,0.00023345
VIB/BTC,1608487394586,2020-12-20T18:03:14.586Z,buy,1.15e-06,110205.0,0.12673575
VIB/BTC,1608487395127,2020-12-20T18:03:15.127Z,buy,1.15e-06,260.0,0.000299
VIB/BTC,1608487395150,2020-12-20T18:03:15.150Z,buy,1.15e-06,5957.0,0.00685055
VIB/BTC,1608487395268,2020-12-20T18:03:15.268Z,sell,1.14e-06,293.0,0.00033402
VIB/BTC,1608487396107,2020-12-20T18:03:16.107Z,sell,1.13e-06,315.0,0.00035595
VIB/BTC,1608487396142,2020-12-20T18:03:16.142Z,buy,1.14e-06,148.0,0.00016872
VIB/BTC,1608487396142,2020-12-20T18:03:16.142Z,buy,1.15e-06,122.0,0.0001403
VIB/BTC,1608487396455,2020-12-20T18:03:16.455Z,buy,1.15e-06,2532.0,0.0029118
VIB/BTC,1608487397158,2020-12-20T18:03:17.158Z,buy,1.14e-06,155.0,0.0001767
VIB/BTC,1608487398177,2020-12-20T18:03:18.177Z,buy,1.14e-06,55.0,6.27e-05
VIB/BTC,1608487398177,2020-12-20T18:03:18.177Z,buy,1.15e-06,172.0,0.0001978
VIB/BTC,1608487399196,2020-12-20T18:03:19.196Z,buy,1.15e-06,266.0,0.0003059
VIB/BTC,1608487400214,2020-12-20T18:03:20.214Z,buy,1.15e-06,254.0,0.0002921
VIB/BTC,1608487401227,2020-12-20T18:03:21.227Z,buy,1.15e-06,280.0,0.000322
VIB/BTC,1608487402240,2020-12-20T18:03:22.240Z,buy,1.15e-06,181.0,0.00020815
VIB/BTC,1608487403125,2020-12-20T18:03:23.125Z,buy,1.15e-06,475.0,0.00054625
VIB/BTC,1608487403207,2020-12-20T18:03:23.207Z,buy,1.15e-06,1348.0,0.0015502
VIB/BTC,1608487403257,2020-12-20T18:03:23.257Z,buy,1.15e-06,162.0,0.0001863
VIB/BTC,1608487403775,2020-12-20T18:03:23.775Z,sell,1.13e-06,20000.0,0.0226
VIB/BTC,1608487404275,2020-12-20T18:03:24.275Z,buy,1.14e-06,233.0,0.00026562
VIB/BTC,1608487404716,2020-12-20T18:03:24.716Z,buy,1.14e-06,2158.0,0.00246012
VIB/BTC,1608487404716,2020-12-20T18:03:24.716Z,buy,1.15e-06,1503.0,0.00172845
VIB/BTC,1608487405288,2020-12-20T18:03:25.288Z,buy,1.15e-06,218.0,0.0002507
VIB/BTC,1608487406300,2020-12-20T18:03:26.300Z,buy,1.15e-06,169.0,0.00019435
VIB/BTC,1608487406902,2020-12-20T18:03:26.902Z,buy,1.15e-06,3541.0,0.00407215
VIB/BTC,1608487407318,2020-12-20T18:03:27.318Z,buy,1.15e-06,195.0,0.00022425
VIB/BTC,1608487407579,2020-12-20T18:03:27.579Z,buy,1.15e-06,19343.0,0.02224445
VIB/BTC,1608487407941,2020-12-20T18:03:27.941Z,buy,1.14e-06,982.0,0.00111948
VIB/BTC,1608487407968,2020-12-20T18:03:27.968Z,buy,1.14e-06,982.0,0.00111948
VIB/BTC,1608487407989,2020-12-20T18:03:27.989Z,buy,1.14e-06,173.0,0.00019722
VIB/BTC,1608487407989,2020-12-20T18:03:27.989Z,buy,1.15e-06,9839.0,0.01131485
VIB/BTC,1608487408330,2020-12-20T18:03:28.330Z,buy,1.15e-06,267.0,0.00030705
VIB/BTC,1608487409342,2020-12-20T18:03:29.342Z,buy,1.15e-06,291.0,0.00033465
VIB/BTC,1608487409526,2020-12-20T18:03:29.526Z,buy,1.15e-06,27103.0,0.03116845
VIB/BTC,1608487410053,2020-12-20T18:03:30.053Z,buy,1.15e-06,672.0,0.0007728
VIB/BTC,1608487410356,2020-12-20T18:03:30.356Z,buy,1.15e-06,8695.0,0.00999925
VIB/BTC,1608487410357,2020-12-20T18:03:30.357Z,buy,1.15e-06,272.0,0.0003128
VIB/BTC,1608487410452,2020-12-20T18:03:30.452Z,buy,1.15e-06,4092.0,0.0047058
VIB/BTC,1608487410504,2020-12-20T18:03:30.504Z,sell,1.14e-06,24931.0,0.02842134
VIB/BTC,1608487410526,2020-12-20T18:03:30.526Z,buy,1.14e-06,1233.0,0.00140562
VIB/BTC,1608487410733,2020-12-20T18:03:30.733Z,buy,1.14e-06,38078.0,0.04340892
VIB/BTC,1608487410853,2020-12-20T18:03:30.853Z,buy,1.14e-06,526.0,0.00059964
VIB/BTC,1608487411373,2020-12-20T18:03:31.373Z,buy,1.14e-06,281.0,0.00032034
VIB/BTC,1608487412389,2020-12-20T18:03:32.389Z,buy,1.14e-06,157.0,0.00017898
VIB/BTC,1608487413404,2020-12-20T18:03:33.404Z,buy,1.14e-06,163.0,0.00018582
VIB/BTC,1608487413756,2020-12-20T18:03:33.756Z,sell,1.13e-06,238881.0,0.26993553
VIB/BTC,1608487414215,2020-12-20T18:03:34.215Z,sell,1.12e-06,2930.0,0.0032816
VIB/BTC,1608487414419,2020-12-20T18:03:34.419Z,buy,1.13e-06,195.0,0.00022035
VIB/BTC,1608487415434,2020-12-20T18:03:35.434Z,buy,1.13e-06,168.0,0.0001898399999999
VIB/BTC,1608487416454,2020-12-20T18:03:36.454Z,buy,1.13e-06,156.0,0.0001762799999999
VIB/BTC,1608487417347,2020-12-20T18:03:37.347Z,sell,1.12e-06,16078.0,0.01800736
VIB/BTC,1608487417470,2020-12-20T18:03:37.470Z,buy,1.13e-06,170.0,0.0001921
VIB/BTC,1608487417481,2020-12-20T18:03:37.481Z,buy,1.13e-06,200629.0,0.22671077
VIB/BTC,1608487417793,2020-12-20T18:03:37.793Z,buy,1.13e-06,4252.0,0.00480476
VIB/BTC,1608487418467,2020-12-20T18:03:38.467Z,buy,1.13e-06,10000.0,0.0113
VIB/BTC,1608487418489,2020-12-20T18:03:38.489Z,buy,1.13e-06,213.0,0.00024069
VIB/BTC,1608487419508,2020-12-20T18:03:39.508Z,buy,1.13e-06,221.0,0.00024973
VIB/BTC,1608487420219,2020-12-20T18:03:40.219Z,buy,1.13e-06,7926.0,0.00895638
VIB/BTC,1608487420526,2020-12-20T18:03:40.526Z,buy,1.13e-06,179.0,0.00020227
VIB/BTC,1608487421019,2020-12-20T18:03:41.019Z,buy,1.13e-06,2860.0,0.0032318
VIB/BTC,1608487421345,2020-12-20T18:03:41.345Z,buy,1.13e-06,3577.0,0.0040420099999999
VIB/BTC,1608487421543,2020-12-20T18:03:41.543Z,buy,1.13e-06,198.0,0.00022374
VIB/BTC,1608487422080,2020-12-20T18:03:42.080Z,sell,1.12e-06,49093.0,0.05498416
VIB/BTC,1608487422080,2020-12-20T18:03:42.080Z,sell,1.11e-06,61951.0,0.0687656099999999
VIB/BTC,1608487422317,2020-12-20T18:03:42.317Z,buy,1.13e-06,218058.0,0.24640554
VIB/BTC,1608487422317,2020-12-20T18:03:42.317Z,buy,1.14e-06,15583.0,0.01776462
VIB/BTC,1608487422366,2020-12-20T18:03:42.366Z,sell,1.12e-06,1013.0,0.00113456
VIB/BTC,1608487422454,2020-12-20T18:03:42.454Z,sell,1.12e-06,216.0,0.00024192
VIB/BTC,1608487422561,2020-12-20T18:03:42.561Z,buy,1.14e-06,207.0,0.00023598
VIB/BTC,1608487422643,2020-12-20T18:03:42.643Z,buy,1.14e-06,236.0,0.00026904
VIB/BTC,1608487422743,2020-12-20T18:03:42.743Z,sell,1.13e-06,1351.0,0.00152663
VIB/BTC,1608487422743,2020-12-20T18:03:42.743Z,sell,1.12e-06,1963.0,0.00219856
VIB/BTC,1608487422743,2020-12-20T18:03:42.743Z,sell,1.11e-06,6304.0,0.00699744
VIB/BTC,1608487423017,2020-12-20T18:03:43.017Z,buy,1.14e-06,3489.0,0.00397746
VIB/BTC,1608487423573,2020-12-20T18:03:43.573Z,buy,1.14e-06,238.0,0.00027132
VIB/BTC,1608487423949,2020-12-20T18:03:43.949Z,buy,1.13e-06,536.0,0.00060568
VIB/BTC,1608487424586,2020-12-20T18:03:44.586Z,buy,1.13e-06,154.0,0.00017402
VIB/BTC,1608487424892,2020-12-20T18:03:44.892Z,sell,1.12e-06,176.0,0.00019712
VIB/BTC,1608487425599,2020-12-20T18:03:45.599Z,buy,1.13e-06,184.0,0.00020792
VIB/BTC,1608487426616,2020-12-20T18:03:46.616Z,buy,1.13e-06,195.0,0.00022035
VIB/BTC,1608487426855,2020-12-20T18:03:46.855Z,buy,1.13e-06,162.0,0.00018306
VIB/BTC,1608487426855,2020-12-20T18:03:46.855Z,buy,1.14e-06,1788.0,0.00203832
VIB/BTC,1608487427635,2020-12-20T18:03:47.635Z,buy,1.14e-06,267.0,0.00030438
VIB/BTC,1608487427827,2020-12-20T18:03:47.827Z,sell,1.12e-06,2128.0,0.00238336
VIB/BTC,1608487428652,2020-12-20T18:03:48.652Z,buy,1.13e-06,216.0,0.00024408
VIB/BTC,1608487428652,2020-12-20T18:03:48.652Z,buy,1.14e-06,11.0,1.2540000000000002e-05
VIB/BTC,1608487429668,2020-12-20T18:03:49.668Z,buy,1.14e-06,175.0,0.0001995
VIB/BTC,1608487430503,2020-12-20T18:03:50.503Z,buy,1.14e-06,2344.0,0.00267216
VIB/BTC,1608487430685,2020-12-20T18:03:50.685Z,buy,1.14e-06,212.0,0.00024168
VIB/BTC,1608487430917,2020-12-20T18:03:50.917Z,sell,1.13e-06,559.0,0.00063167
VIB/BTC,1608487431699,2020-12-20T18:03:51.699Z,buy,1.14e-06,189.0,0.00021546
VIB/BTC,1608487431902,2020-12-20T18:03:51.902Z,sell,1.13e-06,279.0,0.00031527
VIB/BTC,1608487432712,2020-12-20T18:03:52.712Z,buy,1.14e-06,220.0,0.0002508
VIB/BTC,1608487433729,2020-12-20T18:03:53.729Z,buy,1.14e-06,262.0,0.00029868
VIB/BTC,1608487434634,2020-12-20T18:03:54.634Z,sell,1.13e-06,10206.0,0.01153278
VIB/BTC,1608487434745,2020-12-20T18:03:54.745Z,buy,1.14e-06,272.0,0.00031008
VIB/BTC,1608487434861,2020-12-20T18:03:54.861Z,buy,1.14e-06,17335.0,0.0197619
VIB/BTC,1608487434882,2020-12-20T18:03:54.882Z,buy,1.14e-06,275.0,0.0003135
VIB/BTC,1608487435762,2020-12-20T18:03:55.762Z,buy,1.14e-06,202.0,0.00023028
VIB/BTC,1608487436347,2020-12-20T18:03:56.347Z,buy,1.14e-06,2226.0,0.00253764
VIB/BTC,1608487436584,2020-12-20T18:03:56.584Z,buy,1.14e-06,2192.0,0.00249888
VIB/BTC,1608487436775,2020-12-20T18:03:56.775Z,buy,1.14e-06,236.0,0.00026904
VIB/BTC,1608487437791,2020-12-20T18:03:57.791Z,buy,1.14e-06,217.0,0.00024738
VIB/BTC,1608487438804,2020-12-20T18:03:58.804Z,buy,1.14e-06,271.0,0.00030894
VIB/BTC,1608487439820,2020-12-20T18:03:59.820Z,buy,1.14e-06,230.0,0.0002622
VIB/BTC,1608487439956,2020-12-20T18:03:59.956Z,buy,1.14e-06,1020.0,0.0011628
VIB/BTC,1608487440833,2020-12-20T18:04:00.833Z,buy,1.14e-06,282.0,0.00032148
VIB/BTC,1608487441143,2020-12-20T18:04:01.143Z,buy,1.14e-06,166.0,0.00018924
VIB/BTC,1608487441850,2020-12-20T18:04:01.850Z,buy,1.14e-06,150.0,0.000171
VIB/BTC,1608487442826,2020-12-20T18:04:02.826Z,buy,1.14e-06,9680.0,0.0110352
VIB/BTC,1608487442863,2020-12-20T18:04:02.863Z,buy,1.14e-06,251.0,0.00028614
VIB/BTC,1608487442983,2020-12-20T18:04:02.983Z,buy,1.14e-06,1512.0,0.00172368
VIB/BTC,1608487443132,2020-12-20T18:04:03.132Z,sell,1.13e-06,4396.0,0.00496748
VIB/BTC,1608487443880,2020-12-20T18:04:03.880Z,buy,1.14e-06,197.0,0.00022458
VIB/BTC,1608487444899,2020-12-20T18:04:04.899Z,buy,1.14e-06,183.0,0.00020862
VIB/BTC,1608487445092,2020-12-20T18:04:05.092Z,sell,1.13e-06,12587.0,0.01422331
VIB/BTC,1608487445915,2020-12-20T18:04:05.915Z,buy,1.14e-06,165.0,0.0001881
VIB/BTC,1608487446825,2020-12-20T18:04:06.825Z,buy,1.14e-06,425.0,0.0004845
VIB/BTC,1608487446928,2020-12-20T18:04:06.928Z,buy,1.14e-06,288.0,0.00032832
VIB/BTC,1608487447613,2020-12-20T18:04:07.613Z,buy,1.14e-06,852.0,0.00097128
VIB/BTC,1608487447854,2020-12-20T18:04:07.854Z,sell,1.13e-06,1000.0,0.00113
VIB/BTC,1608487447940,2020-12-20T18:04:07.940Z,buy,1.14e-06,178.0,0.00020292
VIB/BTC,1608487447987,2020-12-20T18:04:07.987Z,sell,1.13e-06,20000.0,0.0226
VIB/BTC,1608487448958,2020-12-20T18:04:08.958Z,buy,1.14e-06,251.0,0.00028614
VIB/BTC,1608487449400,2020-12-20T18:04:09.400Z,sell,1.13e-06,2635.0,0.00297755
VIB/BTC,1608487449785,2020-12-20T18:04:09.785Z,sell,1.13e-06,235.0,0.00026555
VIB/BTC,1608487449971,2020-12-20T18:04:09.971Z,buy,1.14e-06,286.0,0.00032604
VIB/BTC,1608487450987,2020-12-20T18:04:10.987Z,buy,1.14e-06,169.0,0.00019266
VIB/BTC,1608487451857,2020-12-20T18:04:11.857Z,buy,1.14e-06,45195.0,0.0515223
VIB/BTC,1608487452004,2020-12-20T18:04:12.004Z,buy,1.14e-06,294.0,0.00033516
VIB/BTC,1608487452955,2020-12-20T18:04:12.955Z,buy,1.14e-06,1794.0,0.00204516
VIB/BTC,1608487453016,2020-12-20T18:04:13.016Z,buy,1.14e-06,212.0,0.00024168
VIB/BTC,1608487454030,2020-12-20T18:04:14.030Z,buy,1.14e-06,208.0,0.00023712
VIB/BTC,1608487455047,2020-12-20T18:04:15.047Z,buy,1.14e-06,200.0,0.000228
VIB/BTC,1608487456060,2020-12-20T18:04:16.060Z,buy,1.14e-06,264.0,0.00030096
VIB/BTC,1608487456539,2020-12-20T18:04:16.539Z,buy,1.14e-06,30.0,3.4200000000000005e-05
VIB/BTC,1608487457072,2020-12-20T18:04:17.072Z,buy,1.14e-06,195.0,0.0002223
VIB/BTC,1608487458089,2020-12-20T18:04:18.089Z,buy,1.14e-06,164.0,0.00018696
VIB/BTC,1608487459106,2020-12-20T18:04:19.106Z,buy,1.14e-06,181.0,0.00020634
VIB/BTC,1608487459926,2020-12-20T18:04:19.926Z,buy,1.14e-06,741.0,0.00084474
VIB/BTC,1608487459935,2020-12-20T18:04:19.935Z,buy,1.14e-06,34815.0,0.0396891
VIB/BTC,1608487460120,2020-12-20T18:04:20.120Z,buy,1.14e-06,201.0,0.00022914
VIB/BTC,1608487460230,2020-12-20T18:04:20.230Z,buy,1.14e-06,1640.0,0.0018696
VIB/BTC,1608487461137,2020-12-20T18:04:21.137Z,buy,1.14e-06,267.0,0.00030438
VIB/BTC,1608487461392,2020-12-20T18:04:21.392Z,buy,1.14e-06,3684.0,0.00419976
VIB/BTC,1608487461936,2020-12-20T18:04:21.936Z,sell,1.13e-06,68876.0,0.07782988
VIB/BTC,1608487462155,2020-12-20T18:04:22.155Z,buy,1.14e-06,158.0,0.00018012
VIB/BTC,1608487463172,2020-12-20T18:04:23.172Z,buy,1.14e-06,282.0,0.00032148
VIB/BTC,1608487464185,2020-12-20T18:04:24.185Z,buy,1.14e-06,201.0,0.00022914
VIB/BTC,1608487465202,2020-12-20T18:04:25.202Z,buy,1.14e-06,279.0,0.00031806
VIB/BTC,1608487465267,2020-12-20T18:04:25.267Z,buy,1.14e-06,4588.0,0.00523032
VIB/BTC,1608487466219,2020-12-20T18:04:26.219Z,buy,1.14e-06,163.0,0.00018582
VIB/BTC,1608487467217,2020-12-20T18:04:27.217Z,buy,1.14e-06,1000.0,0.00114
VIB/BTC,1608487467232,2020-12-20T18:04:27.232Z,buy,1.14e-06,211.0,0.00024054
VIB/BTC,1608487468250,2020-12-20T18:04:28.250Z,buy,1.14e-06,161.0,0.00018354
VIB/BTC,1608487469267,2020-12-20T18:04:29.267Z,buy,1.14e-06,278.0,0.00031692
VIB/BTC,1608487469807,2020-12-20T18:04:29.807Z,buy,1.14e-06,7210.0,0.0082194
VIB/BTC,1608487470284,2020-12-20T18:04:30.284Z,buy,1.14e-06,294.0,0.00033516
VIB/BTC,1608487471296,2020-12-20T18:04:31.296Z,buy,1.14e-06,219.0,0.00024966
VIB/BTC,1608487471355,2020-12-20T18:04:31.355Z,buy,1.14e-06,554.0,0.00063156
VIB/BTC,1608487471547,2020-12-20T18:04:31.547Z,buy,1.14e-06,6841.0,0.00779874
VIB/BTC,1608487472260,2020-12-20T18:04:32.260Z,sell,1.14e-06,100.0,0.000114
VIB/BTC,1608487472314,2020-12-20T18:04:32.314Z,buy,1.15e-06,217.0,0.00024955
VIB/BTC,1608487473326,2020-12-20T18:04:33.326Z,buy,1.15e-06,209.0,0.00024035
VIB/BTC,1608487474339,2020-12-20T18:04:34.339Z,buy,1.15e-06,294.0,0.0003381
VIB/BTC,1608487475357,2020-12-20T18:04:35.357Z,buy,1.15e-06,199.0,0.00022885
VIB/BTC,1608487475779,2020-12-20T18:04:35.779Z,sell,1.14e-06,796.0,0.00090744
VIB/BTC,1608487476374,2020-12-20T18:04:36.374Z,buy,1.15e-06,190.0,0.0002185
VIB/BTC,1608487477387,2020-12-20T18:04:37.387Z,buy,1.15e-06,179.0,0.00020585
VIB/BTC,1608487477640,2020-12-20T18:04:37.640Z,buy,1.15e-06,230.0,0.0002645
VIB/BTC,1608487478312,2020-12-20T18:04:38.312Z,sell,1.14e-06,1747.0,0.00199158
VIB/BTC,1608487478349,2020-12-20T18:04:38.349Z,buy,1.14e-06,1196.0,0.00136344
VIB/BTC,1608487478377,2020-12-20T18:04:38.377Z,buy,1.14e-06,1196.0,0.00136344
VIB/BTC,1608487478402,2020-12-20T18:04:38.402Z,buy,1.14e-06,312.0,0.00035568
VIB/BTC,1608487478411,2020-12-20T18:04:38.411Z,buy,1.14e-06,187.0,0.00021318
VIB/BTC,1608487479424,2020-12-20T18:04:39.424Z,buy,1.14e-06,260.0,0.0002964
VIB/BTC,1608487479911,2020-12-20T18:04:39.911Z,buy,1.14e-06,2610.0,0.0029754
VIB/BTC,1608487480363,2020-12-20T18:04:40.363Z,buy,1.14e-06,4137.0,0.00471618
VIB/BTC,1608487480438,2020-12-20T18:04:40.438Z,buy,1.14e-06,152.0,0.00017328
VIB/BTC,1608487481455,2020-12-20T18:04:41.455Z,buy,1.14e-06,163.0,0.00018582
VIB/BTC,1608487482473,2020-12-20T18:04:42.473Z,buy,1.14e-06,253.0,0.00028842
VIB/BTC,1608487483491,2020-12-20T18:04:43.491Z,buy,1.14e-06,289.0,0.00032946
VIB/BTC,1608487484165,2020-12-20T18:04:44.165Z,sell,1.13e-06,47425.0,0.05359025
VIB/BTC,1608487484330,2020-12-20T18:04:44.330Z,buy,1.13e-06,90405.0,0.10215765
VIB/BTC,1608487484338,2020-12-20T18:04:44.338Z,buy,1.13e-06,12351.0,0.01395663
VIB/BTC,1608487484350,2020-12-20T18:04:44.350Z,buy,1.13e-06,11940.0,0.0134922
VIB/BTC,1608487484508,2020-12-20T18:04:44.508Z,buy,1.13e-06,252.0,0.00028476
VIB/BTC,1608487485525,2020-12-20T18:04:45.525Z,buy,1.13e-06,234.0,0.00026442
VIB/BTC,1608487486087,2020-12-20T18:04:46.087Z,sell,1.12e-06,208071.0,0.23303952
VIB/BTC,1608487486542,2020-12-20T18:04:46.542Z,buy,1.13e-06,180.0,0.0002033999999999
VIB/BTC,1608487486999,2020-12-20T18:04:46.999Z,sell,1.12e-06,8592.0,0.00962304
VIB/BTC,1608487487006,2020-12-20T18:04:47.006Z,buy,1.12e-06,1208.0,0.00135296
VIB/BTC,1608487487011,2020-12-20T18:04:47.011Z,buy,1.12e-06,8592.0,0.00962304
VIB/BTC,1608487487233,2020-12-20T18:04:47.233Z,buy,1.12e-06,280.0,0.0003136
VIB/BTC,1608487487558,2020-12-20T18:04:47.558Z,buy,1.12e-06,239.0,0.00026768
VIB/BTC,1608487488575,2020-12-20T18:04:48.575Z,buy,1.12e-06,255.0,0.0002856
VIB/BTC,1608487489142,2020-12-20T18:04:49.142Z,buy,1.12e-06,7620.0,0.0085344
VIB/BTC,1608487489593,2020-12-20T18:04:49.593Z,buy,1.13e-06,170.0,0.0001921
VIB/BTC,1608487490610,2020-12-20T18:04:50.610Z,buy,1.13e-06,285.0,0.00032205
VIB/BTC,1608487491623,2020-12-20T18:04:51.623Z,buy,1.13e-06,184.0,0.00020792
VIB/BTC,1608487492319,2020-12-20T18:04:52.319Z,sell,1.12e-06,1655.0,0.0018536
VIB/BTC,1608487492319,2020-12-20T18:04:52.319Z,sell,1.11e-06,1021.0,0.00113331
VIB/BTC,1608487492599,2020-12-20T18:04:52.599Z,sell,1.12e-06,1014.0,0.00113568
VIB/BTC,1608487492641,2020-12-20T18:04:52.641Z,buy,1.13e-06,166.0,0.00018758
VIB/BTC,1608487493149,2020-12-20T18:04:53.149Z,sell,1.12e-06,1365.0,0.0015288
VIB/BTC,1608487493659,2020-12-20T18:04:53.659Z,buy,1.13e-06,158.0,0.00017854
VIB/BTC,1608487494441,2020-12-20T18:04:54.441Z,buy,1.13e-06,3362.0,0.00379906
VIB/BTC,1608487494676,2020-12-20T18:04:54.676Z,buy,1.13e-06,203.0,0.00022939
VIB/BTC,1608487495235,2020-12-20T18:04:55.235Z,buy,1.13e-06,8787.0,0.00992931
VIB/BTC,1608487495384,2020-12-20T18:04:55.384Z,buy,1.13e-06,11266.0,0.01273058
VIB/BTC,1608487495694,2020-12-20T18:04:55.694Z,buy,1.13e-06,162.0,0.00018306
VIB/BTC,1608487496041,2020-12-20T18:04:56.041Z,sell,1.12e-06,13822.0,0.01548064
VIB/BTC,1608487496041,2020-12-20T18:04:56.041Z,sell,1.11e-06,5507.0,0.00611277
VIB/BTC,1608487496711,2020-12-20T18:04:56.711Z,buy,1.12e-06,151.0,0.00016912
VIB/BTC,1608487497650,2020-12-20T18:04:57.650Z,sell,1.11e-06,230.0,0.0002552999999999
VIB/BTC,1608487497712,2020-12-20T18:04:57.712Z,sell,1.11e-06,43723.0,0.04853253
VIB/BTC,1608487497712,2020-12-20T18:04:57.712Z,sell,1.1e-06,120837.0,0.1329207
VIB/BTC,1608487497712,2020-12-20T18:04:57.712Z,sell,1.09e-06,100177.0,0.10919293
VIB/BTC,1608487497721,2020-12-20T18:04:57.721Z,buy,1.1e-06,9759.0,0.0107349
VIB/BTC,1608487497724,2020-12-20T18:04:57.724Z,buy,1.1e-06,285.0,0.0003135
VIB/BTC,1608487497724,2020-12-20T18:04:57.724Z,buy,1.1e-06,9488.0,0.0104368
VIB/BTC,1608487498046,2020-12-20T18:04:58.046Z,sell,1.09e-06,9488.0,0.01034192
VIB/BTC,1608487498369,2020-12-20T18:04:58.369Z,buy,1.1e-06,108.0,0.0001188
VIB/BTC,1608487498450,2020-12-20T18:04:58.450Z,buy,1.1e-06,22598.0,0.0248578
VIB/BTC,1608487498737,2020-12-20T18:04:58.737Z,buy,1.1e-06,222.0,0.0002442
VIB/BTC,1608487499754,2020-12-20T18:04:59.754Z,buy,1.1e-06,289.0,0.0003179
VIB/BTC,1608487499893,2020-12-20T18:04:59.893Z,sell,1.09e-06,1150.0,0.0012534999999999
VIB/BTC,1608487500767,2020-12-20T18:05:00.767Z,buy,1.1e-06,171.0,0.0001881
VIB/BTC,1608487501519,2020-12-20T18:05:01.519Z,buy,1.09e-06,13643.0,0.01487087
VIB/BTC,1608487501780,2020-12-20T18:05:01.780Z,buy,1.09e-06,253.0,0.00027577
VIB/BTC,1608487502521,2020-12-20T18:05:02.521Z,sell,1.08e-06,525.0,0.000567
VIB/BTC,1608487502798,2020-12-20T18:05:02.798Z,buy,1.09e-06,183.0,0.0001994699999999
VIB/BTC,1608487503667,2020-12-20T18:05:03.667Z,sell,1.08e-06,2854.0,0.00308232
VIB/BTC,1608487503816,2020-12-20T18:05:03.816Z,buy,1.09e-06,165.0,0.0001798499999999
VIB/BTC,1608487504620,2020-12-20T18:05:04.620Z,sell,1.08e-06,3726.0,0.00402408
VIB/BTC,1608487504834,2020-12-20T18:05:04.834Z,buy,1.09e-06,297.0,0.00032373
VIB/BTC,1608487505276,2020-12-20T18:05:05.276Z,sell,1.08e-06,41899.0,0.04525092
VIB/BTC,1608487505276,2020-12-20T18:05:05.276Z,sell,1.07e-06,109586.0,0.1172570199999999
VIB/BTC,1608487505568,2020-12-20T18:05:05.568Z,sell,1.08e-06,1019.0,0.00110052
VIB/BTC,1608487505695,2020-12-20T18:05:05.695Z,sell,1.08e-06,219.0,0.00023652
VIB/BTC,1608487505847,2020-12-20T18:05:05.847Z,buy,1.09e-06,254.0,0.00027686
VIB/BTC,1608487506863,2020-12-20T18:05:06.863Z,buy,1.09e-06,288.0,0.00031392
VIB/BTC,1608487507880,2020-12-20T18:05:07.880Z,buy,1.09e-06,225.0,0.0002452499999999
VIB/BTC,1608487508055,2020-12-20T18:05:08.055Z,buy,1.09e-06,909.0,0.00099081
VIB/BTC,1608487508897,2020-12-20T18:05:08.897Z,buy,1.09e-06,282.0,0.00030738
VIB/BTC,1608487509914,2020-12-20T18:05:09.914Z,buy,1.09e-06,270.0,0.0002943
VIB/BTC,1608487510421,2020-12-20T18:05:10.421Z,buy,1.09e-06,17345.0,0.01890605
VIB/BTC,1608487510461,2020-12-20T18:05:10.461Z,buy,1.09e-06,937.0,0.00102133
VIB/BTC,1608487510607,2020-12-20T18:05:10.607Z,sell,1.08e-06,892.0,0.00096336
VIB/BTC,1608487510928,2020-12-20T18:05:10.928Z,buy,1.09e-06,285.0,0.00031065
VIB/BTC,1608487511946,2020-12-20T18:05:11.946Z,buy,1.09e-06,290.0,0.0003161
VIB/BTC,1608487512028,2020-12-20T18:05:12.028Z,buy,1.09e-06,917.0,0.00099953
VIB/BTC,1608487512744,2020-12-20T18:05:12.744Z,sell,1.08e-06,12433.0,0.01342764
VIB/BTC,1608487512963,2020-12-20T18:05:12.963Z,buy,1.09e-06,182.0,0.0001983799999999
VIB/BTC,1608487513984,2020-12-20T18:05:13.984Z,buy,1.09e-06,182.0,0.0001983799999999
VIB/BTC,1608487514291,2020-12-20T18:05:14.291Z,sell,1.08e-06,2607.0,0.00281556
VIB/BTC,1608487514996,2020-12-20T18:05:14.996Z,buy,1.09e-06,179.0,0.00019511
VIB/BTC,1608487515356,2020-12-20T18:05:15.356Z,sell,1.08e-06,11966.0,0.01292328
VIB/BTC,1608487515356,2020-12-20T18:05:15.356Z,sell,1.07e-06,1185.0,0.00126795
VIB/BTC,1608487516008,2020-12-20T18:05:16.008Z,buy,1.09e-06,295.0,0.00032155
VIB/BTC,1608487516433,2020-12-20T18:05:16.433Z,sell,1.07e-06,8124.0,0.00869268
VIB/BTC,1608487516433,2020-12-20T18:05:16.433Z,sell,1.06e-06,146023.0,0.15478438
VIB/BTC,1608487516433,2020-12-20T18:05:16.433Z,sell,1.05e-06,739295.0,0.7762597499999999
VIB/BTC,1608487516992,2020-12-20T18:05:16.992Z,sell,1.07e-06,1030.0,0.0011021
VIB/BTC,1608487517021,2020-12-20T18:05:17.021Z,buy,1.08e-06,255.0,0.0002754
VIB/BTC,1608487517262,2020-12-20T18:05:17.262Z,sell,1.07e-06,1037.0,0.00110959
VIB/BTC,1608487517309,2020-12-20T18:05:17.309Z,sell,1.07e-06,230.0,0.0002460999999999
VIB/BTC,1608487517806,2020-12-20T18:05:17.806Z,sell,1.07e-06,231.0,0.00024717
VIB/BTC,1608487517955,2020-12-20T18:05:17.955Z,sell,1.07e-06,3215.0,0.0034400499999999
VIB/BTC,1608487518034,2020-12-20T18:05:18.034Z,buy,1.08e-06,212.0,0.00022896
VIB/BTC,1608487518050,2020-12-20T18:05:18.050Z,sell,1.07e-06,3415.0,0.00365405
VIB/BTC,1608487518050,2020-12-20T18:05:18.050Z,sell,1.06e-06,1044.0,0.00110664
VIB/BTC,1608487519052,2020-12-20T18:05:19.052Z,buy,1.07e-06,260.0,0.0002782
VIB/BTC,1608487519211,2020-12-20T18:05:19.211Z,sell,1.06e-06,1094.0,0.00115964
VIB/BTC,1608487519834,2020-12-20T18:05:19.834Z,sell,1.06e-06,1154.0,0.00122324
VIB/BTC,1608487520064,2020-12-20T18:05:20.064Z,buy,1.07e-06,213.0,0.0002279099999999
VIB/BTC,1608487520760,2020-12-20T18:05:20.760Z,buy,1.07e-06,1079.0,0.00115453
VIB/BTC,1608487520952,2020-12-20T18:05:20.952Z,sell,1.06e-06,917.0,0.00097202
VIB/BTC,1608487521077,2020-12-20T18:05:21.077Z,buy,1.07e-06,276.0,0.0002953199999999
VIB/BTC,1608487522045,2020-12-20T18:05:22.045Z,sell,1.06e-06,2157.0,0.00228642
VIB/BTC,1608487522045,2020-12-20T18:05:22.045Z,sell,1.05e-06,2603.0,0.0027331499999999
VIB/BTC,1608487522090,2020-12-20T18:05:22.090Z,buy,1.06e-06,285.0,0.0003021
VIB/BTC,1608487522508,2020-12-20T18:05:22.508Z,buy,1.06e-06,559.0,0.00059254
VIB/BTC,1608487523112,2020-12-20T18:05:23.112Z,buy,1.06e-06,153.0,0.00016218
VIB/BTC,1608487523664,2020-12-20T18:05:23.664Z,buy,1.06e-06,683.0,0.00072398
VIB/BTC,1608487523747,2020-12-20T18:05:23.747Z,buy,1.06e-06,477.0,0.00050562
VIB/BTC,1608487524129,2020-12-20T18:05:24.129Z,buy,1.07e-06,198.0,0.00021186
VIB/BTC,1608487525128,2020-12-20T18:05:25.128Z,sell,1.06e-06,836.0,0.00088616
VIB/BTC,1608487525128,2020-12-20T18:05:25.128Z,sell,1.05e-06,16511.0,0.01733655
VIB/BTC,1608487525142,2020-12-20T18:05:25.142Z,buy,1.07e-06,280.0,0.0002995999999999
VIB/BTC,1608487525758,2020-12-20T18:05:25.758Z,sell,1.05e-06,1638.0,0.0017199
VIB/BTC,1608487526159,2020-12-20T18:05:26.159Z,buy,1.07e-06,233.0,0.00024931
VIB/BTC,1608487527172,2020-12-20T18:05:27.172Z,sell,1.06e-06,5946.0,0.00630276
VIB/BTC,1608487527180,2020-12-20T18:05:27.180Z,buy,1.06e-06,253.0,0.00026818
VIB/BTC,1608487527298,2020-12-20T18:05:27.298Z,sell,1.05e-06,10211.0,0.01072155
VIB/BTC,1608487527721,2020-12-20T18:05:27.721Z,sell,1.05e-06,5957.0,0.0062548499999999
VIB/BTC,1608487528127,2020-12-20T18:05:28.127Z,buy,1.06e-06,424.0,0.00044944
VIB/BTC,1608487528198,2020-12-20T18:05:28.198Z,buy,1.06e-06,181.0,0.00019186
VIB/BTC,1608487529211,2020-12-20T18:05:29.211Z,buy,1.06e-06,298.0,0.00031588
VIB/BTC,1608487530175,2020-12-20T18:05:30.175Z,sell,1.05e-06,9158.0,0.0096158999999999
VIB/BTC,1608487530224,2020-12-20T18:05:30.224Z,buy,1.06e-06,242.0,0.00025652
VIB/BTC,1608487530330,2020-12-20T18:05:30.330Z,buy,1.06e-06,1715.0,0.0018179
VIB/BTC,1608487530330,2020-12-20T18:05:30.330Z,buy,1.07e-06,1724.0,0.0018446799999999
VIB/BTC,1608487530330,2020-12-20T18:05:30.330Z,buy,1.06e-06,1715.0,0.0018179
VIB/BTC,1608487530330,2020-12-20T18:05:30.330Z,buy,1.07e-06,1724.0,0.0018446799999999
VIB/BTC,1608487530646,2020-12-20T18:05:30.646Z,sell,1.05e-06,1000.0,0.00105
VIB/BTC,1608487530981,2020-12-20T18:05:30.981Z,sell,1.05e-06,578.0,0.0006069
VIB/BTC,1608487531241,2020-12-20T18:05:31.241Z,buy,1.07e-06,299.0,0.0003199299999999
VIB/BTC,1608487531461,2020-12-20T18:05:31.461Z,buy,1.07e-06,864.0,0.0009244799999999
VIB/BTC,1608487532258,2020-12-20T18:05:32.258Z,buy,1.07e-06,247.0,0.00026429
VIB/BTC,1608487533271,2020-12-20T18:05:33.271Z,buy,1.07e-06,252.0,0.00026964
VIB/BTC,1608487534284,2020-12-20T18:05:34.284Z,buy,1.07e-06,222.0,0.0002375399999999
VIB/BTC,1608487534378,2020-12-20T18:05:34.378Z,buy,1.07e-06,7040.0,0.0075327999999999
VIB/BTC,1608487535296,2020-12-20T18:05:35.296Z,buy,1.07e-06,237.0,0.00025359
VIB/BTC,1608487536309,2020-12-20T18:05:36.309Z,buy,1.07e-06,225.0,0.0002407499999999
VIB/BTC,1608487537228,2020-12-20T18:05:37.228Z,buy,1.07e-06,765.0,0.0008185499999999
VIB/BTC,1608487537326,2020-12-20T18:05:37.326Z,buy,1.07e-06,158.0,0.0001690599999999
VIB/BTC,1608487537367,2020-12-20T18:05:37.367Z,buy,1.07e-06,165.0,0.0001765499999999
VIB/BTC,1608487537668,2020-12-20T18:05:37.668Z,buy,1.07e-06,1172.0,0.0012540399999999
VIB/BTC,1608487538343,2020-12-20T18:05:38.343Z,buy,1.07e-06,238.0,0.00025466
VIB/BTC,1608487538440,2020-12-20T18:05:38.440Z,sell,1.06e-06,6381.0,0.00676386
VIB/BTC,1608487539103,2020-12-20T18:05:39.103Z,sell,1.06e-06,2241.0,0.00237546
VIB/BTC,1608487539355,2020-12-20T18:05:39.355Z,buy,1.07e-06,196.0,0.00020972
VIB/BTC,1608487539381,2020-12-20T18:05:39.381Z,buy,1.07e-06,1029.0,0.00110103
VIB/BTC,1608487539819,2020-12-20T18:05:39.819Z,buy,1.07e-06,6386.0,0.0068330199999999
VIB/BTC,1608487540374,2020-12-20T18:05:40.374Z,buy,1.07e-06,250.0,0.0002675
VIB/BTC,1608487541390,2020-12-20T18:05:41.390Z,buy,1.07e-06,257.0,0.0002749899999999
VIB/BTC,1608487541492,2020-12-20T18:05:41.492Z,buy,1.07e-06,2416.0,0.0025851199999999
VIB/BTC,1608487542190,2020-12-20T18:05:42.190Z,buy,1.07e-06,4815.0,0.00515205
VIB/BTC,1608487542409,2020-12-20T18:05:42.409Z,buy,1.07e-06,205.0,0.00021935
VIB/BTC,1608487543068,2020-12-20T18:05:43.068Z,buy,1.07e-06,1702.0,0.00182114
VIB/BTC,1608487543162,2020-12-20T18:05:43.162Z,sell,1.07e-06,4160.0,0.0044512
VIB/BTC,1608487543425,2020-12-20T18:05:43.425Z,buy,1.08e-06,214.0,0.00023112
VIB/BTC,1608487543817,2020-12-20T18:05:43.817Z,sell,1.07e-06,94.0,0.0001005799999999
VIB/BTC,1608487544448,2020-12-20T18:05:44.448Z,buy,1.08e-06,228.0,0.00024624
VIB/BTC,1608487545218,2020-12-20T18:05:45.218Z,sell,1.06e-06,18817.0,0.01994602
VIB/BTC,1608487545365,2020-12-20T18:05:45.365Z,buy,1.07e-06,1596.0,0.0017077199999999
VIB/BTC,1608487545467,2020-12-20T18:05:45.467Z,buy,1.07e-06,229.0,0.00024503
VIB/BTC,1608487545928,2020-12-20T18:05:45.928Z,buy,1.07e-06,10000.0,0.0107
VIB/BTC,1608487546483,2020-12-20T18:05:46.483Z,buy,1.07e-06,289.0,0.0003092299999999
VIB/BTC,1608487546519,2020-12-20T18:05:46.519Z,buy,1.07e-06,234.0,0.0002503799999999
VIB/BTC,1608487547503,2020-12-20T18:05:47.503Z,buy,1.07e-06,212.0,0.00022684
VIB/BTC,1608487548519,2020-12-20T18:05:48.519Z,buy,1.07e-06,260.0,0.0002782
VIB/BTC,1608487548897,2020-12-20T18:05:48.897Z,sell,1.05e-06,1318.0,0.0013839
VIB/BTC,1608487549045,2020-12-20T18:05:49.045Z,buy,1.07e-06,532.0,0.0005692399999999
VIB/BTC,1608487549542,2020-12-20T18:05:49.542Z,buy,1.07e-06,245.0,0.00026215
VIB/BTC,1608487550556,2020-12-20T18:05:50.556Z,buy,1.07e-06,271.0,0.0002899699999999
VIB/BTC,1608487550624,2020-12-20T18:05:50.624Z,buy,1.07e-06,2281.0,0.00244067
VIB/BTC,1608487551256,2020-12-20T18:05:51.256Z,buy,1.07e-06,24024.0,0.0257056799999999
VIB/BTC,1608487551256,2020-12-20T18:05:51.256Z,buy,1.08e-06,7012.0,0.00757296
VIB/BTC,1608487551579,2020-12-20T18:05:51.579Z,buy,1.07e-06,207.0,0.00022149
VIB/BTC,1608487551749,2020-12-20T18:05:51.749Z,buy,1.07e-06,441.0,0.0004718699999999
VIB/BTC,1608487551893,2020-12-20T18:05:51.893Z,buy,1.07e-06,1021.0,0.00109247
VIB/BTC,1608487552596,2020-12-20T18:05:52.596Z,buy,1.07e-06,209.0,0.0002236299999999
VIB/BTC,1608487552691,2020-12-20T18:05:52.691Z,buy,1.07e-06,221.0,0.00023647
VIB/BTC,1608487552879,2020-12-20T18:05:52.879Z,buy,1.07e-06,560.0,0.0005991999999999
VIB/BTC,1608487553614,2020-12-20T18:05:53.614Z,buy,1.07e-06,182.0,0.00019474
VIB/BTC,1608487554488,2020-12-20T18:05:54.488Z,buy,1.07e-06,807.0,0.00086349
VIB/BTC,1608487554488,2020-12-20T18:05:54.488Z,buy,1.08e-06,9948.0,0.01074384
VIB/BTC,1608487554626,2020-12-20T18:05:54.626Z,buy,1.08e-06,299.0,0.00032292
VIB/BTC,1608487555644,2020-12-20T18:05:55.644Z,buy,1.07e-06,180.0,0.0001926
VIB/BTC,1608487555652,2020-12-20T18:05:55.652Z,buy,1.07e-06,92.0,9.844e-05
VIB/BTC,1608487555841,2020-12-20T18:05:55.841Z,buy,1.07e-06,14659.0,0.01568513
VIB/BTC,1608487555944,2020-12-20T18:05:55.944Z,sell,1.06e-06,1268.0,0.00134408
VIB/BTC,1608487555944,2020-12-20T18:05:55.944Z,sell,1.05e-06,80207.0,0.08421735
VIB/BTC,1608487555944,2020-12-20T18:05:55.944Z,sell,1.04e-06,169853.0,0.17664712
VIB/BTC,1608487556170,2020-12-20T18:05:56.170Z,sell,1.04e-06,1098.0,0.00114192
VIB/BTC,1608487556486,2020-12-20T18:05:56.486Z,buy,1.07e-06,121.0,0.00012947
VIB/BTC,1608487556656,2020-12-20T18:05:56.656Z,buy,1.06e-06,204.0,0.00021624
VIB/BTC,1608487557673,2020-12-20T18:05:57.673Z,buy,1.05e-06,262.0,0.0002750999999999
VIB/BTC,1608487557775,2020-12-20T18:05:57.775Z,sell,1.04e-06,3000.0,0.00312
VIB/BTC,1608487558671,2020-12-20T18:05:58.671Z,buy,1.05e-06,1039.0,0.0010909499999999
VIB/BTC,1608487558671,2020-12-20T18:05:58.671Z,buy,1.06e-06,5073.0,0.00537738
VIB/BTC,1608487558694,2020-12-20T18:05:58.694Z,buy,1.06e-06,277.0,0.00029362
VIB/BTC,1608487559711,2020-12-20T18:05:59.711Z,buy,1.07e-06,164.0,0.00017548
VIB/BTC,1608487559894,2020-12-20T18:05:59.894Z,sell,1.06e-06,14335.0,0.0151951
VIB/BTC,1608487560724,2020-12-20T18:06:00.724Z,buy,1.07e-06,162.0,0.00017334
VIB/BTC,1608487561174,2020-12-20T18:06:01.174Z,sell,1.06e-06,144.0,0.00015264
VIB/BTC,1608487561746,2020-12-20T18:06:01.746Z,buy,1.07e-06,191.0,0.00020437
VIB/BTC,1608487562759,2020-12-20T18:06:02.759Z,buy,1.07e-06,152.0,0.0001626399999999
VIB/BTC,1608487563773,2020-12-20T18:06:03.773Z,buy,1.07e-06,181.0,0.0001936699999999
VIB/BTC,1608487564176,2020-12-20T18:06:04.176Z,sell,1.06e-06,4150.0,0.004399
VIB/BTC,1608487564738,2020-12-20T18:06:04.738Z,buy,1.06e-06,605.0,0.0006413
VIB/BTC,1608487564786,2020-12-20T18:06:04.786Z,buy,1.06e-06,248.0,0.00026288
VIB/BTC,1608487565301,2020-12-20T18:06:05.301Z,buy,1.06e-06,421.0,0.00044626
VIB/BTC,1608487565755,2020-12-20T18:06:05.755Z,buy,1.06e-06,1009.0,0.00106954
VIB/BTC,1608487565802,2020-12-20T18:06:05.802Z,buy,1.06e-06,242.0,0.00025652
VIB/BTC,1608487566187,2020-12-20T18:06:06.187Z,sell,1.05e-06,2313.0,0.0024286499999999
VIB/BTC,1608487566815,2020-12-20T18:06:06.815Z,buy,1.05e-06,229.0,0.00024045
VIB/BTC,1608487567827,2020-12-20T18:06:07.827Z,buy,1.05e-06,296.0,0.0003107999999999
VIB/BTC,1608487568728,2020-12-20T18:06:08.728Z,buy,1.05e-06,3205.0,0.0033652499999999
VIB/BTC,1608487568840,2020-12-20T18:06:08.840Z,buy,1.05e-06,297.0,0.0003118499999999
VIB/BTC,1608487569856,2020-12-20T18:06:09.856Z,buy,1.05e-06,218.0,0.0002288999999999
VIB/BTC,1608487570875,2020-12-20T18:06:10.875Z,buy,1.05e-06,204.0,0.0002141999999999
VIB/BTC,1608487571364,2020-12-20T18:06:11.364Z,buy,1.05e-06,33.0,3.4649999999999995e-05
VIB/BTC,1608487571483,2020-12-20T18:06:11.483Z,buy,1.05e-06,133.0,0.0001396499999999
VIB/BTC,1608487571897,2020-12-20T18:06:11.897Z,buy,1.05e-06,213.0,0.00022365
VIB/BTC,1608487572916,2020-12-20T18:06:12.916Z,buy,1.05e-06,246.0,0.0002583
VIB/BTC,1608487573864,2020-12-20T18:06:13.864Z,sell,1.04e-06,36199.0,0.03764696
VIB/BTC,1608487573864,2020-12-20T18:06:13.864Z,sell,1.03e-06,1840.0,0.0018952
VIB/BTC,1608487573937,2020-12-20T18:06:13.937Z,buy,1.05e-06,276.0,0.0002898
VIB/BTC,1608487574333,2020-12-20T18:06:14.333Z,buy,1.05e-06,2611.0,0.0027415499999999
VIB/BTC,1608487574701,2020-12-20T18:06:14.701Z,buy,1.04e-06,1052.0,0.00109408
VIB/BTC,1608487574962,2020-12-20T18:06:14.962Z,buy,1.04e-06,7.0,7.28e-06
VIB/BTC,1608487574962,2020-12-20T18:06:14.962Z,buy,1.05e-06,267.0,0.0002803499999999
VIB/BTC,1608487575199,2020-12-20T18:06:15.199Z,sell,1.04e-06,256.0,0.00026624
VIB/BTC,1608487575757,2020-12-20T18:06:15.757Z,sell,1.04e-06,1947.0,0.00202488
VIB/BTC,1608487575766,2020-12-20T18:06:15.766Z,buy,1.04e-06,253.0,0.00026312
VIB/BTC,1608487575791,2020-12-20T18:06:15.791Z,buy,1.04e-06,3937.0,0.00409448
VIB/BTC,1608487575975,2020-12-20T18:06:15.975Z,buy,1.04e-06,268.0,0.00027872
VIB/BTC,1608487576999,2020-12-20T18:06:16.999Z,buy,1.04e-06,215.0,0.0002236
VIB/BTC,1608487577955,2020-12-20T18:06:17.955Z,buy,1.04e-06,1142.0,0.00118768
VIB/BTC,1608487578012,2020-12-20T18:06:18.012Z,buy,1.04e-06,234.0,0.00024336
VIB/BTC,1608487579025,2020-12-20T18:06:19.025Z,buy,1.04e-06,191.0,0.00019864
VIB/BTC,1608487579128,2020-12-20T18:06:19.128Z,sell,1.03e-06,1857.0,0.00191271
VIB/BTC,1608487579128,2020-12-20T18:06:19.128Z,sell,1.02e-06,15460.0,0.0157692
VIB/BTC,1608487579890,2020-12-20T18:06:19.890Z,sell,1.02e-06,8060.0,0.0082212
VIB/BTC,1608487579890,2020-12-20T18:06:19.890Z,sell,1.01e-06,6585.0,0.00665085
VIB/BTC,1608487580038,2020-12-20T18:06:20.038Z,buy,1.03e-06,168.0,0.00017304
VIB/BTC,1608487580919,2020-12-20T18:06:20.919Z,sell,1.01e-06,22575.0,0.02280075
VIB/BTC,1608487581051,2020-12-20T18:06:21.051Z,buy,1.02e-06,166.0,0.0001693199999999
VIB/BTC,1608487581833,2020-12-20T18:06:21.833Z,sell,1.01e-06,1671.0,0.00168771
VIB/BTC,1608487582067,2020-12-20T18:06:22.067Z,buy,1.02e-06,289.0,0.0002947799999999
VIB/BTC,1608487582833,2020-12-20T18:06:22.833Z,sell,1.01e-06,10374.0,0.01047774
VIB/BTC,1608487582833,2020-12-20T18:06:22.833Z,sell,1e-06,126869.0,0.1268689999999999
VIB/BTC,1608487582833,2020-12-20T18:06:22.833Z,sell,1e-06,243.0,0.000243
VIB/BTC,1608487582833,2020-12-20T18:06:22.833Z,sell,1e-06,809.0,0.0008089999999999
VIB/BTC,1608487582840,2020-12-20T18:06:22.840Z,buy,1e-06,756.0,0.0007559999999999
VIB/BTC,1608487582841,2020-12-20T18:06:22.841Z,buy,1e-06,756.0,0.0007559999999999
VIB/BTC,1608487582841,2020-12-20T18:06:22.841Z,buy,1e-06,756.0,0.0007559999999999
VIB/BTC,1608487582841,2020-12-20T18:06:22.841Z,buy,1e-06,756.0,0.0007559999999999
VIB/BTC,1608487582841,2020-12-20T18:06:22.841Z,buy,1e-06,756.0,0.0007559999999999
VIB/BTC,1608487582841,2020-12-20T18:06:22.841Z,buy,1e-06,756.0,0.0007559999999999
VIB/BTC,1608487582841,2020-12-20T18:06:22.841Z,buy,1e-06,756.0,0.0007559999999999
VIB/BTC,1608487582842,2020-12-20T18:06:22.842Z,buy,1e-06,756.0,0.0007559999999999
VIB/BTC,1608487582843,2020-12-20T18:06:22.843Z,buy,1e-06,756.0,0.0007559999999999
VIB/BTC,1608487582843,2020-12-20T18:06:22.843Z,buy,1e-06,756.0,0.0007559999999999
VIB/BTC,1608487582843,2020-12-20T18:06:22.843Z,buy,1e-06,756.0,0.0007559999999999
VIB/BTC,1608487582843,2020-12-20T18:06:22.843Z,buy,1e-06,756.0,0.0007559999999999
VIB/BTC,1608487582843,2020-12-20T18:06:22.843Z,buy,1e-06,756.0,0.0007559999999999
VIB/BTC,1608487582843,2020-12-20T18:06:22.843Z,buy,1e-06,756.0,0.0007559999999999
VIB/BTC,1608487582843,2020-12-20T18:06:22.843Z,buy,1e-06,756.0,0.0007559999999999
VIB/BTC,1608487582843,2020-12-20T18:06:22.843Z,buy,1e-06,756.0,0.0007559999999999
VIB/BTC,1608487582844,2020-12-20T18:06:22.844Z,buy,1e-06,756.0,0.0007559999999999
VIB/BTC,1608487582844,2020-12-20T18:06:22.844Z,buy,1e-06,756.0,0.0007559999999999
VIB/BTC,1608487582844,2020-12-20T18:06:22.844Z,buy,1e-06,756.0,0.0007559999999999
VIB/BTC,1608487582844,2020-12-20T18:06:22.844Z,buy,1e-06,756.0,0.0007559999999999
VIB/BTC,1608487582844,2020-12-20T18:06:22.844Z,buy,1e-06,756.0,0.0007559999999999
VIB/BTC,1608487582845,2020-12-20T18:06:22.845Z,buy,1e-06,756.0,0.0007559999999999
VIB/BTC,1608487582845,2020-12-20T18:06:22.845Z,buy,1e-06,7029.0,0.007029
VIB/BTC,1608487582845,2020-12-20T18:06:22.845Z,buy,1e-06,756.0,0.0007559999999999
VIB/BTC,1608487582845,2020-12-20T18:06:22.845Z,buy,1e-06,756.0,0.0007559999999999
VIB/BTC,1608487582845,2020-12-20T18:06:22.845Z,buy,1e-06,756.0,0.0007559999999999
VIB/BTC,1608487582846,2020-12-20T18:06:22.846Z,buy,1e-06,756.0,0.0007559999999999
VIB/BTC,1608487582846,2020-12-20T18:06:22.846Z,buy,1e-06,756.0,0.0007559999999999
VIB/BTC,1608487582846,2020-12-20T18:06:22.846Z,buy,1e-06,756.0,0.0007559999999999
VIB/BTC,1608487582846,2020-12-20T18:06:22.846Z,buy,1e-06,756.0,0.0007559999999999
VIB/BTC,1608487582846,2020-12-20T18:06:22.846Z,buy,1e-06,756.0,0.0007559999999999
VIB/BTC,1608487582846,2020-12-20T18:06:22.846Z,buy,1e-06,756.0,0.0007559999999999
VIB/BTC,1608487582846,2020-12-20T18:06:22.846Z,buy,1e-06,756.0,0.0007559999999999
VIB/BTC,1608487582846,2020-12-20T18:06:22.846Z,buy,1e-06,756.0,0.0007559999999999
VIB/BTC,1608487582846,2020-12-20T18:06:22.846Z,buy,1e-06,756.0,0.0007559999999999
VIB/BTC,1608487582846,2020-12-20T18:06:22.846Z,buy,1e-06,756.0,0.0007559999999999
VIB/BTC,1608487582847,2020-12-20T18:06:22.847Z,buy,1e-06,756.0,0.0007559999999999
VIB/BTC,1608487582847,2020-12-20T18:06:22.847Z,buy,1e-06,756.0,0.0007559999999999
VIB/BTC,1608487582847,2020-12-20T18:06:22.847Z,buy,1e-06,756.0,0.0007559999999999
VIB/BTC,1608487582847,2020-12-20T18:06:22.847Z,buy,1e-06,756.0,0.0007559999999999
VIB/BTC,1608487582848,2020-12-20T18:06:22.848Z,buy,1e-06,756.0,0.0007559999999999
VIB/BTC,1608487582848,2020-12-20T18:06:22.848Z,buy,1e-06,756.0,0.0007559999999999
VIB/BTC,1608487582848,2020-12-20T18:06:22.848Z,buy,1e-06,756.0,0.0007559999999999
VIB/BTC,1608487582848,2020-12-20T18:06:22.848Z,buy,1e-06,756.0,0.0007559999999999
VIB/BTC,1608487582848,2020-12-20T18:06:22.848Z,buy,1e-06,756.0,0.0007559999999999
VIB/BTC,1608487582848,2020-12-20T18:06:22.848Z,buy,1e-06,756.0,0.0007559999999999
VIB/BTC,1608487582864,2020-12-20T18:06:22.864Z,sell,9.9e-07,13031.0,0.01290069
VIB/BTC,1608487582869,2020-12-20T18:06:22.869Z,buy,1e-06,11400.0,0.0113999999999999
VIB/BTC,1608487583079,2020-12-20T18:06:23.079Z,buy,1e-06,259.0,0.000259
VIB/BTC,1608487583503,2020-12-20T18:06:23.503Z,buy,1e-06,133.0,0.000133
VIB/BTC,1608487584091,2020-12-20T18:06:24.091Z,buy,1e-06,239.0,0.0002389999999999
VIB/BTC,1608487584175,2020-12-20T18:06:24.175Z,buy,1e-06,2458.0,0.0024579999999999
VIB/BTC,1608487584222,2020-12-20T18:06:24.222Z,buy,1e-06,990.0,0.00099
VIB/BTC,1608487584292,2020-12-20T18:06:24.292Z,buy,1e-06,4934.0,0.004934
VIB/BTC,1608487584312,2020-12-20T18:06:24.312Z,sell,9.9e-07,18151.0,0.01796949
VIB/BTC,1608487584622,2020-12-20T18:06:24.622Z,buy,1e-06,102720.0,0.1027199999999999
VIB/BTC,1608487584765,2020-12-20T18:06:24.765Z,sell,9.9e-07,4669.0,0.00462231
VIB/BTC,1608487584913,2020-12-20T18:06:24.913Z,buy,1e-06,990.0,0.00099
VIB/BTC,1608487585109,2020-12-20T18:06:25.109Z,buy,1e-06,278.0,0.000278
VIB/BTC,1608487585366,2020-12-20T18:06:25.366Z,sell,9.9e-07,9342.0,0.00924858
VIB/BTC,1608487585695,2020-12-20T18:06:25.695Z,buy,1e-06,990.0,0.00099
VIB/BTC,1608487586126,2020-12-20T18:06:26.126Z,buy,1e-06,256.0,0.000256
VIB/BTC,1608487586383,2020-12-20T18:06:26.383Z,buy,1e-06,990.0,0.00099
VIB/BTC,1608487586894,2020-12-20T18:06:26.894Z,buy,1e-06,2244.0,0.002244
VIB/BTC,1608487587138,2020-12-20T18:06:27.138Z,buy,1e-06,186.0,0.000186
VIB/BTC,1608487587454,2020-12-20T18:06:27.454Z,buy,1e-06,980.0,0.00098
VIB/BTC,1608487587501,2020-12-20T18:06:27.501Z,sell,9.9e-07,2279.0,0.00225621
VIB/BTC,1608487587893,2020-12-20T18:06:27.893Z,buy,1e-06,980.0,0.00098
VIB/BTC,1608487588151,2020-12-20T18:06:28.151Z,buy,1e-06,296.0,0.000296
VIB/BTC,1608487588245,2020-12-20T18:06:28.245Z,buy,1e-06,2238.0,0.002238
VIB/BTC,1608487589168,2020-12-20T18:06:29.168Z,buy,1e-06,163.0,0.000163
VIB/BTC,1608487589339,2020-12-20T18:06:29.339Z,buy,1e-06,9775.0,0.0097749999999999
VIB/BTC,1608487589411,2020-12-20T18:06:29.411Z,sell,9.9e-07,3219.0,0.00318681
VIB/BTC,1608487590099,2020-12-20T18:06:30.099Z,buy,1e-06,3457.0,0.003457
VIB/BTC,1608487590180,2020-12-20T18:06:30.180Z,buy,1e-06,275.0,0.0002749999999999
VIB/BTC,1608487590200,2020-12-20T18:06:30.200Z,sell,9.9e-07,133.0,0.00013167
VIB/BTC,1608487590265,2020-12-20T18:06:30.265Z,sell,9.9e-07,2497.0,0.00247203
VIB/BTC,1608487591193,2020-12-20T18:06:31.193Z,buy,1e-06,263.0,0.000263
VIB/BTC,1608487591263,2020-12-20T18:06:31.263Z,buy,1e-06,2420.0,0.00242
VIB/BTC,1608487592215,2020-12-20T18:06:32.215Z,buy,1e-06,181.0,0.0001809999999999
VIB/BTC,1608487592232,2020-12-20T18:06:32.232Z,buy,1e-06,2531.0,0.002531
VIB/BTC,1608487593228,2020-12-20T18:06:33.228Z,buy,1e-06,258.0,0.000258
VIB/BTC,1608487594246,2020-12-20T18:06:34.246Z,buy,1e-06,208.0,0.000208
VIB/BTC,1608487594618,2020-12-20T18:06:34.618Z,sell,9.9e-07,6336.0,0.00627264
VIB/BTC,1608487594951,2020-12-20T18:06:34.951Z,buy,1e-06,100000.0,0.0999999999999999
VIB/BTC,1608487595263,2020-12-20T18:06:35.263Z,buy,1e-06,230.0,0.0002299999999999
VIB/BTC,1608487595426,2020-12-20T18:06:35.426Z,sell,9.9e-07,593.0,0.00058707
VIB/BTC,1608487595844,2020-12-20T18:06:35.844Z,buy,1e-06,239995.0,0.2399949999999999
VIB/BTC,1608487595993,2020-12-20T18:06:35.993Z,sell,1e-06,166.0,0.000166
VIB/BTC,1608487596275,2020-12-20T18:06:36.275Z,buy,1.01e-06,293.0,0.00029593
VIB/BTC,1608487596296,2020-12-20T18:06:36.296Z,buy,1.01e-06,1482.0,0.00149682
VIB/BTC,1608487596751,2020-12-20T18:06:36.751Z,sell,1e-06,13804.0,0.0138039999999999
VIB/BTC,1608487597156,2020-12-20T18:06:37.156Z,sell,1e-06,1084.0,0.001084
VIB/BTC,1608487597294,2020-12-20T18:06:37.294Z,buy,1.01e-06,231.0,0.00023331
VIB/BTC,1608487597702,2020-12-20T18:06:37.702Z,sell,1e-06,449.0,0.0004489999999999
VIB/BTC,1608487598312,2020-12-20T18:06:38.312Z,buy,1.01e-06,263.0,0.00026563
VIB/BTC,1608487599326,2020-12-20T18:06:39.326Z,buy,1.01e-06,158.0,0.00015958
VIB/BTC,1608487599336,2020-12-20T18:06:39.336Z,sell,1e-06,3211.0,0.003211
VIB/BTC,1608487599985,2020-12-20T18:06:39.985Z,sell,1e-06,1500.0,0.0015
VIB/BTC,1608487600343,2020-12-20T18:06:40.343Z,buy,1.01e-06,215.0,0.00021715
VIB/BTC,1608487601355,2020-12-20T18:06:41.355Z,buy,1.01e-06,175.0,0.00017675
VIB/BTC,1608487602370,2020-12-20T18:06:42.370Z,buy,1.01e-06,210.0,0.0002121
VIB/BTC,1608487603382,2020-12-20T18:06:43.382Z,buy,1.01e-06,194.0,0.00019594
VIB/BTC,1608487603911,2020-12-20T18:06:43.911Z,buy,1.01e-06,11989.0,0.01210889
VIB/BTC,1608487603988,2020-12-20T18:06:43.988Z,buy,1.01e-06,14309.0,0.01445209
VIB/BTC,1608487604395,2020-12-20T18:06:44.395Z,buy,1.02e-06,177.0,0.00018054
VIB/BTC,1608487605409,2020-12-20T18:06:45.409Z,buy,1.02e-06,268.0,0.00027336
VIB/BTC,1608487605663,2020-12-20T18:06:45.663Z,buy,1.02e-06,5648.0,0.00576096
VIB/BTC,1608487606425,2020-12-20T18:06:46.425Z,buy,1.02e-06,268.0,0.00027336
VIB/BTC,1608487607441,2020-12-20T18:06:47.441Z,buy,1.02e-06,193.0,0.0001968599999999
VIB/BTC,1608487608458,2020-12-20T18:06:48.458Z,buy,1.02e-06,267.0,0.00027234
VIB/BTC,1608487609477,2020-12-20T18:06:49.477Z,buy,1.02e-06,180.0,0.0001836
VIB/BTC,1608487610493,2020-12-20T18:06:50.493Z,buy,1.02e-06,163.0,0.00016626
VIB/BTC,1608487611506,2020-12-20T18:06:51.506Z,buy,1.02e-06,158.0,0.00016116
VIB/BTC,1608487612404,2020-12-20T18:06:52.404Z,sell,1.01e-06,750.0,0.0007575
VIB/BTC,1608487612519,2020-12-20T18:06:52.519Z,buy,1.02e-06,278.0,0.00028356
VIB/BTC,1608487612714,2020-12-20T18:06:52.714Z,sell,1.01e-06,42987.0,0.04341687
VIB/BTC,1608487613222,2020-12-20T18:06:53.222Z,buy,1.02e-06,53905.0,0.0549831
VIB/BTC,1608487613532,2020-12-20T18:06:53.532Z,buy,1.03e-06,291.0,0.00029973
VIB/BTC,1608487614549,2020-12-20T18:06:54.549Z,buy,1.03e-06,225.0,0.00023175
VIB/BTC,1608487615567,2020-12-20T18:06:55.567Z,buy,1.03e-06,223.0,0.00022969
VIB/BTC,1608487616580,2020-12-20T18:06:56.580Z,buy,1.03e-06,293.0,0.00030179
VIB/BTC,1608487617417,2020-12-20T18:06:57.417Z,buy,1.03e-06,7509.0,0.00773427
VIB/BTC,1608487617593,2020-12-20T18:06:57.593Z,buy,1.03e-06,248.0,0.00025544
VIB/BTC,1608487618175,2020-12-20T18:06:58.175Z,buy,1.03e-06,28.0,2.884e-05
VIB/BTC,1608487618605,2020-12-20T18:06:58.605Z,buy,1.03e-06,162.0,0.00016686
VIB/BTC,1608487619618,2020-12-20T18:06:59.618Z,buy,1.03e-06,230.0,0.0002369
VIB/BTC,1608487620633,2020-12-20T18:07:00.633Z,buy,1.03e-06,291.0,0.00029973
VIB/BTC,1608487621650,2020-12-20T18:07:01.650Z,buy,1.03e-06,280.0,0.0002884
VIB/BTC,1608487622450,2020-12-20T18:07:02.450Z,sell,1.02e-06,2114.0,0.00215628
VIB/BTC,1608487622572,2020-12-20T18:07:02.572Z,buy,1.03e-06,18288.0,0.01883664
VIB/BTC,1608487622663,2020-12-20T18:07:02.663Z,buy,1.04e-06,217.0,0.00022568
VIB/BTC,1608487623342,2020-12-20T18:07:03.342Z,sell,1.03e-06,7804.0,0.00803812
VIB/BTC,1608487623402,2020-12-20T18:07:03.402Z,sell,1.03e-06,107.0,0.00011021
VIB/BTC,1608487623685,2020-12-20T18:07:03.685Z,buy,1.04e-06,181.0,0.00018824
VIB/BTC,1608487624698,2020-12-20T18:07:04.698Z,buy,1.04e-06,162.0,0.0001684799999999
VIB/BTC,1608487625710,2020-12-20T18:07:05.710Z,buy,1.04e-06,193.0,0.00020072
VIB/BTC,1608487625908,2020-12-20T18:07:05.908Z,sell,1.03e-06,842.0,0.00086726
VIB/BTC,1608487626722,2020-12-20T18:07:06.722Z,buy,1.04e-06,289.0,0.00030056
VIB/BTC,1608487627740,2020-12-20T18:07:07.740Z,buy,1.04e-06,276.0,0.00028704
VIB/BTC,1608487628081,2020-12-20T18:07:08.081Z,sell,1.03e-06,1061.0,0.00109283
VIB/BTC,1608487628081,2020-12-20T18:07:08.081Z,sell,1.02e-06,8170.0,0.0083334
VIB/BTC,1608487628081,2020-12-20T18:07:08.081Z,sell,1.01e-06,769.0,0.00077669
VIB/BTC,1608487628166,2020-12-20T18:07:08.166Z,buy,1.02e-06,258.0,0.0002631599999999
VIB/BTC,1608487628754,2020-12-20T18:07:08.754Z,buy,1.02e-06,117.0,0.0001193399999999
VIB/BTC,1608487628754,2020-12-20T18:07:08.754Z,buy,1.03e-06,74.0,7.622000000000001e-05
VIB/BTC,1608487629772,2020-12-20T18:07:09.772Z,buy,1.03e-06,230.0,0.0002369
VIB/BTC,1608487629992,2020-12-20T18:07:09.992Z,buy,1.03e-06,196.0,0.00020188
VIB/BTC,1608487630788,2020-12-20T18:07:10.788Z,buy,1.03e-06,215.0,0.00022145
VIB/BTC,1608487631069,2020-12-20T18:07:11.069Z,buy,1.03e-06,672.0,0.00069216
VIB/BTC,1608487631069,2020-12-20T18:07:11.069Z,buy,1.04e-06,7456.0,0.00775424
VIB/BTC,1608487631802,2020-12-20T18:07:11.802Z,buy,1.04e-06,225.0,0.000234
VIB/BTC,1608487632818,2020-12-20T18:07:12.818Z,buy,1.04e-06,160.0,0.0001664
VIB/BTC,1608487633845,2020-12-20T18:07:13.845Z,buy,1.04e-06,178.0,0.00018512
VIB/BTC,1608487634830,2020-12-20T18:07:14.830Z,buy,1.03e-06,184.0,0.00018952
VIB/BTC,1608487634847,2020-12-20T18:07:14.847Z,sell,1.02e-06,5057.0,0.00515814
VIB/BTC,1608487634847,2020-12-20T18:07:14.847Z,sell,1.01e-06,4943.0,0.00499243
VIB/BTC,1608487634865,2020-12-20T18:07:14.865Z,buy,1.03e-06,184.0,0.00018952
VIB/BTC,1608487635261,2020-12-20T18:07:15.261Z,buy,1.03e-06,234.0,0.00024102
VIB/BTC,1608487635885,2020-12-20T18:07:15.885Z,buy,1.03e-06,235.0,0.00024205
VIB/BTC,1608487636844,2020-12-20T18:07:16.844Z,buy,1.03e-06,6247.0,0.00643441
VIB/BTC,1608487636904,2020-12-20T18:07:16.904Z,buy,1.04e-06,252.0,0.00026208
VIB/BTC,1608487637919,2020-12-20T18:07:17.919Z,buy,1.04e-06,214.0,0.00022256
VIB/BTC,1608487638937,2020-12-20T18:07:18.937Z,buy,1.04e-06,204.0,0.00021216
VIB/BTC,1608487639450,2020-12-20T18:07:19.450Z,sell,1.03e-06,1074.0,0.00110622
VIB/BTC,1608487639952,2020-12-20T18:07:19.952Z,buy,1.04e-06,191.0,0.00019864
VIB/BTC,1608487640965,2020-12-20T18:07:20.965Z,buy,1.04e-06,230.0,0.0002392
VIB/BTC,1608487641520,2020-12-20T18:07:21.520Z,buy,1.04e-06,2004.0,0.00208416
VIB/BTC,1608487641982,2020-12-20T18:07:21.982Z,buy,1.04e-06,268.0,0.00027872
VIB/BTC,1608487643000,2020-12-20T18:07:23.000Z,buy,1.04e-06,171.0,0.00017784
VIB/BTC,1608487644017,2020-12-20T18:07:24.017Z,buy,1.04e-06,177.0,0.0001840799999999
VIB/BTC,1608487644088,2020-12-20T18:07:24.088Z,buy,1.04e-06,3021.0,0.00314184
VIB/BTC,1608487644405,2020-12-20T18:07:24.405Z,sell,1.03e-06,55907.0,0.05758421
VIB/BTC,1608487645030,2020-12-20T18:07:25.030Z,buy,1.04e-06,242.0,0.00025168
VIB/BTC,1608487645367,2020-12-20T18:07:25.367Z,sell,1.02e-06,1317.0,0.00134334
VIB/BTC,1608487645367,2020-12-20T18:07:25.367Z,sell,1.01e-06,2063.0,0.00208363
VIB/BTC,1608487646049,2020-12-20T18:07:26.049Z,buy,1.03e-06,264.0,0.00027192
VIB/BTC,1608487647066,2020-12-20T18:07:27.066Z,buy,1.03e-06,256.0,0.00026368
VIB/BTC,1608487647324,2020-12-20T18:07:27.324Z,buy,1.03e-06,797.0,0.00082091
VIB/BTC,1608487647543,2020-12-20T18:07:27.543Z,buy,1.04e-06,878.0,0.00091312
VIB/BTC,1608487648022,2020-12-20T18:07:28.022Z,sell,1.03e-06,264.0,0.00027192
VIB/BTC,1608487648079,2020-12-20T18:07:28.079Z,buy,1.03e-06,230.0,0.0002369
VIB/BTC,1608487649097,2020-12-20T18:07:29.097Z,buy,1.03e-06,215.0,0.00022145
VIB/BTC,1608487649325,2020-12-20T18:07:29.325Z,buy,1.03e-06,15667.0,0.01613701
VIB/BTC,1608487649325,2020-12-20T18:07:29.325Z,buy,1.04e-06,39413.0,0.04098952
VIB/BTC,1608487650113,2020-12-20T18:07:30.113Z,buy,1.04e-06,294.0,0.0003057599999999
VIB/BTC,1608487651131,2020-12-20T18:07:31.131Z,buy,1.04e-06,174.0,0.00018096
VIB/BTC,1608487651808,2020-12-20T18:07:31.808Z,buy,1.04e-06,82261.0,0.08555144
VIB/BTC,1608487652144,2020-12-20T18:07:32.144Z,buy,1.05e-06,241.0,0.00025305
VIB/BTC,1608487652278,2020-12-20T18:07:32.278Z,buy,1.05e-06,2594.0,0.0027237
VIB/BTC,1608487653157,2020-12-20T18:07:33.157Z,buy,1.05e-06,240.0,0.000252
VIB/BTC,1608487654169,2020-12-20T18:07:34.169Z,buy,1.05e-06,260.0,0.0002729999999999
VIB/BTC,1608487655187,2020-12-20T18:07:35.187Z,buy,1.05e-06,230.0,0.0002415
VIB/BTC,1608487656200,2020-12-20T18:07:36.200Z,buy,1.05e-06,287.0,0.00030135
VIB/BTC,1608487657213,2020-12-20T18:07:37.213Z,buy,1.05e-06,257.0,0.0002698499999999
VIB/BTC,1608487657334,2020-12-20T18:07:37.334Z,buy,1.05e-06,1894.0,0.0019887
VIB/BTC,1608487658227,2020-12-20T18:07:38.227Z,buy,1.05e-06,252.0,0.0002646
VIB/BTC,1608487659240,2020-12-20T18:07:39.240Z,buy,1.05e-06,157.0,0.00016485
VIB/BTC,1608487660253,2020-12-20T18:07:40.253Z,buy,1.05e-06,259.0,0.0002719499999999
VIB/BTC,1608487661193,2020-12-20T18:07:41.193Z,sell,1.04e-06,1079.0,0.00112216
VIB/BTC,1608487661270,2020-12-20T18:07:41.270Z,buy,1.05e-06,296.0,0.0003107999999999
VIB/BTC,1608487661827,2020-12-20T18:07:41.827Z,buy,1.05e-06,190.0,0.0001994999999999
VIB/BTC,1608487662128,2020-12-20T18:07:42.128Z,sell,1.04e-06,188.0,0.00019552
VIB/BTC,1608487662287,2020-12-20T18:07:42.287Z,buy,1.05e-06,250.0,0.0002625
VIB/BTC,1608487663056,2020-12-20T18:07:43.056Z,buy,1.05e-06,7987.0,0.0083863499999999
VIB/BTC,1608487663300,2020-12-20T18:07:43.300Z,buy,1.06e-06,186.0,0.00019716
VIB/BTC,1608487664313,2020-12-20T18:07:44.313Z,buy,1.06e-06,222.0,0.00023532
VIB/BTC,1608487664559,2020-12-20T18:07:44.559Z,buy,1.06e-06,128.0,0.00013568
VIB/BTC,1608487665325,2020-12-20T18:07:45.325Z,buy,1.06e-06,161.0,0.00017066
VIB/BTC,1608487665690,2020-12-20T18:07:45.690Z,sell,1.05e-06,246.0,0.0002583
VIB/BTC,1608487666338,2020-12-20T18:07:46.338Z,buy,1.06e-06,196.0,0.00020776
VIB/BTC,1608487667067,2020-12-20T18:07:47.067Z,buy,1.06e-06,8457.0,0.00896442
VIB/BTC,1608487667067,2020-12-20T18:07:47.067Z,buy,1.07e-06,28313.0,0.0302949099999999
VIB/BTC,1608487667067,2020-12-20T18:07:47.067Z,buy,1.08e-06,106318.0,0.11482344
VIB/BTC,1608487667067,2020-12-20T18:07:47.067Z,buy,1.09e-06,37167.0,0.04051203
VIB/BTC,1608487667067,2020-12-20T18:07:47.067Z,buy,1.1e-06,44900.0,0.04939
VIB/BTC,1608487667067,2020-12-20T18:07:47.067Z,buy,1.11e-06,7888.0,0.00875568
VIB/BTC,1608487667308,2020-12-20T18:07:47.308Z,sell,1.07e-06,4929.0,0.00527403
VIB/BTC,1608487667355,2020-12-20T18:07:47.355Z,buy,1.1e-06,256.0,0.0002816
VIB/BTC,1608487668373,2020-12-20T18:07:48.373Z,buy,1.1e-06,208.0,0.0002288
VIB/BTC,1608487668506,2020-12-20T18:07:48.506Z,sell,1.08e-06,1013.0,0.00109404
VIB/BTC,1608487668975,2020-12-20T18:07:48.975Z,buy,1.09e-06,1017.0,0.00110853
VIB/BTC,1608487669339,2020-12-20T18:07:49.339Z,buy,1.09e-06,1017.0,0.00110853
VIB/BTC,1608487669390,2020-12-20T18:07:49.390Z,buy,1.09e-06,215.0,0.0002343499999999
VIB/BTC,1608487669995,2020-12-20T18:07:49.995Z,buy,1.09e-06,216.0,0.0002354399999999
VIB/BTC,1608487670402,2020-12-20T18:07:50.402Z,buy,1.09e-06,249.0,0.00027141
VIB/BTC,1608487670407,2020-12-20T18:07:50.407Z,sell,1.08e-06,125.0,0.000135
VIB/BTC,1608487670501,2020-12-20T18:07:50.501Z,buy,1.09e-06,216.0,0.0002354399999999
VIB/BTC,1608487671415,2020-12-20T18:07:51.415Z,buy,1.09e-06,230.0,0.0002506999999999
VIB/BTC,1608487671587,2020-12-20T18:07:51.587Z,buy,1.09e-06,2782.0,0.00303238
VIB/BTC,1608487671587,2020-12-20T18:07:51.587Z,buy,1.1e-06,19203.0,0.0211233
VIB/BTC,1608487671587,2020-12-20T18:07:51.587Z,buy,1.11e-06,6261.0,0.00694971
VIB/BTC,1608487671632,2020-12-20T18:07:51.632Z,sell,1.08e-06,88.0,9.504e-05
VIB/BTC,1608487671632,2020-12-20T18:07:51.632Z,sell,1.07e-06,1118.0,0.00119626
VIB/BTC,1608487672433,2020-12-20T18:07:52.433Z,buy,1.1e-06,98.0,0.0001078
VIB/BTC,1608487672433,2020-12-20T18:07:52.433Z,buy,1.11e-06,89.0,9.879e-05
VIB/BTC,1608487672451,2020-12-20T18:07:52.451Z,sell,1.09e-06,213.0,0.00023217
VIB/BTC,1608487672614,2020-12-20T18:07:52.614Z,sell,1.09e-06,1022.0,0.0011139799999999
VIB/BTC,1608487673451,2020-12-20T18:07:53.451Z,buy,1.1e-06,152.0,0.0001672
VIB/BTC,1608487674463,2020-12-20T18:07:54.463Z,buy,1.1e-06,229.0,0.0002519
VIB/BTC,1608487674584,2020-12-20T18:07:54.584Z,buy,1.1e-06,2433.0,0.0026763
VIB/BTC,1608487674871,2020-12-20T18:07:54.871Z,buy,1.1e-06,28743.0,0.0316173
VIB/BTC,1608487675480,2020-12-20T18:07:55.480Z,buy,1.1e-06,258.0,0.0002838
VIB/BTC,1608487676499,2020-12-20T18:07:56.499Z,buy,1.1e-06,281.0,0.0003091
VIB/BTC,1608487676963,2020-12-20T18:07:56.963Z,buy,1.1e-06,143.0,0.0001573
VIB/BTC,1608487677213,2020-12-20T18:07:57.213Z,buy,1.1e-06,3407.0,0.0037477
VIB/BTC,1608487677515,2020-12-20T18:07:57.515Z,buy,1.1e-06,217.0,0.0002387
VIB/BTC,1608487677769,2020-12-20T18:07:57.769Z,buy,1.1e-06,20913.0,0.0230043
VIB/BTC,1608487678279,2020-12-20T18:07:58.279Z,buy,1.1e-06,4304.0,0.0047344
VIB/BTC,1608487678468,2020-12-20T18:07:58.468Z,buy,1.09e-06,359.0,0.0003913099999999
VIB/BTC,1608487678532,2020-12-20T18:07:58.532Z,buy,1.09e-06,297.0,0.00032373
VIB/BTC,1608487679444,2020-12-20T18:07:59.444Z,buy,1.09e-06,423.0,0.0004610699999999
VIB/BTC,1608487679549,2020-12-20T18:07:59.549Z,buy,1.09e-06,180.0,0.0001962
VIB/BTC,1608487680568,2020-12-20T18:08:00.568Z,buy,1.09e-06,198.0,0.0002158199999999
VIB/BTC,1608487681223,2020-12-20T18:08:01.223Z,sell,1.08e-06,1681.0,0.00181548
VIB/BTC,1608487681588,2020-12-20T18:08:01.588Z,buy,1.08e-06,156.0,0.00016848
VIB/BTC,1608487682608,2020-12-20T18:08:02.608Z,buy,1.08e-06,195.0,0.0002106
VIB/BTC,1608487683624,2020-12-20T18:08:03.624Z,buy,1.08e-06,168.0,0.00018144
VIB/BTC,1608487684644,2020-12-20T18:08:04.644Z,buy,1.08e-06,170.0,0.0001836
VIB/BTC,1608487684784,2020-12-20T18:08:04.784Z,sell,1.07e-06,1874.0,0.0020051799999999
VIB/BTC,1608487685664,2020-12-20T18:08:05.664Z,buy,1.07e-06,155.0,0.00016585
VIB/BTC,1608487686684,2020-12-20T18:08:06.684Z,buy,1.07e-06,164.0,0.00017548
VIB/BTC,1608487687703,2020-12-20T18:08:07.703Z,buy,1.07e-06,232.0,0.00024824
VIB/BTC,1608487688723,2020-12-20T18:08:08.723Z,buy,1.07e-06,244.0,0.0002610799999999
VIB/BTC,1608487689207,2020-12-20T18:08:09.207Z,sell,1.06e-06,2300.0,0.002438
VIB/BTC,1608487689207,2020-12-20T18:08:09.207Z,sell,1.05e-06,37343.0,0.03921015
VIB/BTC,1608487689740,2020-12-20T18:08:09.740Z,buy,1.07e-06,158.0,0.0001690599999999
VIB/BTC,1608487689890,2020-12-20T18:08:09.890Z,sell,1.05e-06,2243.0,0.00235515
VIB/BTC,1608487689890,2020-12-20T18:08:09.890Z,sell,1.04e-06,2061.0,0.00214344
VIB/BTC,1608487690753,2020-12-20T18:08:10.753Z,buy,1.05e-06,206.0,0.0002162999999999
VIB/BTC,1608487691769,2020-12-20T18:08:11.769Z,buy,1.05e-06,156.0,0.0001638
VIB/BTC,1608487692110,2020-12-20T18:08:12.110Z,sell,1.04e-06,72952.0,0.07587008
VIB/BTC,1608487692409,2020-12-20T18:08:12.409Z,buy,1.04e-06,122.0,0.00012688
VIB/BTC,1608487692782,2020-12-20T18:08:12.782Z,buy,1.04e-06,236.0,0.00024544
VIB/BTC,1608487693794,2020-12-20T18:08:13.794Z,buy,1.04e-06,258.0,0.00026832
VIB/BTC,1608487694807,2020-12-20T18:08:14.807Z,buy,1.04e-06,166.0,0.00017264
VIB/BTC,1608487695820,2020-12-20T18:08:15.820Z,buy,1.04e-06,203.0,0.00021112
VIB/BTC,1608487696396,2020-12-20T18:08:16.396Z,sell,1.03e-06,3015.0,0.00310545
VIB/BTC,1608487696833,2020-12-20T18:08:16.833Z,buy,1.04e-06,154.0,0.00016016
VIB/BTC,1608487697354,2020-12-20T18:08:17.354Z,buy,1.04e-06,3123.0,0.00324792
VIB/BTC,1608487697850,2020-12-20T18:08:17.850Z,buy,1.04e-06,238.0,0.00024752
VIB/BTC,1608487698167,2020-12-20T18:08:18.167Z,sell,1.03e-06,2326.0,0.00239578
VIB/BTC,1608487698863,2020-12-20T18:08:18.863Z,buy,1.04e-06,191.0,0.00019864
VIB/BTC,1608487699880,2020-12-20T18:08:19.880Z,buy,1.04e-06,208.0,0.00021632
VIB/BTC,1608487700525,2020-12-20T18:08:20.525Z,buy,1.04e-06,41066.0,0.04270864
VIB/BTC,1608487700893,2020-12-20T18:08:20.893Z,buy,1.04e-06,275.0,0.000286
VIB/BTC,1608487701906,2020-12-20T18:08:21.906Z,buy,1.04e-06,154.0,0.00016016
VIB/BTC,1608487702610,2020-12-20T18:08:22.610Z,buy,1.04e-06,3202.0,0.00333008
VIB/BTC,1608487702919,2020-12-20T18:08:22.919Z,buy,1.05e-06,266.0,0.0002792999999999
VIB/BTC,1608487702986,2020-12-20T18:08:22.986Z,sell,1.04e-06,1959.0,0.0020373599999999
VIB/BTC,1608487702986,2020-12-20T18:08:22.986Z,sell,1.03e-06,4154.0,0.00427862
VIB/BTC,1608487702986,2020-12-20T18:08:22.986Z,sell,1.02e-06,96063.0,0.09798426
VIB/BTC,1608487702999,2020-12-20T18:08:22.999Z,buy,1.02e-06,27228.0,0.0277725599999999
VIB/BTC,1608487703012,2020-12-20T18:08:23.012Z,buy,1.02e-06,47177.0,0.0481205399999999
VIB/BTC,1608487703014,2020-12-20T18:08:23.014Z,buy,1.02e-06,1849.0,0.00188598
VIB/BTC,1608487703025,2020-12-20T18:08:23.025Z,buy,1.02e-06,260.0,0.0002652
VIB/BTC,1608487703025,2020-12-20T18:08:23.025Z,buy,1.02e-06,621.0,0.00063342
VIB/BTC,1608487703045,2020-12-20T18:08:23.045Z,buy,1.02e-06,16426.0,0.01675452
VIB/BTC,1608487703092,2020-12-20T18:08:23.092Z,sell,1.02e-06,623.0,0.00063546
VIB/BTC,1608487703715,2020-12-20T18:08:23.715Z,buy,1.03e-06,1067.0,0.00109901
VIB/BTC,1608487703931,2020-12-20T18:08:23.931Z,buy,1.03e-06,156.0,0.00016068
VIB/BTC,1608487704949,2020-12-20T18:08:24.949Z,buy,1.03e-06,96.0,9.888e-05
VIB/BTC,1608487704949,2020-12-20T18:08:24.949Z,buy,1.04e-06,177.0,0.0001840799999999
VIB/BTC,1608487705161,2020-12-20T18:08:25.161Z,sell,1.02e-06,5376.0,0.0054835199999999
VIB/BTC,1608487705239,2020-12-20T18:08:25.239Z,buy,1.02e-06,5181.0,0.00528462
VIB/BTC,1608487705333,2020-12-20T18:08:25.333Z,buy,1.02e-06,4027.0,0.00410754
VIB/BTC,1608487705532,2020-12-20T18:08:25.532Z,sell,1.03e-06,258.0,0.00026574
VIB/BTC,1608487705961,2020-12-20T18:08:25.961Z,buy,1.04e-06,225.0,0.000234
VIB/BTC,1608487706978,2020-12-20T18:08:26.978Z,buy,1.04e-06,173.0,0.00017992
VIB/BTC,1608487707994,2020-12-20T18:08:27.994Z,buy,1.04e-06,245.0,0.0002548
VIB/BTC,1608487709011,2020-12-20T18:08:29.011Z,buy,1.04e-06,197.0,0.00020488
VIB/BTC,1608487710023,2020-12-20T18:08:30.023Z,buy,1.04e-06,269.0,0.00027976
VIB/BTC,1608487710682,2020-12-20T18:08:30.682Z,buy,1.04e-06,5215.0,0.0054236
VIB/BTC,1608487711037,2020-12-20T18:08:31.037Z,buy,1.05e-06,260.0,0.0002729999999999
VIB/BTC,1608487711201,2020-12-20T18:08:31.201Z,sell,1.04e-06,269.0,0.00027976
VIB/BTC,1608487712054,2020-12-20T18:08:32.054Z,buy,1.04e-06,208.0,0.00021632
VIB/BTC,1608487712146,2020-12-20T18:08:32.146Z,sell,1.03e-06,6671.0,0.00687113
VIB/BTC,1608487712150,2020-12-20T18:08:32.150Z,sell,1.03e-06,3522.0,0.00362766
VIB/BTC,1608487713067,2020-12-20T18:08:33.067Z,buy,1.04e-06,178.0,0.00018512
VIB/BTC,1608487713676,2020-12-20T18:08:33.676Z,sell,1.03e-06,181.0,0.00018643
VIB/BTC,1608487714084,2020-12-20T18:08:34.084Z,buy,1.04e-06,218.0,0.00022672
VIB/BTC,1608487714710,2020-12-20T18:08:34.710Z,buy,1.04e-06,1305.0,0.0013572
VIB/BTC,1608487715101,2020-12-20T18:08:35.101Z,buy,1.05e-06,162.0,0.0001701
VIB/BTC,1608487715218,2020-12-20T18:08:35.218Z,sell,1.04e-06,396.0,0.00041184
VIB/BTC,1608487715218,2020-12-20T18:08:35.218Z,sell,1.03e-06,8391.0,0.00864273
VIB/BTC,1608487716124,2020-12-20T18:08:36.124Z,buy,1.04e-06,259.0,0.00026936
VIB/BTC,1608487717136,2020-12-20T18:08:37.136Z,buy,1.04e-06,2.0,2.08e-06
VIB/BTC,1608487717136,2020-12-20T18:08:37.136Z,buy,1.05e-06,171.0,0.0001795499999999
VIB/BTC,1608487718149,2020-12-20T18:08:38.149Z,buy,1.05e-06,236.0,0.0002477999999999
VIB/BTC,1608487719162,2020-12-20T18:08:39.162Z,buy,1.05e-06,188.0,0.0001973999999999
VIB/BTC,1608487720175,2020-12-20T18:08:40.175Z,buy,1.05e-06,289.0,0.00030345
VIB/BTC,1608487720235,2020-12-20T18:08:40.235Z,sell,1.04e-06,1570.0,0.0016328
VIB/BTC,1608487721188,2020-12-20T18:08:41.188Z,buy,1.04e-06,166.0,0.00017264
VIB/BTC,1608487721727,2020-12-20T18:08:41.727Z,sell,1.03e-06,1088.0,0.00112064
VIB/BTC,1608487722173,2020-12-20T18:08:42.173Z,sell,1.03e-06,1368.0,0.00140904
VIB/BTC,1608487722173,2020-12-20T18:08:42.173Z,sell,1.02e-06,10009.0,0.01020918
VIB/BTC,1608487722200,2020-12-20T18:08:42.200Z,buy,1.04e-06,187.0,0.00019448
VIB/BTC,1608487722695,2020-12-20T18:08:42.695Z,sell,1.02e-06,1101.0,0.00112302
VIB/BTC,1608487722695,2020-12-20T18:08:42.695Z,sell,1.01e-06,18222.0,0.01840422
VIB/BTC,1608487723218,2020-12-20T18:08:43.218Z,buy,1.02e-06,211.0,0.00021522
VIB/BTC,1608487723966,2020-12-20T18:08:43.966Z,buy,1.02e-06,536.0,0.00054672
VIB/BTC,1608487724234,2020-12-20T18:08:44.234Z,buy,1.02e-06,207.0,0.00021114
VIB/BTC,1608487724277,2020-12-20T18:08:44.277Z,sell,1.01e-06,983.0,0.00099283
VIB/BTC,1608487724923,2020-12-20T18:08:44.923Z,buy,1.02e-06,431.0,0.00043962
VIB/BTC,1608487724923,2020-12-20T18:08:44.923Z,buy,1.03e-06,7131.0,0.00734493
VIB/BTC,1608487725164,2020-12-20T18:08:45.164Z,sell,1.01e-06,67593.0,0.06826893
VIB/BTC,1608487725164,2020-12-20T18:08:45.164Z,sell,1e-06,189757.0,0.1897569999999999
VIB/BTC,1608487725253,2020-12-20T18:08:45.253Z,buy,1.03e-06,261.0,0.00026883
VIB/BTC,1608487725959,2020-12-20T18:08:45.959Z,sell,1.02e-06,1107.0,0.00112914
VIB/BTC,1608487726121,2020-12-20T18:08:46.121Z,sell,1.02e-06,217.0,0.00022134
VIB/BTC,1608487726121,2020-12-20T18:08:46.121Z,sell,1.01e-06,5889.0,0.00594789
VIB/BTC,1608487726121,2020-12-20T18:08:46.121Z,sell,1e-06,12696.0,0.0126959999999999
VIB/BTC,1608487726127,2020-12-20T18:08:46.127Z,buy,1e-06,3507.0,0.0035069999999999
VIB/BTC,1608487726127,2020-12-20T18:08:46.127Z,buy,1e-06,3507.0,0.0035069999999999
VIB/BTC,1608487726127,2020-12-20T18:08:46.127Z,buy,1e-06,468.0,0.000468
VIB/BTC,1608487726127,2020-12-20T18:08:46.127Z,buy,1e-06,468.0,0.000468
VIB/BTC,1608487726127,2020-12-20T18:08:46.127Z,buy,1e-06,468.0,0.000468
VIB/BTC,1608487726127,2020-12-20T18:08:46.127Z,buy,1e-06,468.0,0.000468
VIB/BTC,1608487726127,2020-12-20T18:08:46.127Z,buy,1e-06,468.0,0.000468
VIB/BTC,1608487726127,2020-12-20T18:08:46.127Z,buy,1e-06,468.0,0.000468
VIB/BTC,1608487726127,2020-12-20T18:08:46.127Z,buy,1e-06,468.0,0.000468
VIB/BTC,1608487726127,2020-12-20T18:08:46.127Z,buy,1e-06,468.0,0.000468
VIB/BTC,1608487726128,2020-12-20T18:08:46.128Z,buy,1e-06,468.0,0.000468
VIB/BTC,1608487726128,2020-12-20T18:08:46.128Z,buy,1e-06,468.0,0.000468
VIB/BTC,1608487726128,2020-12-20T18:08:46.128Z,buy,1e-06,468.0,0.000468
VIB/BTC,1608487726128,2020-12-20T18:08:46.128Z,buy,1e-06,468.0,0.000468
VIB/BTC,1608487726128,2020-12-20T18:08:46.128Z,buy,1e-06,468.0,0.000468
VIB/BTC,1608487726128,2020-12-20T18:08:46.128Z,buy,1e-06,468.0,0.000468
VIB/BTC,1608487726128,2020-12-20T18:08:46.128Z,buy,1e-06,468.0,0.000468
VIB/BTC,1608487726128,2020-12-20T18:08:46.128Z,buy,1e-06,468.0,0.000468
VIB/BTC,1608487726129,2020-12-20T18:08:46.129Z,buy,1e-06,468.0,0.000468
VIB/BTC,1608487726129,2020-12-20T18:08:46.129Z,buy,1e-06,468.0,0.000468
VIB/BTC,1608487726129,2020-12-20T18:08:46.129Z,buy,1e-06,3507.0,0.0035069999999999
VIB/BTC,1608487726130,2020-12-20T18:08:46.130Z,buy,1e-06,468.0,0.000468
VIB/BTC,1608487726130,2020-12-20T18:08:46.130Z,buy,1e-06,468.0,0.000468
VIB/BTC,1608487726130,2020-12-20T18:08:46.130Z,buy,1e-06,468.0,0.000468
VIB/BTC,1608487726130,2020-12-20T18:08:46.130Z,buy,1e-06,468.0,0.000468
VIB/BTC,1608487726130,2020-12-20T18:08:46.130Z,buy,1e-06,468.0,0.000468
VIB/BTC,1608487726130,2020-12-20T18:08:46.130Z,buy,1e-06,468.0,0.000468
VIB/BTC,1608487726130,2020-12-20T18:08:46.130Z,buy,1e-06,468.0,0.000468
VIB/BTC,1608487726131,2020-12-20T18:08:46.131Z,buy,1e-06,468.0,0.000468
VIB/BTC,1608487726131,2020-12-20T18:08:46.131Z,buy,1e-06,468.0,0.000468
VIB/BTC,1608487726132,2020-12-20T18:08:46.132Z,buy,1e-06,468.0,0.000468
VIB/BTC,1608487726132,2020-12-20T18:08:46.132Z,buy,1e-06,468.0,0.000468
VIB/BTC,1608487726132,2020-12-20T18:08:46.132Z,buy,1e-06,468.0,0.000468
VIB/BTC,1608487726132,2020-12-20T18:08:46.132Z,buy,1e-06,468.0,0.000468
VIB/BTC,1608487726132,2020-12-20T18:08:46.132Z,buy,1e-06,468.0,0.000468
VIB/BTC,1608487726132,2020-12-20T18:08:46.132Z,buy,1e-06,3507.0,0.0035069999999999
VIB/BTC,1608487726132,2020-12-20T18:08:46.132Z,buy,1e-06,468.0,0.000468
VIB/BTC,1608487726132,2020-12-20T18:08:46.132Z,buy,1e-06,468.0,0.000468
VIB/BTC,1608487726132,2020-12-20T18:08:46.132Z,buy,1e-06,468.0,0.000468
VIB/BTC,1608487726132,2020-12-20T18:08:46.132Z,buy,1e-06,468.0,0.000468
VIB/BTC,1608487726132,2020-12-20T18:08:46.132Z,buy,1e-06,3507.0,0.0035069999999999
VIB/BTC,1608487726133,2020-12-20T18:08:46.133Z,buy,1e-06,468.0,0.000468
VIB/BTC,1608487726133,2020-12-20T18:08:46.133Z,buy,1e-06,3507.0,0.0035069999999999
VIB/BTC,1608487726133,2020-12-20T18:08:46.133Z,buy,1e-06,468.0,0.000468
VIB/BTC,1608487726133,2020-12-20T18:08:46.133Z,buy,1e-06,468.0,0.000468
VIB/BTC,1608487726134,2020-12-20T18:08:46.134Z,buy,1e-06,468.0,0.000468
VIB/BTC,1608487726134,2020-12-20T18:08:46.134Z,buy,1e-06,468.0,0.000468
VIB/BTC,1608487726134,2020-12-20T18:08:46.134Z,buy,1e-06,468.0,0.000468
VIB/BTC,1608487726134,2020-12-20T18:08:46.134Z,buy,1e-06,468.0,0.000468
VIB/BTC,1608487726134,2020-12-20T18:08:46.134Z,buy,1e-06,468.0,0.000468
VIB/BTC,1608487726134,2020-12-20T18:08:46.134Z,buy,1e-06,468.0,0.000468
VIB/BTC,1608487726134,2020-12-20T18:08:46.134Z,buy,1e-06,468.0,0.000468
VIB/BTC,1608487726134,2020-12-20T18:08:46.134Z,buy,1e-06,468.0,0.000468
VIB/BTC,1608487726135,2020-12-20T18:08:46.135Z,buy,1e-06,468.0,0.000468
VIB/BTC,1608487726135,2020-12-20T18:08:46.135Z,buy,1e-06,7029.0,0.007029
VIB/BTC,1608487726271,2020-12-20T18:08:46.271Z,buy,1e-06,168.0,0.000168
VIB/BTC,1608487726508,2020-12-20T18:08:46.508Z,buy,1e-06,1108.0,0.001108
VIB/BTC,1608487727283,2020-12-20T18:08:47.283Z,buy,1e-06,271.0,0.000271
VIB/BTC,1608487727721,2020-12-20T18:08:47.721Z,buy,1e-06,32.0,3.2e-05
VIB/BTC,1608487728300,2020-12-20T18:08:48.300Z,buy,1e-06,230.0,0.0002299999999999
VIB/BTC,1608487729318,2020-12-20T18:08:49.318Z,buy,1.01e-06,279.0,0.00028179
VIB/BTC,1608487730331,2020-12-20T18:08:50.331Z,buy,1.01e-06,208.0,0.00021008
VIB/BTC,1608487731348,2020-12-20T18:08:51.348Z,buy,1.01e-06,184.0,0.00018584
VIB/BTC,1608487732361,2020-12-20T18:08:52.361Z,buy,1.01e-06,278.0,0.00028078
VIB/BTC,1608487732721,2020-12-20T18:08:52.721Z,buy,1.01e-06,8684.0,0.00877084
VIB/BTC,1608487733186,2020-12-20T18:08:53.186Z,buy,1.01e-06,1104.0,0.00111504
VIB/BTC,1608487733193,2020-12-20T18:08:53.193Z,sell,1e-06,1410.0,0.00141
VIB/BTC,1608487733306,2020-12-20T18:08:53.306Z,buy,1e-06,21980.0,0.02198
VIB/BTC,1608487733378,2020-12-20T18:08:53.378Z,buy,1e-06,198.0,0.000198
VIB/BTC,1608487734395,2020-12-20T18:08:54.395Z,buy,1e-06,267.0,0.000267
VIB/BTC,1608487734398,2020-12-20T18:08:54.398Z,buy,1e-06,2333.0,0.002333
VIB/BTC,1608487735017,2020-12-20T18:08:55.017Z,sell,9.9e-07,4241.0,0.00419859
VIB/BTC,1608487735412,2020-12-20T18:08:55.412Z,buy,1e-06,280.0,0.00028
VIB/BTC,1608487735708,2020-12-20T18:08:55.708Z,buy,1e-06,5585.0,0.005585
VIB/BTC,1608487736425,2020-12-20T18:08:56.425Z,buy,1e-06,152.0,0.0001519999999999
VIB/BTC,1608487736560,2020-12-20T18:08:56.560Z,sell,9.9e-07,2432.0,0.00240768
VIB/BTC,1608487737043,2020-12-20T18:08:57.043Z,sell,9.9e-07,20892.0,0.02068308
VIB/BTC,1608487737438,2020-12-20T18:08:57.438Z,buy,1e-06,299.0,0.000299
VIB/BTC,1608487738454,2020-12-20T18:08:58.454Z,buy,1e-06,298.0,0.000298
VIB/BTC,1608487739467,2020-12-20T18:08:59.467Z,buy,1e-06,153.0,0.000153
VIB/BTC,1608487739725,2020-12-20T18:08:59.725Z,buy,1e-06,2592.0,0.0025919999999999
VIB/BTC,1608487739951,2020-12-20T18:08:59.951Z,buy,1e-06,234.0,0.000234
VIB/BTC,1608487740480,2020-12-20T18:09:00.480Z,buy,1e-06,204.0,0.000204
VIB/BTC,1608487741498,2020-12-20T18:09:01.498Z,buy,1e-06,241.0,0.0002409999999999
VIB/BTC,1608487742510,2020-12-20T18:09:02.510Z,buy,1e-06,178.0,0.000178
VIB/BTC,1608487743530,2020-12-20T18:09:03.530Z,buy,1e-06,294.0,0.000294
VIB/BTC,1608487744194,2020-12-20T18:09:04.194Z,sell,9.9e-07,18452.0,0.01826748
VIB/BTC,1608487744194,2020-12-20T18:09:04.194Z,sell,9.8e-07,114983.0,0.1126833399999999
VIB/BTC,1608487744200,2020-12-20T18:09:04.200Z,buy,9.8e-07,1325.0,0.0012985
VIB/BTC,1608487744201,2020-12-20T18:09:04.201Z,buy,9.8e-07,1325.0,0.0012985
VIB/BTC,1608487744201,2020-12-20T18:09:04.201Z,buy,9.8e-07,1325.0,0.0012985
VIB/BTC,1608487744201,2020-12-20T18:09:04.201Z,buy,9.8e-07,1325.0,0.0012985
VIB/BTC,1608487744201,2020-12-20T18:09:04.201Z,buy,9.8e-07,1325.0,0.0012985
VIB/BTC,1608487744201,2020-12-20T18:09:04.201Z,buy,9.8e-07,1325.0,0.0012985
VIB/BTC,1608487744201,2020-12-20T18:09:04.201Z,buy,9.8e-07,1325.0,0.0012985
VIB/BTC,1608487744201,2020-12-20T18:09:04.201Z,buy,9.8e-07,1325.0,0.0012985
VIB/BTC,1608487744201,2020-12-20T18:09:04.201Z,buy,9.8e-07,1325.0,0.0012985
VIB/BTC,1608487744201,2020-12-20T18:09:04.201Z,buy,9.8e-07,1325.0,0.0012985
VIB/BTC,1608487744201,2020-12-20T18:09:04.201Z,buy,9.8e-07,1325.0,0.0012985
VIB/BTC,1608487744201,2020-12-20T18:09:04.201Z,buy,9.8e-07,1325.0,0.0012985
VIB/BTC,1608487744201,2020-12-20T18:09:04.201Z,buy,9.8e-07,1325.0,0.0012985
VIB/BTC,1608487744202,2020-12-20T18:09:04.202Z,buy,9.8e-07,1325.0,0.0012985
VIB/BTC,1608487744203,2020-12-20T18:09:04.203Z,buy,9.8e-07,1325.0,0.0012985
VIB/BTC,1608487744203,2020-12-20T18:09:04.203Z,buy,9.8e-07,1325.0,0.0012985
VIB/BTC,1608487744203,2020-12-20T18:09:04.203Z,buy,9.8e-07,1325.0,0.0012985
VIB/BTC,1608487744203,2020-12-20T18:09:04.203Z,buy,9.8e-07,1325.0,0.0012985
VIB/BTC,1608487744203,2020-12-20T18:09:04.203Z,buy,9.8e-07,1325.0,0.0012985
VIB/BTC,1608487744204,2020-12-20T18:09:04.204Z,buy,9.8e-07,1325.0,0.0012985
VIB/BTC,1608487744204,2020-12-20T18:09:04.204Z,buy,9.8e-07,1325.0,0.0012985
VIB/BTC,1608487744204,2020-12-20T18:09:04.204Z,buy,9.8e-07,1325.0,0.0012985
VIB/BTC,1608487744204,2020-12-20T18:09:04.204Z,buy,9.8e-07,1325.0,0.0012985
VIB/BTC,1608487744205,2020-12-20T18:09:04.205Z,buy,9.8e-07,1325.0,0.0012985
VIB/BTC,1608487744205,2020-12-20T18:09:04.205Z,buy,9.8e-07,1325.0,0.0012985
VIB/BTC,1608487744205,2020-12-20T18:09:04.205Z,buy,9.8e-07,1325.0,0.0012985
VIB/BTC,1608487744205,2020-12-20T18:09:04.205Z,buy,9.8e-07,1325.0,0.0012985
VIB/BTC,1608487744206,2020-12-20T18:09:04.206Z,buy,9.8e-07,1325.0,0.0012985
VIB/BTC,1608487744206,2020-12-20T18:09:04.206Z,buy,9.8e-07,1325.0,0.0012985
VIB/BTC,1608487744206,2020-12-20T18:09:04.206Z,buy,9.8e-07,1325.0,0.0012985
VIB/BTC,1608487744206,2020-12-20T18:09:04.206Z,buy,9.8e-07,1325.0,0.0012985
VIB/BTC,1608487744206,2020-12-20T18:09:04.206Z,buy,9.8e-07,1325.0,0.0012985
VIB/BTC,1608487744206,2020-12-20T18:09:04.206Z,buy,9.8e-07,1325.0,0.0012985
VIB/BTC,1608487744206,2020-12-20T18:09:04.206Z,buy,9.8e-07,1325.0,0.0012985
VIB/BTC,1608487744206,2020-12-20T18:09:04.206Z,buy,9.8e-07,1325.0,0.0012985
VIB/BTC,1608487744206,2020-12-20T18:09:04.206Z,buy,9.8e-07,1325.0,0.0012985
VIB/BTC,1608487744206,2020-12-20T18:09:04.206Z,buy,9.8e-07,1325.0,0.0012985
VIB/BTC,1608487744207,2020-12-20T18:09:04.207Z,buy,9.8e-07,1325.0,0.0012985
VIB/BTC,1608487744207,2020-12-20T18:09:04.207Z,buy,9.8e-07,1325.0,0.0012985
VIB/BTC,1608487744208,2020-12-20T18:09:04.208Z,buy,9.8e-07,1325.0,0.0012985
VIB/BTC,1608487744208,2020-12-20T18:09:04.208Z,buy,9.8e-07,1325.0,0.0012985
VIB/BTC,1608487744208,2020-12-20T18:09:04.208Z,buy,9.8e-07,1325.0,0.0012985
VIB/BTC,1608487744208,2020-12-20T18:09:04.208Z,buy,9.8e-07,1325.0,0.0012985
VIB/BTC,1608487744209,2020-12-20T18:09:04.209Z,buy,9.8e-07,1325.0,0.0012985
VIB/BTC,1608487744211,2020-12-20T18:09:04.211Z,buy,9.8e-07,7172.0,0.00702856
VIB/BTC,1608487744213,2020-12-20T18:09:04.213Z,buy,9.8e-07,1325.0,0.0012985
VIB/BTC,1608487744224,2020-12-20T18:09:04.224Z,sell,9.7e-07,29388.0,0.02850636
VIB/BTC,1608487744263,2020-12-20T18:09:04.263Z,buy,9.8e-07,4021.0,0.00394058
VIB/BTC,1608487744326,2020-12-20T18:09:04.326Z,buy,9.8e-07,6025.0,0.0059045
VIB/BTC,1608487744542,2020-12-20T18:09:04.542Z,sell,9.7e-07,10677.0,0.01035669
VIB/BTC,1608487744547,2020-12-20T18:09:04.547Z,buy,9.8e-07,233.0,0.0002283399999999
VIB/BTC,1608487745417,2020-12-20T18:09:05.417Z,buy,9.8e-07,164.0,0.00016072
VIB/BTC,1608487745560,2020-12-20T18:09:05.560Z,buy,9.8e-07,157.0,0.00015386
VIB/BTC,1608487746573,2020-12-20T18:09:06.573Z,buy,9.8e-07,257.0,0.0002518599999999
VIB/BTC,1608487747590,2020-12-20T18:09:07.590Z,buy,9.8e-07,236.0,0.00023128
VIB/BTC,1608487748380,2020-12-20T18:09:08.380Z,buy,9.8e-07,234.0,0.0002293199999999
VIB/BTC,1608487748607,2020-12-20T18:09:08.607Z,buy,9.8e-07,276.0,0.0002704799999999
VIB/BTC,1608487749619,2020-12-20T18:09:09.619Z,buy,9.8e-07,204.0,0.00019992
VIB/BTC,1608487750634,2020-12-20T18:09:10.634Z,buy,9.8e-07,166.0,0.0001626799999999
VIB/BTC,1608487750802,2020-12-20T18:09:10.802Z,buy,9.8e-07,1312.0,0.00128576
VIB/BTC,1608487750823,2020-12-20T18:09:10.823Z,sell,9.8e-07,4614.0,0.00452172
VIB/BTC,1608487751482,2020-12-20T18:09:11.482Z,sell,9.7e-07,5620.0,0.0054514
VIB/BTC,1608487751646,2020-12-20T18:09:11.646Z,buy,9.9e-07,289.0,0.00028611
VIB/BTC,1608487752077,2020-12-20T18:09:12.077Z,sell,9.8e-07,500.0,0.00049
VIB/BTC,1608487752635,2020-12-20T18:09:12.635Z,sell,9.8e-07,505.0,0.0004948999999999
VIB/BTC,1608487752635,2020-12-20T18:09:12.635Z,sell,9.7e-07,2583.0,0.00250551
VIB/BTC,1608487752664,2020-12-20T18:09:12.664Z,buy,9.9e-07,176.0,0.00017424
VIB/BTC,1608487753678,2020-12-20T18:09:13.678Z,buy,9.9e-07,158.0,0.00015642
VIB/BTC,1608487754162,2020-12-20T18:09:14.162Z,sell,9.7e-07,10093.0,0.00979021
VIB/BTC,1608487754696,2020-12-20T18:09:14.696Z,buy,9.9e-07,160.0,0.0001584
VIB/BTC,1608487755133,2020-12-20T18:09:15.133Z,buy,9.9e-07,93470.0,0.0925353
VIB/BTC,1608487755139,2020-12-20T18:09:15.139Z,sell,9.9e-07,14388.0,0.01424412
VIB/BTC,1608487755142,2020-12-20T18:09:15.142Z,sell,9.9e-07,10888.0,0.01077912
VIB/BTC,1608487755708,2020-12-20T18:09:15.708Z,buy,9.9e-07,151.0,0.00014949
VIB/BTC,1608487756722,2020-12-20T18:09:16.722Z,buy,9.9e-07,197.0,0.00019503
VIB/BTC,1608487757739,2020-12-20T18:09:17.739Z,buy,9.9e-07,201.0,0.00019899
VIB/BTC,1608487758271,2020-12-20T18:09:18.271Z,sell,9.8e-07,1062.0,0.00104076
VIB/BTC,1608487758753,2020-12-20T18:09:18.753Z,buy,9.9e-07,168.0,0.00016632
VIB/BTC,1608487759770,2020-12-20T18:09:19.770Z,buy,9.9e-07,153.0,0.00015147
VIB/BTC,1608487760797,2020-12-20T18:09:20.797Z,buy,9.9e-07,214.0,0.00021186
VIB/BTC,1608487761176,2020-12-20T18:09:21.176Z,sell,9.8e-07,5043.0,0.0049421399999999
VIB/BTC,1608487761816,2020-12-20T18:09:21.816Z,buy,9.9e-07,212.0,0.00020988
VIB/BTC,1608487762830,2020-12-20T18:09:22.830Z,buy,9.9e-07,201.0,0.00019899
VIB/BTC,1608487762855,2020-12-20T18:09:22.855Z,sell,9.8e-07,17380.0,0.0170324
VIB/BTC,1608487763849,2020-12-20T18:09:23.849Z,buy,9.9e-07,225.0,0.00022275
VIB/BTC,1608487764868,2020-12-20T18:09:24.868Z,buy,9.9e-07,248.0,0.00024552
VIB/BTC,1608487765886,2020-12-20T18:09:25.886Z,buy,9.9e-07,194.0,0.00019206
VIB/BTC,1608487766210,2020-12-20T18:09:26.210Z,sell,9.8e-07,113356.0,0.1110888799999999
VIB/BTC,1608487766901,2020-12-20T18:09:26.901Z,buy,9.9e-07,240.0,0.0002376
VIB/BTC,1608487767923,2020-12-20T18:09:27.923Z,buy,9.9e-07,268.0,0.00026532
VIB/BTC,1608487768189,2020-12-20T18:09:28.189Z,buy,9.9e-07,31.0,3.069e-05
VIB/BTC,1608487768943,2020-12-20T18:09:28.943Z,buy,9.9e-07,169.0,0.00016731
VIB/BTC,1608487769961,2020-12-20T18:09:29.961Z,buy,9.9e-07,196.0,0.00019404
VIB/BTC,1608487770980,2020-12-20T18:09:30.980Z,buy,9.9e-07,269.0,0.00026631
VIB/BTC,1608487771282,2020-12-20T18:09:31.282Z,sell,9.8e-07,128.0,0.00012544
VIB/BTC,1608487772001,2020-12-20T18:09:32.001Z,buy,9.9e-07,218.0,0.00021582
VIB/BTC,1608487772017,2020-12-20T18:09:32.017Z,buy,9.9e-07,15703.0,0.01554597
VIB/BTC,1608487773015,2020-12-20T18:09:33.015Z,buy,9.9e-07,283.0,0.00028017
VIB/BTC,1608487775109,2020-12-20T18:09:35.109Z,sell,9.8e-07,4535.0,0.0044443
VIB/BTC,1608487777247,2020-12-20T18:09:37.247Z,buy,9.9e-07,8960.0,0.0088704
VIB/BTC,1608487780370,2020-12-20T18:09:40.370Z,buy,9.9e-07,15703.0,0.01554597
VIB/BTC,1608487781958,2020-12-20T18:09:41.958Z,buy,9.9e-07,128.0,0.00012672
VIB/BTC,1608487792030,2020-12-20T18:09:52.030Z,sell,9.8e-07,475.0,0.0004655
VIB/BTC,1608487792714,2020-12-20T18:09:52.714Z,buy,9.9e-07,2852.0,0.00282348
VIB/BTC,1608487796377,2020-12-20T18:09:56.377Z,buy,9.9e-07,1489.0,0.00147411
VIB/BTC,1608487796738,2020-12-20T18:09:56.738Z,sell,9.8e-07,3680.0,0.0036063999999999
VIB/BTC,1608487798193,2020-12-20T18:09:58.193Z,buy,9.9e-07,86291.0,0.08542809
VIB/BTC,1608487798193,2020-12-20T18:09:58.193Z,buy,1e-06,27329.0,0.027329
VIB/BTC,1608487798199,2020-12-20T18:09:58.199Z,sell,1e-06,12840.0,0.0128399999999999
VIB/BTC,1608487798209,2020-12-20T18:09:58.209Z,sell,9.8e-07,891.0,0.00087318
VIB/BTC,1608487798221,2020-12-20T18:09:58.221Z,buy,1.01e-06,4492.0,0.00453692
VIB/BTC,1608487798221,2020-12-20T18:09:58.221Z,buy,1.02e-06,4138.0,0.00422076
VIB/BTC,1608487798894,2020-12-20T18:09:58.894Z,buy,1e-06,278.0,0.000278
VIB/BTC,1608487799253,2020-12-20T18:09:59.253Z,sell,1e-06,1134.0,0.001134
VIB/BTC,1608487799253,2020-12-20T18:09:59.253Z,sell,9.9e-07,20002.0,0.01980198
VIB/BTC,1608487799265,2020-12-20T18:09:59.265Z,buy,9.9e-07,1096.0,0.00108504
VIB/BTC,1608487799571,2020-12-20T18:09:59.571Z,buy,9.9e-07,293.0,0.00029007
VIB/BTC,1608487800250,2020-12-20T18:10:00.250Z,sell,9.8e-07,1027.0,0.00100646
VIB/BTC,1608487801173,2020-12-20T18:10:01.173Z,buy,9.9e-07,8815.0,0.00872685
VIB/BTC,1608487802044,2020-12-20T18:10:02.044Z,buy,9.9e-07,3028.0,0.00299772
VIB/BTC,1608487803783,2020-12-20T18:10:03.783Z,buy,9.9e-07,37238.0,0.03686562
VIB/BTC,1608487804568,2020-12-20T18:10:04.568Z,sell,9.8e-07,2440.0,0.0023912
VIB/BTC,1608487805346,2020-12-20T18:10:05.346Z,buy,9.9e-07,1543.0,0.00152757
VIB/BTC,1608487808686,2020-12-20T18:10:08.686Z,buy,9.9e-07,790.0,0.0007821
VIB/BTC,1608487810446,2020-12-20T18:10:10.446Z,buy,9.9e-07,1107.0,0.00109593
VIB/BTC,1608487811426,2020-12-20T18:10:11.426Z,buy,9.9e-07,1132.0,0.00112068
VIB/BTC,1608487818732,2020-12-20T18:10:18.732Z,buy,9.9e-07,10204.0,0.01010196
VIB/BTC,1608487821740,2020-12-20T18:10:21.740Z,buy,9.9e-07,10204.0,0.01010196
VIB/BTC,1608487822536,2020-12-20T18:10:22.536Z,buy,9.9e-07,9476.0,0.00938124
VIB/BTC,1608487832690,2020-12-20T18:10:32.690Z,buy,1e-06,249.0,0.000249
VIB/BTC,1608487836224,2020-12-20T18:10:36.224Z,sell,9.9e-07,3457.0,0.00342243
VIB/BTC,1608487841606,2020-12-20T18:10:41.606Z,buy,1e-06,109.0,0.0001089999999999
VIB/BTC,1608487847190,2020-12-20T18:10:47.190Z,buy,1e-06,218.0,0.0002179999999999
VIB/BTC,1608487848203,2020-12-20T18:10:48.203Z,buy,1e-06,243.0,0.000243
VIB/BTC,1608487848877,2020-12-20T18:10:48.877Z,sell,9.9e-07,28714.0,0.02842686
VIB/BTC,1608487849216,2020-12-20T18:10:49.216Z,buy,1e-06,156.0,0.000156
VIB/BTC,1608487849954,2020-12-20T18:10:49.954Z,buy,1e-06,400.0,0.0003999999999999
VIB/BTC,1608487850249,2020-12-20T18:10:50.249Z,buy,1e-06,247.0,0.000247
VIB/BTC,1608487851265,2020-12-20T18:10:51.265Z,buy,1e-06,151.0,0.0001509999999999
VIB/BTC,1608487852284,2020-12-20T18:10:52.284Z,buy,1e-06,237.0,0.000237
VIB/BTC,1608487852797,2020-12-20T18:10:52.797Z,buy,1e-06,458.0,0.0004579999999999
VIB/BTC,1608487853104,2020-12-20T18:10:53.104Z,sell,9.9e-07,9491.0,0.00939609
VIB/BTC,1608487853104,2020-12-20T18:10:53.104Z,sell,9.8e-07,297276.0,0.29133048
VIB/BTC,1608487853104,2020-12-20T18:10:53.104Z,sell,9.7e-07,68873.0,0.06680681
VIB/BTC,1608487853304,2020-12-20T18:10:53.304Z,buy,1e-06,158.0,0.000158
VIB/BTC,1608487854324,2020-12-20T18:10:54.324Z,buy,9.8e-07,263.0,0.00025774
VIB/BTC,1608487855339,2020-12-20T18:10:55.339Z,buy,9.8e-07,190.0,0.0001862
VIB/BTC,1608487856136,2020-12-20T18:10:56.136Z,buy,9.8e-07,3247.0,0.0031820599999999
VIB/BTC,1608487856357,2020-12-20T18:10:56.357Z,buy,9.8e-07,253.0,0.00024794
VIB/BTC,1608487857377,2020-12-20T18:10:57.377Z,buy,9.8e-07,284.0,0.00027832
VIB/BTC,1608487857886,2020-12-20T18:10:57.886Z,sell,9.7e-07,8141.0,0.00789677
VIB/BTC,1608487858396,2020-12-20T18:10:58.396Z,buy,9.8e-07,221.0,0.00021658
VIB/BTC,1608487859416,2020-12-20T18:10:59.416Z,buy,9.8e-07,177.0,0.0001734599999999
VIB/BTC,1608487860428,2020-12-20T18:11:00.428Z,buy,9.8e-07,266.0,0.00026068
VIB/BTC,1608487861445,2020-12-20T18:11:01.445Z,buy,9.8e-07,228.0,0.00022344
VIB/BTC,1608487861691,2020-12-20T18:11:01.691Z,buy,9.8e-07,1158.0,0.00113484
VIB/BTC,1608487862464,2020-12-20T18:11:02.464Z,buy,9.8e-07,296.0,0.0002900799999999
VIB/BTC,1608487863476,2020-12-20T18:11:03.476Z,buy,9.8e-07,225.0,0.0002205
VIB/BTC,1608487864213,2020-12-20T18:11:04.213Z,buy,9.8e-07,36030.0,0.0353094
VIB/BTC,1608487864277,2020-12-20T18:11:04.277Z,buy,9.8e-07,15108.0,0.0148058399999999
VIB/BTC,1608487864489,2020-12-20T18:11:04.489Z,buy,9.9e-07,192.0,0.00019008
VIB/BTC,1608487865507,2020-12-20T18:11:05.507Z,buy,9.9e-07,209.0,0.00020691
VIB/BTC,1608487866525,2020-12-20T18:11:06.525Z,buy,9.9e-07,239.0,0.00023661
VIB/BTC,1608487867541,2020-12-20T18:11:07.541Z,buy,9.9e-07,253.0,0.00025047
VIB/BTC,1608487868558,2020-12-20T18:11:08.558Z,buy,9.9e-07,197.0,0.00019503
VIB/BTC,1608487869575,2020-12-20T18:11:09.575Z,buy,9.9e-07,250.0,0.0002475
VIB/BTC,1608487870588,2020-12-20T18:11:10.588Z,buy,9.9e-07,298.0,0.00029502
VIB/BTC,1608487870713,2020-12-20T18:11:10.713Z,buy,9.9e-07,4249.0,0.00420651
VIB/BTC,1608487871604,2020-12-20T18:11:11.604Z,buy,9.9e-07,211.0,0.00020889
VIB/BTC,1608487872623,2020-12-20T18:11:12.623Z,buy,9.9e-07,154.0,0.00015246
VIB/BTC,1608487873641,2020-12-20T18:11:13.641Z,buy,9.9e-07,297.0,0.00029403
VIB/BTC,1608487874658,2020-12-20T18:11:14.658Z,buy,9.9e-07,175.0,0.00017325
VIB/BTC,1608487875678,2020-12-20T18:11:15.678Z,buy,9.9e-07,247.0,0.00024453
VIB/BTC,1608487876691,2020-12-20T18:11:16.691Z,buy,9.9e-07,175.0,0.00017325
VIB/BTC,1608487877703,2020-12-20T18:11:17.703Z,buy,9.9e-07,189.0,0.00018711
VIB/BTC,1608487878721,2020-12-20T18:11:18.721Z,buy,9.9e-07,194.0,0.00019206
VIB/BTC,1608487878972,2020-12-20T18:11:18.972Z,buy,9.9e-07,2476.0,0.00245124
VIB/BTC,1608487879739,2020-12-20T18:11:19.739Z,buy,9.9e-07,221.0,0.00021879
VIB/BTC,1608487880101,2020-12-20T18:11:20.101Z,sell,9.8e-07,2321.0,0.00227458
VIB/BTC,1608487880751,2020-12-20T18:11:20.751Z,buy,9.8e-07,180.0,0.0001763999999999
VIB/BTC,1608487880751,2020-12-20T18:11:20.751Z,buy,9.9e-07,26.0,2.574e-05
VIB/BTC,1608487881731,2020-12-20T18:11:21.731Z,sell,9.7e-07,161985.0,0.15712545
VIB/BTC,1608487881764,2020-12-20T18:11:21.764Z,buy,9.9e-07,265.0,0.00026235
VIB/BTC,1608487882778,2020-12-20T18:11:22.778Z,buy,9.8e-07,242.0,0.0002371599999999
VIB/BTC,1608487883795,2020-12-20T18:11:23.795Z,buy,9.8e-07,174.0,0.00017052
VIB/BTC,1608487884812,2020-12-20T18:11:24.812Z,buy,9.8e-07,263.0,0.00025774
VIB/BTC,1608487885826,2020-12-20T18:11:25.826Z,buy,9.8e-07,162.0,0.0001587599999999
VIB/BTC,1608487886742,2020-12-20T18:11:26.742Z,sell,9.7e-07,4743.0,0.00460071
VIB/BTC,1608487886839,2020-12-20T18:11:26.839Z,buy,9.8e-07,154.0,0.00015092
VIB/BTC,1608487886878,2020-12-20T18:11:26.878Z,sell,9.7e-07,53290.0,0.0516913
VIB/BTC,1608487886892,2020-12-20T18:11:26.892Z,buy,9.7e-07,27702.0,0.02687094
VIB/BTC,1608487887852,2020-12-20T18:11:27.852Z,buy,9.8e-07,223.0,0.0002185399999999
VIB/BTC,1608487888869,2020-12-20T18:11:28.869Z,buy,9.8e-07,268.0,0.0002626399999999
VIB/BTC,1608487889033,2020-12-20T18:11:29.033Z,buy,9.8e-07,279.0,0.0002734199999999
VIB/BTC,1608487889244,2020-12-20T18:11:29.244Z,sell,9.8e-07,491.0,0.0004811799999999
VIB/BTC,1608487889244,2020-12-20T18:11:29.244Z,sell,9.7e-07,1081.0,0.00104857
VIB/BTC,1608487889882,2020-12-20T18:11:29.882Z,buy,9.8e-07,299.0,0.0002930199999999
VIB/BTC,1608487890895,2020-12-20T18:11:30.895Z,buy,9.8e-07,283.0,0.00027734
VIB/BTC,1608487891909,2020-12-20T18:11:31.909Z,buy,9.8e-07,217.0,0.00021266
VIB/BTC,1608487892925,2020-12-20T18:11:32.925Z,buy,9.8e-07,176.0,0.0001724799999999
VIB/BTC,1608487893943,2020-12-20T18:11:33.943Z,buy,9.8e-07,262.0,0.00025676
VIB/BTC,1608487894960,2020-12-20T18:11:34.960Z,buy,9.8e-07,179.0,0.00017542
VIB/BTC,1608487895978,2020-12-20T18:11:35.978Z,buy,9.8e-07,186.0,0.00018228
VIB/BTC,1608487896990,2020-12-20T18:11:36.990Z,buy,9.8e-07,270.0,0.0002646
VIB/BTC,1608487898011,2020-12-20T18:11:38.011Z,buy,9.8e-07,230.0,0.0002253999999999
VIB/BTC,1608487899029,2020-12-20T18:11:39.029Z,buy,9.8e-07,203.0,0.00019894
VIB/BTC,1608487899724,2020-12-20T18:11:39.724Z,sell,9.7e-07,1694.0,0.00164318
VIB/BTC,1608487900049,2020-12-20T18:11:40.049Z,buy,9.7e-07,263.0,0.00025511
VIB/BTC,1608487901064,2020-12-20T18:11:41.064Z,buy,9.7e-07,168.0,0.00016296
VIB/BTC,1608487901147,2020-12-20T18:11:41.147Z,buy,9.7e-07,900.0,0.000873
VIB/BTC,1608487902084,2020-12-20T18:11:42.084Z,buy,9.8e-07,238.0,0.0002332399999999
VIB/BTC,1608487903099,2020-12-20T18:11:43.099Z,buy,9.8e-07,288.0,0.00028224
VIB/BTC,1608487903124,2020-12-20T18:11:43.124Z,buy,9.8e-07,4757.0,0.0046618599999999
VIB/BTC,1608487904114,2020-12-20T18:11:44.114Z,buy,9.8e-07,254.0,0.0002489199999999
VIB/BTC,1608487905135,2020-12-20T18:11:45.135Z,buy,9.8e-07,251.0,0.0002459799999999
VIB/BTC,1608487906155,2020-12-20T18:11:46.155Z,buy,9.8e-07,266.0,0.00026068
VIB/BTC,1608487907170,2020-12-20T18:11:47.170Z,buy,9.8e-07,294.0,0.00028812
VIB/BTC,1608487907820,2020-12-20T18:11:47.820Z,sell,9.7e-07,31236.0,0.03029892
VIB/BTC,1608487908185,2020-12-20T18:11:48.185Z,buy,9.8e-07,256.0,0.00025088
VIB/BTC,1608487909204,2020-12-20T18:11:49.204Z,buy,9.8e-07,198.0,0.0001940399999999
VIB/BTC,1608487910216,2020-12-20T18:11:50.216Z,buy,9.8e-07,242.0,0.0002371599999999
VIB/BTC,1608487911230,2020-12-20T18:11:51.230Z,buy,9.8e-07,274.0,0.0002685199999999
VIB/BTC,1608487911425,2020-12-20T18:11:51.425Z,buy,9.8e-07,39567.0,0.0387756599999999
VIB/BTC,1608487911621,2020-12-20T18:11:51.621Z,buy,9.9e-07,2100.0,0.002079
VIB/BTC,1608487912242,2020-12-20T18:11:52.242Z,buy,9.9e-07,273.0,0.00027027
VIB/BTC,1608487912545,2020-12-20T18:11:52.545Z,sell,9.8e-07,3500.0,0.00343
VIB/BTC,1608487913254,2020-12-20T18:11:53.254Z,buy,9.9e-07,173.0,0.00017127
VIB/BTC,1608487914256,2020-12-20T18:11:54.256Z,sell,9.8e-07,7385.0,0.0072372999999999
VIB/BTC,1608487914267,2020-12-20T18:11:54.267Z,buy,9.9e-07,198.0,0.00019602
VIB/BTC,1608487915280,2020-12-20T18:11:55.280Z,buy,9.9e-07,273.0,0.00027027
VIB/BTC,1608487916271,2020-12-20T18:11:56.271Z,sell,9.8e-07,3789.0,0.0037132199999999
VIB/BTC,1608487916292,2020-12-20T18:11:56.292Z,buy,9.9e-07,171.0,0.00016929
VIB/BTC,1608487917305,2020-12-20T18:11:57.305Z,buy,9.9e-07,282.0,0.00027918
VIB/BTC,1608487918317,2020-12-20T18:11:58.317Z,buy,9.9e-07,163.0,0.00016137
VIB/BTC,1608487919335,2020-12-20T18:11:59.335Z,buy,9.9e-07,292.0,0.00028908
VIB/BTC,1608487920347,2020-12-20T18:12:00.347Z,buy,9.9e-07,171.0,0.00016929
VIB/BTC,1608487921361,2020-12-20T18:12:01.361Z,buy,9.9e-07,296.0,0.00029304
VIB/BTC,1608487922379,2020-12-20T18:12:02.379Z,buy,9.9e-07,245.0,0.00024255
VIB/BTC,1608487923397,2020-12-20T18:12:03.397Z,buy,9.9e-07,230.0,0.0002277
VIB/BTC,1608487924411,2020-12-20T18:12:04.411Z,buy,9.9e-07,212.0,0.00020988
VIB/BTC,1608487925423,2020-12-20T18:12:05.423Z,buy,9.9e-07,172.0,0.00017028
VIB/BTC,1608487926441,2020-12-20T18:12:06.441Z,buy,9.9e-07,292.0,0.00028908
VIB/BTC,1608487927180,2020-12-20T18:12:07.180Z,sell,9.8e-07,292.0,0.00028616
VIB/BTC,1608487927453,2020-12-20T18:12:07.453Z,buy,9.9e-07,231.0,0.00022869
VIB/BTC,1608487928472,2020-12-20T18:12:08.472Z,buy,9.9e-07,207.0,0.00020493
VIB/BTC,1608487929484,2020-12-20T18:12:09.484Z,buy,9.9e-07,233.0,0.00023067
VIB/BTC,1608487930497,2020-12-20T18:12:10.497Z,buy,9.9e-07,219.0,0.00021681
VIB/BTC,1608487931510,2020-12-20T18:12:11.510Z,buy,9.9e-07,164.0,0.00016236
VIB/BTC,1608487932523,2020-12-20T18:12:12.523Z,buy,9.9e-07,276.0,0.00027324
VIB/BTC,1608487933536,2020-12-20T18:12:13.536Z,buy,9.9e-07,231.0,0.00022869
VIB/BTC,1608487933619,2020-12-20T18:12:13.619Z,buy,9.9e-07,38162.0,0.03778038
VIB/BTC,1608487934553,2020-12-20T18:12:14.553Z,buy,9.9e-07,184.0,0.00018216
VIB/BTC,1608487935571,2020-12-20T18:12:15.571Z,buy,9.9e-07,284.0,0.00028116
VIB/BTC,1608487936584,2020-12-20T18:12:16.584Z,buy,9.9e-07,227.0,0.00022473
VIB/BTC,1608487937182,2020-12-20T18:12:17.182Z,buy,9.9e-07,3666.0,0.00362934
VIB/BTC,1608487937602,2020-12-20T18:12:17.602Z,buy,9.9e-07,235.0,0.00023265
VIB/BTC,1608487938614,2020-12-20T18:12:18.614Z,buy,9.9e-07,246.0,0.00024354
VIB/BTC,1608487939628,2020-12-20T18:12:19.628Z,buy,9.9e-07,182.0,0.00018018
VIB/BTC,1608487940645,2020-12-20T18:12:20.645Z,buy,9.9e-07,255.0,0.00025245
VIB/BTC,1608487940905,2020-12-20T18:12:20.905Z,buy,9.9e-07,35.0,3.465e-05
VIB/BTC,1608487941659,2020-12-20T18:12:21.659Z,buy,9.9e-07,277.0,0.00027423
VIB/BTC,1608487942672,2020-12-20T18:12:22.672Z,buy,9.9e-07,157.0,0.00015543
VIB/BTC,1608487943690,2020-12-20T18:12:23.690Z,buy,9.9e-07,284.0,0.00028116
VIB/BTC,1608487944703,2020-12-20T18:12:24.703Z,buy,9.9e-07,285.0,0.00028215
VIB/BTC,1608487945716,2020-12-20T18:12:25.716Z,buy,9.9e-07,284.0,0.00028116
VIB/BTC,1608487946234,2020-12-20T18:12:26.234Z,sell,9.8e-07,16237.0,0.0159122599999999
VIB/BTC,1608487946729,2020-12-20T18:12:26.729Z,buy,9.9e-07,268.0,0.00026532
VIB/BTC,1608487947742,2020-12-20T18:12:27.742Z,buy,9.9e-07,153.0,0.00015147
VIB/BTC,1608487948755,2020-12-20T18:12:28.755Z,buy,9.9e-07,236.0,0.00023364
VIB/BTC,1608487949772,2020-12-20T18:12:29.772Z,buy,9.9e-07,247.0,0.00024453
VIB/BTC,1608487950789,2020-12-20T18:12:30.789Z,buy,9.9e-07,267.0,0.00026433
VIB/BTC,1608487951802,2020-12-20T18:12:31.802Z,buy,9.9e-07,162.0,0.00016038
VIB/BTC,1608487952815,2020-12-20T18:12:32.815Z,buy,9.9e-07,216.0,0.00021384
VIB/BTC,1608487953828,2020-12-20T18:12:33.828Z,buy,9.9e-07,196.0,0.00019404
VIB/BTC,1608487954842,2020-12-20T18:12:34.842Z,buy,9.9e-07,290.0,0.0002871
VIB/BTC,1608487955856,2020-12-20T18:12:35.856Z,buy,9.9e-07,225.0,0.00022275
VIB/BTC,1608487956873,2020-12-20T18:12:36.873Z,buy,9.9e-07,181.0,0.00017919
VIB/BTC,1608487957886,2020-12-20T18:12:37.886Z,buy,9.9e-07,266.0,0.00026334
VIB/BTC,1608487958028,2020-12-20T18:12:38.028Z,buy,9.9e-07,58866.0,0.05827734
VIB/BTC,1608487958883,2020-12-20T18:12:38.883Z,sell,9.9e-07,2609.0,0.00258291
VIB/BTC,1608487958903,2020-12-20T18:12:38.903Z,buy,1e-06,184.0,0.000184
VIB/BTC,1608487959251,2020-12-20T18:12:39.251Z,buy,1e-06,32.0,3.2e-05
VIB/BTC,1608487959921,2020-12-20T18:12:39.921Z,buy,1e-06,191.0,0.0001909999999999
VIB/BTC,1608487960752,2020-12-20T18:12:40.752Z,buy,1e-06,37599.0,0.037599
VIB/BTC,1608487960938,2020-12-20T18:12:40.938Z,buy,1e-06,218.0,0.0002179999999999
VIB/BTC,1608487961950,2020-12-20T18:12:41.950Z,buy,1e-06,293.0,0.0002929999999999
VIB/BTC,1608487962963,2020-12-20T18:12:42.963Z,buy,1e-06,195.0,0.000195
VIB/BTC,1608487962980,2020-12-20T18:12:42.980Z,sell,9.9e-07,10000.0,0.0099
VIB/BTC,1608487963982,2020-12-20T18:12:43.982Z,buy,1e-06,281.0,0.000281
VIB/BTC,1608487964999,2020-12-20T18:12:44.999Z,buy,1e-06,237.0,0.000237
VIB/BTC,1608487966015,2020-12-20T18:12:46.015Z,buy,1e-06,187.0,0.000187
VIB/BTC,1608487967033,2020-12-20T18:12:47.033Z,buy,1e-06,256.0,0.000256
VIB/BTC,1608487968050,2020-12-20T18:12:48.050Z,buy,1e-06,151.0,0.0001509999999999
VIB/BTC,1608487969063,2020-12-20T18:12:49.063Z,buy,1e-06,247.0,0.000247
VIB/BTC,1608487970080,2020-12-20T18:12:50.080Z,buy,1e-06,172.0,0.0001719999999999
VIB/BTC,1608487971098,2020-12-20T18:12:51.098Z,buy,1e-06,155.0,0.000155
VIB/BTC,1608487972110,2020-12-20T18:12:52.110Z,buy,1e-06,194.0,0.000194
VIB/BTC,1608487973128,2020-12-20T18:12:53.128Z,buy,1e-06,295.0,0.0002949999999999
VIB/BTC,1608487974141,2020-12-20T18:12:54.141Z,buy,1e-06,240.0,0.0002399999999999
VIB/BTC,1608487975159,2020-12-20T18:12:55.159Z,buy,1e-06,295.0,0.0002949999999999
VIB/BTC,1608487976172,2020-12-20T18:12:56.172Z,buy,1e-06,153.0,0.000153
VIB/BTC,1608487977185,2020-12-20T18:12:57.185Z,buy,1e-06,248.0,0.000248
VIB/BTC,1608487978199,2020-12-20T18:12:58.199Z,buy,1e-06,220.0,0.0002199999999999
VIB/BTC,1608487979128,2020-12-20T18:12:59.128Z,buy,1e-06,4226.0,0.004226
VIB/BTC,1608487979219,2020-12-20T18:12:59.219Z,buy,1e-06,204.0,0.000204
VIB/BTC,1608487980235,2020-12-20T18:13:00.235Z,buy,1e-06,187.0,0.000187
VIB/BTC,1608487981248,2020-12-20T18:13:01.248Z,buy,1e-06,162.0,0.0001619999999999
VIB/BTC,1608487982266,2020-12-20T18:13:02.266Z,buy,1e-06,248.0,0.000248
VIB/BTC,1608487983189,2020-12-20T18:13:03.189Z,sell,9.9e-07,1029.0,0.00101871
VIB/BTC,1608487983278,2020-12-20T18:13:03.278Z,buy,1e-06,254.0,0.000254
VIB/BTC,1608487984295,2020-12-20T18:13:04.295Z,buy,1e-06,218.0,0.0002179999999999
VIB/BTC,1608487985308,2020-12-20T18:13:05.308Z,buy,1e-06,225.0,0.000225
VIB/BTC,1608487986321,2020-12-20T18:13:06.321Z,buy,1e-06,165.0,0.000165
VIB/BTC,1608487987338,2020-12-20T18:13:07.338Z,buy,1e-06,206.0,0.000206
VIB/BTC,1608487988350,2020-12-20T18:13:08.350Z,buy,1e-06,188.0,0.000188
VIB/BTC,1608487989363,2020-12-20T18:13:09.363Z,buy,1e-06,199.0,0.0001989999999999
VIB/BTC,1608487989855,2020-12-20T18:13:09.855Z,sell,9.9e-07,102814.0,0.10178586
VIB/BTC,1608487989871,2020-12-20T18:13:09.871Z,buy,9.9e-07,7524.0,0.00744876
VIB/BTC,1608487990376,2020-12-20T18:13:10.376Z,buy,9.9e-07,218.0,0.00021582
VIB/BTC,1608487990949,2020-12-20T18:13:10.949Z,buy,9.9e-07,1173.0,0.00116127
VIB/BTC,1608487991391,2020-12-20T18:13:11.391Z,buy,9.9e-07,211.0,0.00020889
VIB/BTC,1608487992404,2020-12-20T18:13:12.404Z,buy,1e-06,219.0,0.0002189999999999
VIB/BTC,1608487993418,2020-12-20T18:13:13.418Z,buy,1e-06,159.0,0.000159
VIB/BTC,1608487994435,2020-12-20T18:13:14.435Z,buy,9.9e-07,164.0,0.00016236
VIB/BTC,1608487994682,2020-12-20T18:13:14.682Z,sell,9.8e-07,2500.0,0.00245
VIB/BTC,1608487995452,2020-12-20T18:13:15.452Z,buy,9.9e-07,222.0,0.00021978
VIB/BTC,1608487996469,2020-12-20T18:13:16.469Z,buy,9.9e-07,220.0,0.0002178
VIB/BTC,1608487997484,2020-12-20T18:13:17.484Z,buy,9.9e-07,190.0,0.0001881
VIB/BTC,1608487998090,2020-12-20T18:13:18.090Z,sell,9.8e-07,5166.0,0.00506268
VIB/BTC,1608487998090,2020-12-20T18:13:18.090Z,sell,9.7e-07,2644.0,0.00256468
VIB/BTC,1608487998463,2020-12-20T18:13:18.463Z,buy,9.8e-07,649.0,0.0006360199999999
VIB/BTC,1608487998497,2020-12-20T18:13:18.497Z,buy,9.8e-07,285.0,0.0002792999999999
VIB/BTC,1608487999514,2020-12-20T18:13:19.514Z,buy,9.8e-07,148.0,0.0001450399999999
VIB/BTC,1608487999514,2020-12-20T18:13:19.514Z,buy,9.9e-07,7.0,6.9300000000000006e-06
VIB/BTC,1608488000527,2020-12-20T18:13:20.527Z,buy,9.9e-07,207.0,0.00020493
VIB/BTC,1608488001540,2020-12-20T18:13:21.540Z,buy,9.9e-07,286.0,0.00028314
VIB/BTC,1608488002553,2020-12-20T18:13:22.553Z,buy,9.9e-07,226.0,0.00022374
VIB/BTC,1608488003391,2020-12-20T18:13:23.391Z,sell,9.7e-07,3176.0,0.00308072
VIB/BTC,1608488003566,2020-12-20T18:13:23.566Z,buy,9.9e-07,164.0,0.00016236
VIB/BTC,1608488004579,2020-12-20T18:13:24.579Z,buy,9.9e-07,172.0,0.00017028
VIB/BTC,1608488005596,2020-12-20T18:13:25.596Z,buy,9.8e-07,201.0,0.0001969799999999
VIB/BTC,1608488005629,2020-12-20T18:13:25.629Z,sell,9.7e-07,7040.0,0.0068288
VIB/BTC,1608488006609,2020-12-20T18:13:26.609Z,buy,9.8e-07,182.0,0.00017836
VIB/BTC,1608488006973,2020-12-20T18:13:26.973Z,sell,9.7e-07,649.0,0.00062953
VIB/BTC,1608488007626,2020-12-20T18:13:27.626Z,buy,9.8e-07,276.0,0.0002704799999999
VIB/BTC,1608488008639,2020-12-20T18:13:28.639Z,buy,9.8e-07,235.0,0.0002303
VIB/BTC,1608488009657,2020-12-20T18:13:29.657Z,buy,9.8e-07,159.0,0.0001558199999999
VIB/BTC,1608488010669,2020-12-20T18:13:30.669Z,buy,9.8e-07,246.0,0.00024108
VIB/BTC,1608488011686,2020-12-20T18:13:31.686Z,buy,9.8e-07,236.0,0.00023128
VIB/BTC,1608488012699,2020-12-20T18:13:32.699Z,buy,9.8e-07,220.0,0.0002155999999999
VIB/BTC,1608488013712,2020-12-20T18:13:33.712Z,buy,9.8e-07,171.0,0.00016758
VIB/BTC,1608488014731,2020-12-20T18:13:34.731Z,buy,9.8e-07,256.0,0.00025088
VIB/BTC,1608488015047,2020-12-20T18:13:35.047Z,buy,9.8e-07,6078.0,0.0059564399999999
VIB/BTC,1608488015416,2020-12-20T18:13:35.416Z,sell,9.8e-07,427.0,0.0004184599999999
VIB/BTC,1608488015744,2020-12-20T18:13:35.744Z,buy,9.8e-07,287.0,0.00028126
VIB/BTC,1608488016761,2020-12-20T18:13:36.761Z,buy,9.8e-07,229.0,0.00022442
VIB/BTC,1608488017774,2020-12-20T18:13:37.774Z,buy,9.8e-07,298.0,0.00029204
VIB/BTC,1608488017792,2020-12-20T18:13:37.792Z,buy,9.8e-07,857.0,0.0008398599999999
VIB/BTC,1608488018787,2020-12-20T18:13:38.787Z,buy,9.9e-07,235.0,0.00023265
VIB/BTC,1608488019508,2020-12-20T18:13:39.508Z,sell,9.8e-07,527.0,0.0005164599999999
VIB/BTC,1608488019508,2020-12-20T18:13:39.508Z,sell,9.7e-07,1421.0,0.00137837
VIB/BTC,1608488019800,2020-12-20T18:13:39.800Z,buy,9.9e-07,164.0,0.00016236
VIB/BTC,1608488020819,2020-12-20T18:13:40.819Z,buy,9.9e-07,180.0,0.0001782
VIB/BTC,1608488021839,2020-12-20T18:13:41.839Z,buy,9.9e-07,239.0,0.00023661
VIB/BTC,1608488022857,2020-12-20T18:13:42.857Z,buy,9.9e-07,177.0,0.00017523
VIB/BTC,1608488023873,2020-12-20T18:13:43.873Z,buy,9.9e-07,211.0,0.00020889
VIB/BTC,1608488024281,2020-12-20T18:13:44.281Z,sell,9.8e-07,274.0,0.0002685199999999
VIB/BTC,1608488024888,2020-12-20T18:13:44.888Z,buy,9.9e-07,288.0,0.00028512
VIB/BTC,1608488025001,2020-12-20T18:13:45.001Z,buy,9.9e-07,5000.0,0.00495
VIB/BTC,1608488025490,2020-12-20T18:13:45.490Z,sell,9.8e-07,1142.0,0.00111916
VIB/BTC,1608488025526,2020-12-20T18:13:45.526Z,buy,9.8e-07,274.0,0.0002685199999999
VIB/BTC,1608488025526,2020-12-20T18:13:45.526Z,buy,9.9e-07,2108.0,0.00208692
VIB/BTC,1608488025907,2020-12-20T18:13:45.907Z,buy,9.9e-07,219.0,0.00021681
VIB/BTC,1608488026927,2020-12-20T18:13:46.927Z,buy,9.9e-07,194.0,0.00019206
VIB/BTC,1608488027942,2020-12-20T18:13:47.942Z,buy,9.9e-07,293.0,0.00029007
VIB/BTC,1608488028962,2020-12-20T18:13:48.962Z,buy,9.9e-07,239.0,0.00023661
VIB/BTC,1608488029977,2020-12-20T18:13:49.977Z,buy,9.8e-07,276.0,0.0002704799999999
VIB/BTC,1608488030993,2020-12-20T18:13:50.993Z,buy,9.8e-07,184.0,0.0001803199999999
VIB/BTC,1608488031387,2020-12-20T18:13:51.387Z,buy,9.8e-07,418.0,0.0004096399999999
VIB/BTC,1608488032013,2020-12-20T18:13:52.013Z,buy,9.8e-07,222.0,0.00021756
VIB/BTC,1608488032791,2020-12-20T18:13:52.791Z,sell,9.7e-07,32412.0,0.03143964
VIB/BTC,1608488032791,2020-12-20T18:13:52.791Z,sell,9.6e-07,135833.0,0.13039968
VIB/BTC,1608488032791,2020-12-20T18:13:52.791Z,sell,9.5e-07,19575.0,0.01859625
VIB/BTC,1608488033028,2020-12-20T18:13:53.028Z,buy,9.7e-07,221.0,0.00021437
VIB/BTC,1608488033146,2020-12-20T18:13:53.146Z,buy,9.6e-07,647.0,0.00062112
VIB/BTC,1608488034048,2020-12-20T18:13:54.048Z,buy,9.6e-07,173.0,0.0001660799999999
VIB/BTC,1608488034095,2020-12-20T18:13:54.095Z,buy,9.6e-07,1145.0,0.0010991999999999
VIB/BTC,1608488035067,2020-12-20T18:13:55.067Z,buy,9.6e-07,256.0,0.00024576
VIB/BTC,1608488036082,2020-12-20T18:13:56.082Z,buy,9.6e-07,159.0,0.0001526399999999
VIB/BTC,1608488037097,2020-12-20T18:13:57.097Z,buy,9.6e-07,195.0,0.0001872
VIB/BTC,1608488038117,2020-12-20T18:13:58.117Z,buy,9.6e-07,192.0,0.0001843199999999
VIB/BTC,1608488039136,2020-12-20T18:13:59.136Z,buy,9.6e-07,190.0,0.0001824
VIB/BTC,1608488040149,2020-12-20T18:14:00.149Z,buy,9.6e-07,276.0,0.0002649599999999
VIB/BTC,1608488040818,2020-12-20T18:14:00.818Z,sell,9.5e-07,249.0,0.00023655
VIB/BTC,1608488041162,2020-12-20T18:14:01.162Z,buy,9.6e-07,152.0,0.0001459199999999
VIB/BTC,1608488041176,2020-12-20T18:14:01.176Z,sell,9.5e-07,253.0,0.00024035
VIB/BTC,1608488042176,2020-12-20T18:14:02.176Z,buy,9.6e-07,298.0,0.0002860799999999
VIB/BTC,1608488043197,2020-12-20T18:14:03.197Z,buy,9.6e-07,230.0,0.0002207999999999
VIB/BTC,1608488044212,2020-12-20T18:14:04.212Z,buy,9.6e-07,287.0,0.0002755199999999
VIB/BTC,1608488045237,2020-12-20T18:14:05.237Z,buy,9.6e-07,239.0,0.0002294399999999
VIB/BTC,1608488046250,2020-12-20T18:14:06.250Z,buy,9.6e-07,211.0,0.0002025599999999
VIB/BTC,1608488047268,2020-12-20T18:14:07.268Z,buy,9.6e-07,240.0,0.0002304
VIB/BTC,1608488048280,2020-12-20T18:14:08.280Z,buy,9.6e-07,250.0,0.0002399999999999
VIB/BTC,1608488049111,2020-12-20T18:14:09.111Z,buy,9.6e-07,3204.0,0.00307584
VIB/BTC,1608488049144,2020-12-20T18:14:09.144Z,sell,9.5e-07,99382.0,0.0944129
VIB/BTC,1608488049155,2020-12-20T18:14:09.155Z,buy,9.5e-07,2191.0,0.00208145
VIB/BTC,1608488049158,2020-12-20T18:14:09.158Z,buy,9.5e-07,2198.0,0.0020881
VIB/BTC,1608488049294,2020-12-20T18:14:09.294Z,buy,9.5e-07,156.0,0.0001482
VIB/BTC,1608488050323,2020-12-20T18:14:10.323Z,buy,9.5e-07,162.0,0.0001539
VIB/BTC,1608488051035,2020-12-20T18:14:11.035Z,buy,9.5e-07,5588.0,0.0053086
VIB/BTC,1608488051341,2020-12-20T18:14:11.341Z,buy,9.5e-07,285.0,0.00027075
VIB/BTC,1608488052354,2020-12-20T18:14:12.354Z,buy,9.5e-07,252.0,0.0002394
VIB/BTC,1608488053367,2020-12-20T18:14:13.367Z,buy,9.5e-07,180.0,0.000171
VIB/BTC,1608488054385,2020-12-20T18:14:14.385Z,buy,9.5e-07,213.0,0.00020235
VIB/BTC,1608488055316,2020-12-20T18:14:15.316Z,buy,9.5e-07,50537.0,0.04801015
VIB/BTC,1608488055398,2020-12-20T18:14:15.398Z,buy,9.6e-07,229.0,0.0002198399999999
VIB/BTC,1608488056411,2020-12-20T18:14:16.411Z,buy,9.6e-07,234.0,0.00022464
VIB/BTC,1608488057424,2020-12-20T18:14:17.424Z,buy,9.6e-07,226.0,0.0002169599999999
VIB/BTC,1608488058443,2020-12-20T18:14:18.443Z,buy,9.6e-07,218.0,0.0002092799999999
VIB/BTC,1608488059458,2020-12-20T18:14:19.458Z,buy,9.6e-07,273.0,0.00026208
VIB/BTC,1608488060476,2020-12-20T18:14:20.476Z,buy,9.6e-07,284.0,0.00027264
VIB/BTC,1608488061492,2020-12-20T18:14:21.492Z,buy,9.6e-07,211.0,0.0002025599999999
VIB/BTC,1608488062510,2020-12-20T18:14:22.510Z,buy,9.6e-07,265.0,0.0002544
VIB/BTC,1608488063527,2020-12-20T18:14:23.527Z,buy,9.6e-07,297.0,0.00028512
VIB/BTC,1608488064349,2020-12-20T18:14:24.349Z,sell,9.5e-07,15268.0,0.0145046
VIB/BTC,1608488064402,2020-12-20T18:14:24.402Z,buy,9.6e-07,1951.0,0.00187296
VIB/BTC,1608488064539,2020-12-20T18:14:24.539Z,buy,9.6e-07,295.0,0.0002832
VIB/BTC,1608488065552,2020-12-20T18:14:25.552Z,buy,9.6e-07,217.0,0.0002083199999999
VIB/BTC,1608488066288,2020-12-20T18:14:26.288Z,buy,9.6e-07,1526.0,0.00146496
VIB/BTC,1608488066565,2020-12-20T18:14:26.565Z,buy,9.6e-07,234.0,0.00022464
VIB/BTC,1608488067096,2020-12-20T18:14:27.096Z,buy,9.6e-07,7939.0,0.0076214399999999
VIB/BTC,1608488067578,2020-12-20T18:14:27.578Z,buy,9.7e-07,283.0,0.00027451
VIB/BTC,1608488068591,2020-12-20T18:14:28.591Z,buy,9.7e-07,273.0,0.00026481
VIB/BTC,1608488069453,2020-12-20T18:14:29.453Z,sell,9.6e-07,2897.0,0.0027811199999999
VIB/BTC,1608488069607,2020-12-20T18:14:29.607Z,buy,9.7e-07,156.0,0.00015132
VIB/BTC,1608488070620,2020-12-20T18:14:30.620Z,buy,9.7e-07,174.0,0.00016878
VIB/BTC,1608488070620,2020-12-20T18:14:30.620Z,buy,9.7e-07,174.0,0.00016878
VIB/BTC,1608488071637,2020-12-20T18:14:31.637Z,buy,9.7e-07,205.0,0.00019885
VIB/BTC,1608488072650,2020-12-20T18:14:32.650Z,buy,9.7e-07,201.0,0.00019497
VIB/BTC,1608488073113,2020-12-20T18:14:33.113Z,sell,9.6e-07,128.0,0.00012288
VIB/BTC,1608488073667,2020-12-20T18:14:33.667Z,buy,9.7e-07,295.0,0.00028615
VIB/BTC,1608488074685,2020-12-20T18:14:34.685Z,buy,9.7e-07,216.0,0.00020952
VIB/BTC,1608488075703,2020-12-20T18:14:35.703Z,buy,9.7e-07,218.0,0.00021146
VIB/BTC,1608488076721,2020-12-20T18:14:36.721Z,buy,9.7e-07,271.0,0.00026287
VIB/BTC,1608488077738,2020-12-20T18:14:37.738Z,buy,9.7e-07,290.0,0.0002813
VIB/BTC,1608488078753,2020-12-20T18:14:38.753Z,buy,9.7e-07,267.0,0.00025899
VIB/BTC,1608488079767,2020-12-20T18:14:39.767Z,buy,9.7e-07,298.0,0.00028906
VIB/BTC,1608488080780,2020-12-20T18:14:40.780Z,buy,9.7e-07,258.0,0.00025026
VIB/BTC,1608488081798,2020-12-20T18:14:41.798Z,buy,9.7e-07,156.0,0.00015132
VIB/BTC,1608488082817,2020-12-20T18:14:42.817Z,buy,9.7e-07,228.0,0.00022116
VIB/BTC,1608488083830,2020-12-20T18:14:43.830Z,buy,9.7e-07,296.0,0.00028712
VIB/BTC,1608488084842,2020-12-20T18:14:44.842Z,buy,9.7e-07,239.0,0.00023183
VIB/BTC,1608488085860,2020-12-20T18:14:45.860Z,buy,9.7e-07,212.0,0.00020564
VIB/BTC,1608488086459,2020-12-20T18:14:46.459Z,buy,9.7e-07,5306.0,0.00514682
VIB/BTC,1608488086879,2020-12-20T18:14:46.879Z,buy,9.8e-07,282.0,0.0002763599999999
VIB/BTC,1608488087242,2020-12-20T18:14:47.242Z,sell,9.7e-07,451.0,0.00043747
VIB/BTC,1608488087242,2020-12-20T18:14:47.242Z,sell,9.6e-07,196.0,0.00018816
VIB/BTC,1608488087242,2020-12-20T18:14:47.242Z,sell,9.6e-07,4815.0,0.0046224
VIB/BTC,1608488087385,2020-12-20T18:14:47.385Z,buy,9.8e-07,102097.0,0.1000550599999999
VIB/BTC,1608488087896,2020-12-20T18:14:47.896Z,buy,9.8e-07,262.0,0.00025676
VIB/BTC,1608488088917,2020-12-20T18:14:48.917Z,buy,9.8e-07,248.0,0.0002430399999999
VIB/BTC,1608488089934,2020-12-20T18:14:49.934Z,buy,9.8e-07,267.0,0.00026166
VIB/BTC,1608488090948,2020-12-20T18:14:50.948Z,buy,9.8e-07,251.0,0.0002459799999999
VIB/BTC,1608488091965,2020-12-20T18:14:51.965Z,buy,9.8e-07,198.0,0.0001940399999999
VIB/BTC,1608488092387,2020-12-20T18:14:52.387Z,sell,9.7e-07,1494.0,0.00144918
VIB/BTC,1608488092387,2020-12-20T18:14:52.387Z,sell,9.6e-07,4413.0,0.00423648
VIB/BTC,1608488092982,2020-12-20T18:14:52.982Z,buy,9.8e-07,288.0,0.00028224
VIB/BTC,1608488093994,2020-12-20T18:14:53.994Z,buy,9.7e-07,200.0,0.000194
VIB/BTC,1608488094859,2020-12-20T18:14:54.859Z,buy,9.7e-07,84.0,8.148e-05
VIB/BTC,1608488094859,2020-12-20T18:14:54.859Z,buy,9.8e-07,150.0,0.000147
VIB/BTC,1608488095012,2020-12-20T18:14:55.012Z,buy,9.8e-07,180.0,0.0001763999999999
VIB/BTC,1608488096024,2020-12-20T18:14:56.024Z,buy,9.8e-07,167.0,0.00016366
VIB/BTC,1608488097041,2020-12-20T18:14:57.041Z,buy,9.8e-07,238.0,0.0002332399999999
VIB/BTC,1608488097074,2020-12-20T18:14:57.074Z,sell,9.6e-07,9200.0,0.008832
VIB/BTC,1608488098058,2020-12-20T18:14:58.058Z,buy,9.7e-07,270.0,0.0002619
VIB/BTC,1608488099074,2020-12-20T18:14:59.074Z,buy,9.7e-07,263.0,0.00025511
VIB/BTC,1608488099339,2020-12-20T18:14:59.339Z,buy,9.7e-07,553.0,0.00053641
VIB/BTC,1608488099339,2020-12-20T18:14:59.339Z,buy,9.8e-07,605.0,0.0005928999999999
VIB/BTC,1608488099635,2020-12-20T18:14:59.635Z,sell,9.6e-07,4132.0,0.00396672
VIB/BTC,1608488100087,2020-12-20T18:15:00.087Z,buy,9.8e-07,261.0,0.00025578
VIB/BTC,1608488100730,2020-12-20T18:15:00.730Z,sell,9.6e-07,17719.0,0.01701024
VIB/BTC,1608488101100,2020-12-20T18:15:01.100Z,buy,9.8e-07,271.0,0.0002655799999999
VIB/BTC,1608488102112,2020-12-20T18:15:02.112Z,buy,9.8e-07,162.0,0.0001587599999999
VIB/BTC,1608488103130,2020-12-20T18:15:03.130Z,buy,9.8e-07,186.0,0.00018228
VIB/BTC,1608488104148,2020-12-20T18:15:04.148Z,buy,9.8e-07,226.0,0.0002214799999999
VIB/BTC,1608488105160,2020-12-20T18:15:05.160Z,buy,9.8e-07,202.0,0.0001979599999999
VIB/BTC,1608488106178,2020-12-20T18:15:06.178Z,buy,9.8e-07,241.0,0.0002361799999999
VIB/BTC,1608488107195,2020-12-20T18:15:07.195Z,buy,9.8e-07,216.0,0.0002116799999999
VIB/BTC,1608488108208,2020-12-20T18:15:08.208Z,buy,9.8e-07,193.0,0.00018914
VIB/BTC,1608488109221,2020-12-20T18:15:09.221Z,buy,9.8e-07,216.0,0.0002116799999999
VIB/BTC,1608488109336,2020-12-20T18:15:09.336Z,sell,9.6e-07,4952.0,0.0047539199999999
VIB/BTC,1608488110239,2020-12-20T18:15:10.239Z,buy,9.8e-07,222.0,0.00021756
VIB/BTC,1608488111252,2020-12-20T18:15:11.252Z,buy,9.8e-07,253.0,0.00024794
VIB/BTC,1608488112270,2020-12-20T18:15:12.270Z,buy,9.8e-07,216.0,0.0002116799999999
VIB/BTC,1608488113287,2020-12-20T18:15:13.287Z,buy,9.8e-07,202.0,0.0001979599999999
VIB/BTC,1608488114304,2020-12-20T18:15:14.304Z,buy,9.7e-07,218.0,0.00021146
VIB/BTC,1608488115322,2020-12-20T18:15:15.322Z,buy,9.7e-07,178.0,0.00017266
VIB/BTC,1608488115468,2020-12-20T18:15:15.468Z,sell,9.6e-07,107.0,0.0001027199999999
VIB/BTC,1608488116335,2020-12-20T18:15:16.335Z,buy,9.7e-07,274.0,0.00026578
VIB/BTC,1608488117348,2020-12-20T18:15:17.348Z,buy,9.7e-07,237.0,0.00022989
VIB/BTC,1608488118269,2020-12-20T18:15:18.269Z,buy,9.7e-07,259.0,0.00025123
VIB/BTC,1608488118365,2020-12-20T18:15:18.365Z,buy,9.8e-07,241.0,0.0002361799999999
VIB/BTC,1608488119378,2020-12-20T18:15:19.378Z,buy,9.8e-07,227.0,0.0002224599999999
VIB/BTC,1608488120394,2020-12-20T18:15:20.394Z,buy,9.8e-07,166.0,0.0001626799999999
VIB/BTC,1608488121409,2020-12-20T18:15:21.409Z,buy,9.8e-07,191.0,0.0001871799999999
VIB/BTC,1608488122309,2020-12-20T18:15:22.309Z,sell,9.7e-07,108767.0,0.10550399
VIB/BTC,1608488122429,2020-12-20T18:15:22.429Z,buy,9.8e-07,194.0,0.0001901199999999
VIB/BTC,1608488123444,2020-12-20T18:15:23.444Z,buy,9.8e-07,230.0,0.0002253999999999
VIB/BTC,1608488124473,2020-12-20T18:15:24.473Z,buy,9.8e-07,274.0,0.0002685199999999
VIB/BTC,1608488125497,2020-12-20T18:15:25.497Z,buy,9.8e-07,280.0,0.0002744
VIB/BTC,1608488126462,2020-12-20T18:15:26.462Z,sell,9.6e-07,232327.0,0.2230339199999999
VIB/BTC,1608488126516,2020-12-20T18:15:26.516Z,buy,9.8e-07,281.0,0.00027538
VIB/BTC,1608488127540,2020-12-20T18:15:27.540Z,buy,9.6e-07,253.0,0.0002428799999999
VIB/BTC,1608488128559,2020-12-20T18:15:28.559Z,buy,9.6e-07,216.0,0.00020736
VIB/BTC,1608488129575,2020-12-20T18:15:29.575Z,buy,9.6e-07,295.0,0.0002832
VIB/BTC,1608488130591,2020-12-20T18:15:30.591Z,buy,9.6e-07,263.0,0.0002524799999999
VIB/BTC,1608488131610,2020-12-20T18:15:31.610Z,buy,9.6e-07,279.0,0.00026784
VIB/BTC,1608488132630,2020-12-20T18:15:32.630Z,buy,9.6e-07,236.0,0.0002265599999999
VIB/BTC,1608488133282,2020-12-20T18:15:33.282Z,sell,9.5e-07,2330.0,0.0022135
VIB/BTC,1608488133650,2020-12-20T18:15:33.650Z,buy,9.6e-07,237.0,0.00022752
VIB/BTC,1608488134670,2020-12-20T18:15:34.670Z,buy,9.6e-07,206.0,0.0001977599999999
VIB/BTC,1608488135690,2020-12-20T18:15:35.690Z,buy,9.6e-07,266.0,0.00025536
VIB/BTC,1608488136704,2020-12-20T18:15:36.704Z,buy,9.6e-07,288.0,0.0002764799999999
VIB/BTC,1608488137724,2020-12-20T18:15:37.724Z,buy,9.6e-07,254.0,0.0002438399999999
VIB/BTC,1608488138258,2020-12-20T18:15:38.258Z,sell,9.5e-07,37500.0,0.035625
VIB/BTC,1608488138258,2020-12-20T18:15:38.258Z,sell,9.4e-07,56410.0,0.0530254
VIB/BTC,1608488138740,2020-12-20T18:15:38.740Z,buy,9.6e-07,245.0,0.0002351999999999
VIB/BTC,1608488138900,2020-12-20T18:15:38.900Z,buy,9.5e-07,1101.0,0.00104595
VIB/BTC,1608488139760,2020-12-20T18:15:39.760Z,buy,9.5e-07,180.0,0.000171
VIB/BTC,1608488140596,2020-12-20T18:15:40.596Z,sell,9.4e-07,6614.0,0.00621716
VIB/BTC,1608488140693,2020-12-20T18:15:40.693Z,sell,9.4e-07,93910.0,0.0882754
VIB/BTC,1608488140777,2020-12-20T18:15:40.777Z,buy,9.5e-07,188.0,0.0001786
VIB/BTC,1608488140899,2020-12-20T18:15:40.899Z,buy,9.5e-07,7190.0,0.0068305
VIB/BTC,1608488141795,2020-12-20T18:15:41.795Z,buy,9.5e-07,284.0,0.0002698
VIB/BTC,1608488142812,2020-12-20T18:15:42.812Z,buy,9.5e-07,164.0,0.0001558
VIB/BTC,1608488143833,2020-12-20T18:15:43.833Z,buy,9.5e-07,282.0,0.0002679
VIB/BTC,1608488143888,2020-12-20T18:15:43.888Z,sell,9.4e-07,1019.0,0.00095786
VIB/BTC,1608488144849,2020-12-20T18:15:44.849Z,buy,9.5e-07,277.0,0.00026315
VIB/BTC,1608488145614,2020-12-20T18:15:45.614Z,buy,9.5e-07,1783.0,0.00169385
VIB/BTC,1608488145866,2020-12-20T18:15:45.866Z,buy,9.6e-07,298.0,0.0002860799999999
VIB/BTC,1608488146097,2020-12-20T18:15:46.097Z,sell,9.5e-07,293.0,0.00027835
VIB/BTC,1608488146883,2020-12-20T18:15:46.883Z,buy,9.6e-07,174.0,0.0001670399999999
VIB/BTC,1608488147900,2020-12-20T18:15:47.900Z,buy,9.6e-07,298.0,0.0002860799999999
VIB/BTC,1608488148365,2020-12-20T18:15:48.365Z,sell,9.5e-07,266.0,0.0002527
VIB/BTC,1608488148913,2020-12-20T18:15:48.913Z,buy,9.5e-07,273.0,0.00025935
VIB/BTC,1608488149929,2020-12-20T18:15:49.929Z,buy,9.5e-07,293.0,0.00027835
VIB/BTC,1608488150947,2020-12-20T18:15:50.947Z,buy,9.5e-07,254.0,0.0002413
VIB/BTC,1608488151961,2020-12-20T18:15:51.961Z,buy,9.5e-07,178.0,0.0001691
VIB/BTC,1608488152978,2020-12-20T18:15:52.978Z,buy,9.5e-07,82.0,7.79e-05
VIB/BTC,1608488152978,2020-12-20T18:15:52.978Z,buy,9.6e-07,199.0,0.00019104
VIB/BTC,1608488153995,2020-12-20T18:15:53.995Z,buy,9.6e-07,165.0,0.0001583999999999
VIB/BTC,1608488154445,2020-12-20T18:15:54.445Z,sell,9.4e-07,43346.0,0.04074524
VIB/BTC,1608488155008,2020-12-20T18:15:55.008Z,buy,9.6e-07,189.0,0.0001814399999999
VIB/BTC,1608488156025,2020-12-20T18:15:56.025Z,buy,9.6e-07,255.0,0.0002448
VIB/BTC,1608488157042,2020-12-20T18:15:57.042Z,buy,9.6e-07,151.0,0.00014496
VIB/BTC,1608488158059,2020-12-20T18:15:58.059Z,buy,9.6e-07,205.0,0.0001967999999999
VIB/BTC,1608488159073,2020-12-20T18:15:59.073Z,buy,9.6e-07,178.0,0.00017088
VIB/BTC,1608488160089,2020-12-20T18:16:00.089Z,buy,9.6e-07,185.0,0.0001775999999999
VIB/BTC,1608488161101,2020-12-20T18:16:01.101Z,buy,9.6e-07,190.0,0.0001824
VIB/BTC,1608488162114,2020-12-20T18:16:02.114Z,buy,9.6e-07,171.0,0.0001641599999999
VIB/BTC,1608488163132,2020-12-20T18:16:03.132Z,buy,9.5e-07,109.0,0.00010355
VIB/BTC,1608488163132,2020-12-20T18:16:03.132Z,buy,9.6e-07,96.0,9.215999999999998e-05
VIB/BTC,1608488164150,2020-12-20T18:16:04.150Z,buy,9.6e-07,244.0,0.0002342399999999
VIB/BTC,1608488165164,2020-12-20T18:16:05.164Z,buy,9.6e-07,204.0,0.00019584
VIB/BTC,1608488166181,2020-12-20T18:16:06.181Z,buy,9.6e-07,211.0,0.0002025599999999
VIB/BTC,1608488167195,2020-12-20T18:16:07.195Z,buy,9.6e-07,173.0,0.0001660799999999
VIB/BTC,1608488168212,2020-12-20T18:16:08.212Z,buy,9.6e-07,238.0,0.0002284799999999
VIB/BTC,1608488169229,2020-12-20T18:16:09.229Z,buy,9.6e-07,243.0,0.00023328
VIB/BTC,1608488170242,2020-12-20T18:16:10.242Z,buy,9.6e-07,155.0,0.0001487999999999
VIB/BTC,1608488171256,2020-12-20T18:16:11.256Z,buy,9.6e-07,209.0,0.0002006399999999
VIB/BTC,1608488172269,2020-12-20T18:16:12.269Z,buy,9.6e-07,172.0,0.00016512
VIB/BTC,1608488173282,2020-12-20T18:16:13.282Z,buy,9.6e-07,223.0,0.0002140799999999
VIB/BTC,1608488174296,2020-12-20T18:16:14.296Z,buy,9.6e-07,191.0,0.0001833599999999
VIB/BTC,1608488175309,2020-12-20T18:16:15.309Z,buy,9.6e-07,202.0,0.00019392
VIB/BTC,1608488176326,2020-12-20T18:16:16.326Z,buy,9.6e-07,157.0,0.00015072
VIB/BTC,1608488177343,2020-12-20T18:16:17.343Z,buy,9.6e-07,216.0,0.00020736
VIB/BTC,1608488178360,2020-12-20T18:16:18.360Z,buy,9.6e-07,171.0,0.0001641599999999
VIB/BTC,1608488179309,2020-12-20T18:16:19.309Z,sell,9.5e-07,127.0,0.00012065
VIB/BTC,1608488179377,2020-12-20T18:16:19.377Z,buy,9.6e-07,293.0,0.0002812799999999
VIB/BTC,1608488180391,2020-12-20T18:16:20.391Z,buy,9.6e-07,173.0,0.0001660799999999
VIB/BTC,1608488181411,2020-12-20T18:16:21.411Z,buy,9.6e-07,279.0,0.00026784
VIB/BTC,1608488182431,2020-12-20T18:16:22.431Z,buy,9.6e-07,190.0,0.0001824
VIB/BTC,1608488183445,2020-12-20T18:16:23.445Z,buy,9.6e-07,260.0,0.0002496
VIB/BTC,1608488184461,2020-12-20T18:16:24.461Z,buy,9.6e-07,246.0,0.00023616
VIB/BTC,1608488185476,2020-12-20T18:16:25.476Z,buy,9.6e-07,220.0,0.0002111999999999
VIB/BTC,1608488185607,2020-12-20T18:16:25.607Z,sell,9.5e-07,7693.0,0.00730835
VIB/BTC,1608488185905,2020-12-20T18:16:25.905Z,buy,9.5e-07,1556.0,0.0014782
VIB/BTC,1608488185965,2020-12-20T18:16:25.965Z,buy,9.5e-07,13792.0,0.0131024
VIB/BTC,1608488186491,2020-12-20T18:16:26.491Z,buy,9.6e-07,226.0,0.0002169599999999
VIB/BTC,1608488187506,2020-12-20T18:16:27.506Z,buy,9.6e-07,240.0,0.0002304
VIB/BTC,1608488188526,2020-12-20T18:16:28.526Z,buy,9.6e-07,222.0,0.00021312
VIB/BTC,1608488189540,2020-12-20T18:16:29.540Z,buy,9.6e-07,156.0,0.0001497599999999
VIB/BTC,1608488190560,2020-12-20T18:16:30.560Z,buy,9.6e-07,241.0,0.0002313599999999
VIB/BTC,1608488191580,2020-12-20T18:16:31.580Z,buy,9.6e-07,164.0,0.0001574399999999
VIB/BTC,1608488192603,2020-12-20T18:16:32.603Z,buy,9.6e-07,169.0,0.00016224
VIB/BTC,1608488193091,2020-12-20T18:16:33.091Z,sell,9.5e-07,565.0,0.00053675
VIB/BTC,1608488193623,2020-12-20T18:16:33.623Z,buy,9.6e-07,219.0,0.00021024
VIB/BTC,1608488194643,2020-12-20T18:16:34.643Z,buy,9.6e-07,177.0,0.0001699199999999
VIB/BTC,1608488195664,2020-12-20T18:16:35.664Z,buy,9.6e-07,164.0,0.0001574399999999
VIB/BTC,1608488196681,2020-12-20T18:16:36.681Z,buy,9.6e-07,268.0,0.00025728
VIB/BTC,1608488197696,2020-12-20T18:16:37.696Z,buy,9.6e-07,242.0,0.0002323199999999
VIB/BTC,1608488198716,2020-12-20T18:16:38.716Z,buy,9.6e-07,298.0,0.0002860799999999
VIB/BTC,1608488199731,2020-12-20T18:16:39.731Z,buy,9.6e-07,218.0,0.0002092799999999
VIB/BTC,1608488200746,2020-12-20T18:16:40.746Z,buy,9.6e-07,179.0,0.0001718399999999
VIB/BTC,1608488201760,2020-12-20T18:16:41.760Z,buy,9.6e-07,213.0,0.00020448
VIB/BTC,1608488202773,2020-12-20T18:16:42.773Z,buy,9.6e-07,194.0,0.0001862399999999
VIB/BTC,1608488203786,2020-12-20T18:16:43.786Z,buy,9.6e-07,163.0,0.00015648
VIB/BTC,1608488204803,2020-12-20T18:16:44.803Z,buy,9.6e-07,226.0,0.0002169599999999
VIB/BTC,1608488205817,2020-12-20T18:16:45.817Z,buy,9.6e-07,193.0,0.00018528
VIB/BTC,1608488206834,2020-12-20T18:16:46.834Z,buy,9.6e-07,191.0,0.0001833599999999
VIB/BTC,1608488207851,2020-12-20T18:16:47.851Z,buy,9.6e-07,213.0,0.00020448
VIB/BTC,1608488208868,2020-12-20T18:16:48.868Z,buy,9.6e-07,198.0,0.00019008
VIB/BTC,1608488209886,2020-12-20T18:16:49.886Z,buy,9.6e-07,222.0,0.00021312
VIB/BTC,1608488210899,2020-12-20T18:16:50.899Z,buy,9.6e-07,290.0,0.0002784
VIB/BTC,1608488211912,2020-12-20T18:16:51.912Z,buy,9.6e-07,297.0,0.00028512
VIB/BTC,1608488212925,2020-12-20T18:16:52.925Z,buy,9.6e-07,238.0,0.0002284799999999
VIB/BTC,1608488213938,2020-12-20T18:16:53.938Z,buy,9.6e-07,171.0,0.0001641599999999
VIB/BTC,1608488214950,2020-12-20T18:16:54.950Z,buy,9.6e-07,264.0,0.0002534399999999
VIB/BTC,1608488215968,2020-12-20T18:16:55.968Z,buy,9.6e-07,165.0,0.0001583999999999
VIB/BTC,1608488216981,2020-12-20T18:16:56.981Z,buy,9.6e-07,258.0,0.0002476799999999
VIB/BTC,1608488217451,2020-12-20T18:16:57.451Z,sell,9.5e-07,2608.0,0.0024776
VIB/BTC,1608488217999,2020-12-20T18:16:57.999Z,buy,9.6e-07,169.0,0.00016224
VIB/BTC,1608488219016,2020-12-20T18:16:59.016Z,buy,9.6e-07,217.0,0.0002083199999999
VIB/BTC,1608488220033,2020-12-20T18:17:00.033Z,buy,9.6e-07,282.0,0.0002707199999999
VIB/BTC,1608488221049,2020-12-20T18:17:01.049Z,buy,9.6e-07,237.0,0.00022752
VIB/BTC,1608488222067,2020-12-20T18:17:02.067Z,buy,9.6e-07,229.0,0.0002198399999999
VIB/BTC,1608488223094,2020-12-20T18:17:03.094Z,buy,9.6e-07,209.0,0.0002006399999999
VIB/BTC,1608488224107,2020-12-20T18:17:04.107Z,buy,9.6e-07,191.0,0.0001833599999999
VIB/BTC,1608488225124,2020-12-20T18:17:05.124Z,buy,9.6e-07,261.0,0.00025056
VIB/BTC,1608488225608,2020-12-20T18:17:05.608Z,sell,9.5e-07,12820.0,0.012179
VIB/BTC,1608488226137,2020-12-20T18:17:06.137Z,buy,9.6e-07,250.0,0.0002399999999999
VIB/BTC,1608488227158,2020-12-20T18:17:07.158Z,buy,9.6e-07,298.0,0.0002860799999999
VIB/BTC,1608488228171,2020-12-20T18:17:08.171Z,buy,9.6e-07,212.0,0.0002035199999999
VIB/BTC,1608488229189,2020-12-20T18:17:09.189Z,buy,9.6e-07,154.0,0.00014784
VIB/BTC,1608488230202,2020-12-20T18:17:10.202Z,buy,9.6e-07,286.0,0.00027456
VIB/BTC,1608488231052,2020-12-20T18:17:11.052Z,sell,9.5e-07,7740.0,0.007353
VIB/BTC,1608488231215,2020-12-20T18:17:11.215Z,buy,9.6e-07,192.0,0.0001843199999999
VIB/BTC,1608488232231,2020-12-20T18:17:12.231Z,buy,9.6e-07,173.0,0.0001660799999999
VIB/BTC,1608488233244,2020-12-20T18:17:13.244Z,buy,9.6e-07,176.0,0.0001689599999999
VIB/BTC,1608488234260,2020-12-20T18:17:14.260Z,buy,9.6e-07,212.0,0.0002035199999999
VIB/BTC,1608488235278,2020-12-20T18:17:15.278Z,buy,9.6e-07,222.0,0.00021312
VIB/BTC,1608488235650,2020-12-20T18:17:15.650Z,buy,9.6e-07,53756.0,0.0516057599999999
VIB/BTC,1608488236296,2020-12-20T18:17:16.296Z,buy,9.6e-07,218.0,0.0002092799999999
VIB/BTC,1608488237310,2020-12-20T18:17:17.310Z,buy,9.6e-07,194.0,0.0001862399999999
VIB/BTC,1608488238327,2020-12-20T18:17:18.327Z,buy,9.6e-07,285.0,0.0002736
VIB/BTC,1608488239340,2020-12-20T18:17:19.340Z,buy,9.6e-07,292.0,0.0002803199999999
VIB/BTC,1608488240352,2020-12-20T18:17:20.352Z,buy,9.6e-07,161.0,0.0001545599999999
VIB/BTC,1608488241370,2020-12-20T18:17:21.370Z,buy,9.6e-07,288.0,0.0002764799999999
VIB/BTC,1608488242383,2020-12-20T18:17:22.383Z,buy,9.6e-07,271.0,0.00026016
VIB/BTC,1608488243400,2020-12-20T18:17:23.400Z,buy,9.6e-07,151.0,0.00014496
VIB/BTC,1608488244224,2020-12-20T18:17:24.224Z,buy,9.6e-07,1000.0,0.0009599999999999
VIB/BTC,1608488244413,2020-12-20T18:17:24.413Z,buy,9.6e-07,259.0,0.00024864
VIB/BTC,1608488245431,2020-12-20T18:17:25.431Z,buy,9.6e-07,274.0,0.00026304
VIB/BTC,1608488246444,2020-12-20T18:17:26.444Z,buy,9.6e-07,202.0,0.00019392
VIB/BTC,1608488247461,2020-12-20T18:17:27.461Z,buy,9.6e-07,184.0,0.00017664
VIB/BTC,1608488248477,2020-12-20T18:17:28.477Z,buy,9.6e-07,256.0,0.00024576
VIB/BTC,1608488249211,2020-12-20T18:17:29.211Z,sell,9.5e-07,37264.0,0.0354008
VIB/BTC,1608488249494,2020-12-20T18:17:29.494Z,buy,9.6e-07,213.0,0.00020448
VIB/BTC,1608488249634,2020-12-20T18:17:29.634Z,buy,9.6e-07,28084.0,0.0269606399999999
VIB/BTC,1608488250507,2020-12-20T18:17:30.507Z,buy,9.7e-07,271.0,0.00026287
VIB/BTC,1608488251526,2020-12-20T18:17:31.526Z,buy,9.7e-07,164.0,0.00015908
VIB/BTC,1608488252543,2020-12-20T18:17:32.543Z,buy,9.7e-07,207.0,0.00020079
VIB/BTC,1608488253560,2020-12-20T18:17:33.560Z,buy,9.7e-07,283.0,0.00027451
VIB/BTC,1608488254577,2020-12-20T18:17:34.577Z,buy,9.7e-07,274.0,0.00026578
VIB/BTC,1608488255597,2020-12-20T18:17:35.597Z,buy,9.7e-07,239.0,0.00023183
VIB/BTC,1608488256610,2020-12-20T18:17:36.610Z,buy,9.7e-07,208.0,0.00020176
VIB/BTC,1608488257628,2020-12-20T18:17:37.628Z,buy,9.7e-07,263.0,0.00025511
VIB/BTC,1608488258646,2020-12-20T18:17:38.646Z,buy,9.7e-07,262.0,0.00025414
VIB/BTC,1608488259658,2020-12-20T18:17:39.658Z,buy,9.7e-07,161.0,0.00015617
VIB/BTC,1608488260671,2020-12-20T18:17:40.671Z,buy,9.7e-07,234.0,0.00022698
VIB/BTC,1608488261694,2020-12-20T18:17:41.694Z,buy,9.7e-07,154.0,0.00014938
VIB/BTC,1608488262711,2020-12-20T18:17:42.711Z,buy,9.7e-07,237.0,0.00022989
VIB/BTC,1608488263724,2020-12-20T18:17:43.724Z,buy,9.7e-07,168.0,0.00016296
VIB/BTC,1608488264738,2020-12-20T18:17:44.738Z,buy,9.7e-07,171.0,0.00016587
VIB/BTC,1608488265755,2020-12-20T18:17:45.755Z,buy,9.7e-07,288.0,0.00027936
VIB/BTC,1608488266767,2020-12-20T18:17:46.767Z,buy,9.7e-07,226.0,0.00021922
VIB/BTC,1608488267780,2020-12-20T18:17:47.780Z,buy,9.7e-07,230.0,0.0002231
VIB/BTC,1608488268797,2020-12-20T18:17:48.797Z,buy,9.7e-07,285.0,0.00027645
VIB/BTC,1608488269810,2020-12-20T18:17:49.810Z,buy,9.7e-07,208.0,0.00020176
VIB/BTC,1608488269857,2020-12-20T18:17:49.857Z,sell,9.6e-07,292.0,0.0002803199999999
VIB/BTC,1608488270823,2020-12-20T18:17:50.823Z,buy,9.7e-07,154.0,0.00014938
VIB/BTC,1608488271837,2020-12-20T18:17:51.837Z,buy,9.7e-07,230.0,0.0002231
VIB/BTC,1608488272850,2020-12-20T18:17:52.850Z,buy,9.7e-07,231.0,0.00022407
VIB/BTC,1608488273863,2020-12-20T18:17:53.863Z,buy,9.7e-07,285.0,0.00027645
VIB/BTC,1608488274877,2020-12-20T18:17:54.877Z,buy,9.7e-07,164.0,0.00015908
VIB/BTC,1608488275889,2020-12-20T18:17:55.889Z,buy,9.7e-07,253.0,0.00024541
VIB/BTC,1608488276906,2020-12-20T18:17:56.906Z,buy,9.7e-07,225.0,0.00021825
VIB/BTC,1608488277919,2020-12-20T18:17:57.919Z,buy,9.7e-07,187.0,0.00018139
VIB/BTC,1608488278932,2020-12-20T18:17:58.932Z,buy,9.7e-07,208.0,0.00020176
VIB/BTC,1608488279945,2020-12-20T18:17:59.945Z,buy,9.7e-07,175.0,0.00016975
VIB/BTC,1608488280210,2020-12-20T18:18:00.210Z,buy,9.7e-07,3142.0,0.00304774
VIB/BTC,1608488280962,2020-12-20T18:18:00.962Z,buy,9.7e-07,168.0,0.00016296
VIB/BTC,1608488281975,2020-12-20T18:18:01.975Z,buy,9.7e-07,258.0,0.00025026
VIB/BTC,1608488282992,2020-12-20T18:18:02.992Z,buy,9.7e-07,174.0,0.00016878
VIB/BTC,1608488284005,2020-12-20T18:18:04.005Z,buy,9.7e-07,150.0,0.0001455
VIB/BTC,1608488285018,2020-12-20T18:18:05.018Z,buy,9.7e-07,257.0,0.00024929
VIB/BTC,1608488286031,2020-12-20T18:18:06.031Z,buy,9.7e-07,292.0,0.00028324
VIB/BTC,1608488287048,2020-12-20T18:18:07.048Z,buy,9.7e-07,230.0,0.0002231
VIB/BTC,1608488288064,2020-12-20T18:18:08.064Z,buy,9.7e-07,244.0,0.00023668
VIB/BTC,1608488289084,2020-12-20T18:18:09.084Z,buy,9.7e-07,298.0,0.00028906
VIB/BTC,1608488290098,2020-12-20T18:18:10.098Z,buy,9.7e-07,161.0,0.00015617
VIB/BTC,1608488291115,2020-12-20T18:18:11.115Z,buy,9.7e-07,231.0,0.00022407
VIB/BTC,1608488292128,2020-12-20T18:18:12.128Z,buy,9.7e-07,272.0,0.00026384
VIB/BTC,1608488292240,2020-12-20T18:18:12.240Z,sell,9.6e-07,65685.0,0.0630575999999999
VIB/BTC,1608488293141,2020-12-20T18:18:13.141Z,buy,9.7e-07,214.0,0.00020758
VIB/BTC,1608488294159,2020-12-20T18:18:14.159Z,buy,9.7e-07,190.0,0.0001843
VIB/BTC,1608488295178,2020-12-20T18:18:15.178Z,buy,9.7e-07,233.0,0.00022601
VIB/BTC,1608488296191,2020-12-20T18:18:16.191Z,buy,9.7e-07,166.0,0.00016102
VIB/BTC,1608488297208,2020-12-20T18:18:17.208Z,buy,9.7e-07,266.0,0.00025802
VIB/BTC,1608488298226,2020-12-20T18:18:18.226Z,buy,9.7e-07,159.0,0.00015423
VIB/BTC,1608488298489,2020-12-20T18:18:18.489Z,sell,9.6e-07,31564.0,0.03030144
VIB/BTC,1608488299243,2020-12-20T18:18:19.243Z,buy,9.6e-07,212.0,0.0002035199999999
VIB/BTC,1608488300260,2020-12-20T18:18:20.260Z,buy,9.6e-07,238.0,0.0002284799999999
VIB/BTC,1608488301277,2020-12-20T18:18:21.277Z,buy,9.6e-07,230.0,0.0002207999999999
VIB/BTC,1608488302296,2020-12-20T18:18:22.296Z,buy,9.6e-07,157.0,0.00015072
VIB/BTC,1608488303313,2020-12-20T18:18:23.313Z,buy,9.6e-07,230.0,0.0002207999999999
VIB/BTC,1608488304326,2020-12-20T18:18:24.326Z,buy,9.6e-07,157.0,0.00015072
VIB/BTC,1608488305344,2020-12-20T18:18:25.344Z,buy,9.6e-07,157.0,0.00015072
VIB/BTC,1608488306362,2020-12-20T18:18:26.362Z,buy,9.6e-07,167.0,0.0001603199999999
VIB/BTC,1608488307374,2020-12-20T18:18:27.374Z,buy,9.6e-07,150.0,0.0001439999999999
VIB/BTC,1608488307981,2020-12-20T18:18:27.981Z,sell,9.5e-07,1398.0,0.0013281
VIB/BTC,1608488308392,2020-12-20T18:18:28.392Z,buy,9.6e-07,191.0,0.0001833599999999
VIB/BTC,1608488309408,2020-12-20T18:18:29.408Z,buy,9.6e-07,180.0,0.0001727999999999
VIB/BTC,1608488310241,2020-12-20T18:18:30.241Z,sell,9.5e-07,1525.0,0.00144875
VIB/BTC,1608488310430,2020-12-20T18:18:30.430Z,buy,9.6e-07,227.0,0.0002179199999999
VIB/BTC,1608488310483,2020-12-20T18:18:30.483Z,sell,9.5e-07,2690.0,0.0025555
VIB/BTC,1608488311446,2020-12-20T18:18:31.446Z,buy,9.6e-07,280.0,0.0002688
VIB/BTC,1608488311642,2020-12-20T18:18:31.642Z,sell,9.5e-07,8046.0,0.0076437
VIB/BTC,1608488312462,2020-12-20T18:18:32.462Z,buy,9.5e-07,273.0,0.00025935
VIB/BTC,1608488313477,2020-12-20T18:18:33.477Z,buy,9.5e-07,191.0,0.00018145
VIB/BTC,1608488314497,2020-12-20T18:18:34.497Z,buy,9.5e-07,150.0,0.0001425
VIB/BTC,1608488315517,2020-12-20T18:18:35.517Z,buy,9.5e-07,191.0,0.00018145
VIB/BTC,1608488316533,2020-12-20T18:18:36.533Z,buy,9.5e-07,250.0,0.0002375
VIB/BTC,1608488317550,2020-12-20T18:18:37.550Z,buy,9.5e-07,161.0,0.00015295
VIB/BTC,1608488317960,2020-12-20T18:18:37.960Z,sell,9.4e-07,18155.0,0.0170657
VIB/BTC,1608488318314,2020-12-20T18:18:38.314Z,buy,9.5e-07,669.0,0.00063555
VIB/BTC,1608488318575,2020-12-20T18:18:38.575Z,buy,9.5e-07,201.0,0.00019095
VIB/BTC,1608488319595,2020-12-20T18:18:39.595Z,buy,9.5e-07,194.0,0.0001843
VIB/BTC,1608488320615,2020-12-20T18:18:40.615Z,buy,9.5e-07,293.0,0.00027835
VIB/BTC,1608488320831,2020-12-20T18:18:40.831Z,sell,9.4e-07,70110.0,0.0659034
VIB/BTC,1608488321672,2020-12-20T18:18:41.672Z,buy,9.5e-07,291.0,0.00027645
VIB/BTC,1608488322689,2020-12-20T18:18:42.689Z,buy,9.5e-07,156.0,0.0001482
VIB/BTC,1608488323710,2020-12-20T18:18:43.710Z,buy,9.5e-07,158.0,0.0001501
VIB/BTC,1608488324729,2020-12-20T18:18:44.729Z,buy,9.5e-07,155.0,0.00014725
VIB/BTC,1608488325745,2020-12-20T18:18:45.745Z,buy,9.5e-07,160.0,0.000152
VIB/BTC,1608488326760,2020-12-20T18:18:46.760Z,buy,9.5e-07,211.0,0.00020045
VIB/BTC,1608488327781,2020-12-20T18:18:47.781Z,buy,9.5e-07,264.0,0.0002508
VIB/BTC,1608488328800,2020-12-20T18:18:48.800Z,buy,9.5e-07,267.0,0.00025365
VIB/BTC,1608488329816,2020-12-20T18:18:49.816Z,buy,9.5e-07,230.0,0.0002185
VIB/BTC,1608488330834,2020-12-20T18:18:50.834Z,buy,9.5e-07,192.0,0.0001824
VIB/BTC,1608488331852,2020-12-20T18:18:51.852Z,buy,9.5e-07,232.0,0.0002204
VIB/BTC,1608488332870,2020-12-20T18:18:52.870Z,buy,9.5e-07,229.0,0.00021755
VIB/BTC,1608488333888,2020-12-20T18:18:53.888Z,buy,9.5e-07,237.0,0.00022515
VIB/BTC,1608488334424,2020-12-20T18:18:54.424Z,sell,9.4e-07,166541.0,0.15654854
VIB/BTC,1608488334454,2020-12-20T18:18:54.454Z,buy,9.5e-07,31.0,2.945e-05
VIB/BTC,1608488334901,2020-12-20T18:18:54.901Z,buy,9.5e-07,295.0,0.00028025
VIB/BTC,1608488335134,2020-12-20T18:18:55.134Z,sell,9.4e-07,130.0,0.0001222
VIB/BTC,1608488335914,2020-12-20T18:18:55.914Z,buy,9.5e-07,276.0,0.0002622
VIB/BTC,1608488336283,2020-12-20T18:18:56.283Z,sell,9.4e-07,669.0,0.00062886
VIB/BTC,1608488336927,2020-12-20T18:18:56.927Z,buy,9.5e-07,203.0,0.00019285
VIB/BTC,1608488337940,2020-12-20T18:18:57.940Z,buy,9.5e-07,271.0,0.00025745
VIB/BTC,1608488338954,2020-12-20T18:18:58.954Z,buy,9.5e-07,242.0,0.0002299
VIB/BTC,1608488339968,2020-12-20T18:18:59.968Z,buy,9.5e-07,230.0,0.0002185
VIB/BTC,1608488340131,2020-12-20T18:19:00.131Z,buy,9.5e-07,234.0,0.0002223
VIB/BTC,1608488340987,2020-12-20T18:19:00.987Z,buy,9.5e-07,150.0,0.0001425
VIB/BTC,1608488342003,2020-12-20T18:19:02.003Z,buy,9.5e-07,176.0,0.0001672
VIB/BTC,1608488343017,2020-12-20T18:19:03.017Z,buy,9.5e-07,254.0,0.0002413
VIB/BTC,1608488344033,2020-12-20T18:19:04.033Z,buy,9.5e-07,208.0,0.0001976
VIB/BTC,1608488345061,2020-12-20T18:19:05.061Z,buy,9.5e-07,150.0,0.0001425
VIB/BTC,1608488346081,2020-12-20T18:19:06.081Z,buy,9.5e-07,194.0,0.0001843
VIB/BTC,1608488347101,2020-12-20T18:19:07.101Z,buy,9.5e-07,183.0,0.00017385
VIB/BTC,1608488348117,2020-12-20T18:19:08.117Z,buy,9.5e-07,260.0,0.000247
VIB/BTC,1608488349136,2020-12-20T18:19:09.136Z,buy,9.5e-07,203.0,0.00019285
VIB/BTC,1608488350152,2020-12-20T18:19:10.152Z,buy,9.5e-07,220.0,0.000209
VIB/BTC,1608488350767,2020-12-20T18:19:10.767Z,buy,9.5e-07,234.0,0.0002223
VIB/BTC,1608488351172,2020-12-20T18:19:11.172Z,buy,9.5e-07,248.0,0.0002356
VIB/BTC,1608488352189,2020-12-20T18:19:12.189Z,buy,9.5e-07,191.0,0.00018145
VIB/BTC,1608488353217,2020-12-20T18:19:13.217Z,buy,9.5e-07,202.0,0.0001919
VIB/BTC,1608488354233,2020-12-20T18:19:14.233Z,buy,9.5e-07,180.0,0.000171
VIB/BTC,1608488355253,2020-12-20T18:19:15.253Z,buy,9.5e-07,252.0,0.0002394
VIB/BTC,1608488356268,2020-12-20T18:19:16.268Z,buy,9.5e-07,229.0,0.00021755
VIB/BTC,1608488356424,2020-12-20T18:19:16.424Z,sell,9.4e-07,82488.0,0.07753872
VIB/BTC,1608488357288,2020-12-20T18:19:17.288Z,buy,9.5e-07,223.0,0.00021185
VIB/BTC,1608488358305,2020-12-20T18:19:18.305Z,buy,9.5e-07,158.0,0.0001501
VIB/BTC,1608488359320,2020-12-20T18:19:19.320Z,buy,9.5e-07,152.0,0.0001444
VIB/BTC,1608488360343,2020-12-20T18:19:20.343Z,buy,9.5e-07,280.0,0.000266
VIB/BTC,1608488361361,2020-12-20T18:19:21.361Z,buy,9.5e-07,168.0,0.0001596
VIB/BTC,1608488362382,2020-12-20T18:19:22.382Z,buy,9.5e-07,203.0,0.00019285
VIB/BTC,1608488363396,2020-12-20T18:19:23.396Z,buy,9.5e-07,216.0,0.0002052
VIB/BTC,1608488364028,2020-12-20T18:19:24.028Z,sell,9.4e-07,40001.0,0.03760094
VIB/BTC,1608488364411,2020-12-20T18:19:24.411Z,buy,9.5e-07,231.0,0.00021945
VIB/BTC,1608488365427,2020-12-20T18:19:25.427Z,buy,9.5e-07,277.0,0.00026315
VIB/BTC,1608488366447,2020-12-20T18:19:26.447Z,buy,9.5e-07,197.0,0.00018715
VIB/BTC,1608488367466,2020-12-20T18:19:27.466Z,buy,9.5e-07,280.0,0.000266
VIB/BTC,1608488368380,2020-12-20T18:19:28.380Z,buy,9.5e-07,21589.0,0.02050955
VIB/BTC,1608488368485,2020-12-20T18:19:28.485Z,buy,9.5e-07,177.0,0.00016815
VIB/BTC,1608488369500,2020-12-20T18:19:29.500Z,buy,9.5e-07,280.0,0.000266
VIB/BTC,1608488370519,2020-12-20T18:19:30.519Z,buy,9.5e-07,154.0,0.0001463
VIB/BTC,1608488371544,2020-12-20T18:19:31.544Z,buy,9.5e-07,282.0,0.0002679
VIB/BTC,1608488372563,2020-12-20T18:19:32.563Z,buy,9.5e-07,246.0,0.0002337
VIB/BTC,1608488373583,2020-12-20T18:19:33.583Z,buy,9.5e-07,237.0,0.00022515
VIB/BTC,1608488374599,2020-12-20T18:19:34.599Z,buy,9.5e-07,178.0,0.0001691
VIB/BTC,1608488375614,2020-12-20T18:19:35.614Z,buy,9.5e-07,230.0,0.0002185
VIB/BTC,1608488376629,2020-12-20T18:19:36.629Z,buy,9.5e-07,152.0,0.0001444
VIB/BTC,1608488377507,2020-12-20T18:19:37.507Z,sell,9.4e-07,783.0,0.00073602
VIB/BTC,1608488377649,2020-12-20T18:19:37.649Z,buy,9.5e-07,225.0,0.00021375
VIB/BTC,1608488377870,2020-12-20T18:19:37.870Z,buy,9.5e-07,234.0,0.0002223
VIB/BTC,1608488378665,2020-12-20T18:19:38.665Z,buy,9.5e-07,295.0,0.00028025
VIB/BTC,1608488379680,2020-12-20T18:19:39.680Z,buy,9.5e-07,206.0,0.0001957
VIB/BTC,1608488380698,2020-12-20T18:19:40.698Z,buy,9.5e-07,266.0,0.0002527
VIB/BTC,1608488381715,2020-12-20T18:19:41.715Z,buy,9.5e-07,220.0,0.000209
VIB/BTC,1608488382728,2020-12-20T18:19:42.728Z,buy,9.5e-07,236.0,0.0002242
VIB/BTC,1608488383741,2020-12-20T18:19:43.741Z,buy,9.5e-07,210.0,0.0001995
VIB/BTC,1608488384759,2020-12-20T18:19:44.759Z,buy,9.5e-07,170.0,0.0001615
VIB/BTC,1608488385775,2020-12-20T18:19:45.775Z,buy,9.5e-07,155.0,0.00014725
VIB/BTC,1608488386792,2020-12-20T18:19:46.792Z,buy,9.5e-07,240.0,0.000228
VIB/BTC,1608488387814,2020-12-20T18:19:47.814Z,buy,9.5e-07,259.0,0.00024605
VIB/BTC,1608488388831,2020-12-20T18:19:48.831Z,buy,9.5e-07,289.0,0.00027455
VIB/BTC,1608488389844,2020-12-20T18:19:49.844Z,buy,9.5e-07,158.0,0.0001501
VIB/BTC,1608488390862,2020-12-20T18:19:50.862Z,buy,9.5e-07,243.0,0.00023085
VIB/BTC,1608488391881,2020-12-20T18:19:51.881Z,buy,9.5e-07,175.0,0.00016625
VIB/BTC,1608488392899,2020-12-20T18:19:52.899Z,buy,9.5e-07,161.0,0.00015295
VIB/BTC,1608488393912,2020-12-20T18:19:53.912Z,buy,9.5e-07,153.0,0.00014535
VIB/BTC,1608488394929,2020-12-20T18:19:54.929Z,buy,9.5e-07,228.0,0.0002166
VIB/BTC,1608488395942,2020-12-20T18:19:55.942Z,buy,9.5e-07,183.0,0.00017385
VIB/BTC,1608488396958,2020-12-20T18:19:56.958Z,buy,9.5e-07,286.0,0.0002717
VIB/BTC,1608488397975,2020-12-20T18:19:57.975Z,buy,9.5e-07,192.0,0.0001824
VIB/BTC,1608488398994,2020-12-20T18:19:58.994Z,buy,9.5e-07,204.0,0.0001938
VIB/BTC,1608488400016,2020-12-20T18:20:00.016Z,buy,9.5e-07,235.0,0.00022325
VIB/BTC,1608488401029,2020-12-20T18:20:01.029Z,buy,9.5e-07,269.0,0.00025555
VIB/BTC,1608488401890,2020-12-20T18:20:01.890Z,buy,9.5e-07,1157.0,0.00109915
VIB/BTC,1608488402042,2020-12-20T18:20:02.042Z,buy,9.5e-07,278.0,0.0002641
VIB/BTC,1608488402614,2020-12-20T18:20:02.614Z,buy,9.5e-07,861.0,0.00081795
VIB/BTC,1608488403059,2020-12-20T18:20:03.059Z,buy,9.5e-07,276.0,0.0002622
VIB/BTC,1608488404080,2020-12-20T18:20:04.080Z,buy,9.5e-07,162.0,0.0001539
VIB/BTC,1608488405098,2020-12-20T18:20:05.098Z,buy,9.5e-07,215.0,0.00020425
VIB/BTC,1608488405259,2020-12-20T18:20:05.259Z,buy,9.5e-07,152.0,0.0001444
VIB/BTC,1608488406111,2020-12-20T18:20:06.111Z,buy,9.5e-07,179.0,0.00017005
VIB/BTC,1608488407124,2020-12-20T18:20:07.124Z,buy,9.5e-07,232.0,0.0002204
VIB/BTC,1608488408027,2020-12-20T18:20:08.027Z,buy,9.5e-07,156.0,0.0001482
VIB/BTC,1608488408142,2020-12-20T18:20:08.142Z,buy,9.5e-07,269.0,0.00025555
VIB/BTC,1608488409155,2020-12-20T18:20:09.155Z,buy,9.5e-07,272.0,0.0002584
VIB/BTC,1608488410174,2020-12-20T18:20:10.174Z,buy,9.5e-07,230.0,0.0002185
VIB/BTC,1608488411193,2020-12-20T18:20:11.193Z,buy,9.5e-07,287.0,0.00027265
VIB/BTC,1608488412206,2020-12-20T18:20:12.206Z,buy,9.5e-07,285.0,0.00027075
VIB/BTC,1608488413223,2020-12-20T18:20:13.223Z,buy,9.5e-07,192.0,0.0001824
VIB/BTC,1608488414236,2020-12-20T18:20:14.236Z,buy,9.5e-07,275.0,0.00026125
VIB/BTC,1608488415248,2020-12-20T18:20:15.248Z,buy,9.5e-07,151.0,0.00014345
VIB/BTC,1608488416153,2020-12-20T18:20:16.153Z,buy,9.5e-07,885.0,0.00084075
VIB/BTC,1608488416266,2020-12-20T18:20:16.266Z,buy,9.5e-07,190.0,0.0001805
VIB/BTC,1608488416502,2020-12-20T18:20:16.502Z,buy,9.5e-07,1055.0,0.00100225
VIB/BTC,1608488416630,2020-12-20T18:20:16.630Z,buy,9.5e-07,13520.0,0.012844
VIB/BTC,1608488416760,2020-12-20T18:20:16.760Z,buy,9.5e-07,3118.0,0.0029621
VIB/BTC,1608488417283,2020-12-20T18:20:17.283Z,buy,9.5e-07,190.0,0.0001805
VIB/BTC,1608488418297,2020-12-20T18:20:18.297Z,buy,9.5e-07,252.0,0.0002394
VIB/BTC,1608488419314,2020-12-20T18:20:19.314Z,buy,9.5e-07,155.0,0.00014725
VIB/BTC,1608488420330,2020-12-20T18:20:20.330Z,buy,9.5e-07,184.0,0.0001748
VIB/BTC,1608488420778,2020-12-20T18:20:20.778Z,buy,9.5e-07,1575.0,0.00149625
VIB/BTC,1608488421345,2020-12-20T18:20:21.345Z,buy,9.5e-07,296.0,0.0002812
VIB/BTC,1608488422365,2020-12-20T18:20:22.365Z,buy,9.5e-07,196.0,0.0001862
VIB/BTC,1608488423381,2020-12-20T18:20:23.381Z,buy,9.5e-07,250.0,0.0002375
VIB/BTC,1608488424362,2020-12-20T18:20:24.362Z,buy,9.5e-07,2605.0,0.00247475
VIB/BTC,1608488424396,2020-12-20T18:20:24.396Z,buy,9.5e-07,277.0,0.00026315
VIB/BTC,1608488424755,2020-12-20T18:20:24.755Z,sell,9.4e-07,133108.0,0.12512152
VIB/BTC,1608488425413,2020-12-20T18:20:25.413Z,buy,9.5e-07,295.0,0.00028025
VIB/BTC,1608488426428,2020-12-20T18:20:26.428Z,buy,9.5e-07,237.0,0.00022515
VIB/BTC,1608488427240,2020-12-20T18:20:27.240Z,sell,9.4e-07,4825.0,0.0045355
VIB/BTC,1608488427443,2020-12-20T18:20:27.443Z,buy,9.5e-07,230.0,0.0002185
VIB/BTC,1608488427643,2020-12-20T18:20:27.643Z,buy,9.5e-07,1221.0,0.00115995
VIB/BTC,1608488428463,2020-12-20T18:20:28.463Z,buy,9.5e-07,201.0,0.00019095
VIB/BTC,1608488429061,2020-12-20T18:20:29.061Z,sell,9.4e-07,27491.0,0.02584154
VIB/BTC,1608488429477,2020-12-20T18:20:29.477Z,buy,9.5e-07,268.0,0.0002546
VIB/BTC,1608488430490,2020-12-20T18:20:30.490Z,buy,9.5e-07,254.0,0.0002413
VIB/BTC,1608488431502,2020-12-20T18:20:31.502Z,buy,9.5e-07,203.0,0.00019285
VIB/BTC,1608488432024,2020-12-20T18:20:32.024Z,sell,9.4e-07,3901.0,0.00366694
VIB/BTC,1608488432515,2020-12-20T18:20:32.515Z,buy,9.5e-07,218.0,0.0002071
VIB/BTC,1608488433527,2020-12-20T18:20:33.527Z,buy,9.5e-07,280.0,0.000266
VIB/BTC,1608488434541,2020-12-20T18:20:34.541Z,buy,9.5e-07,169.0,0.00016055
VIB/BTC,1608488435156,2020-12-20T18:20:35.156Z,sell,9.4e-07,45822.0,0.04307268
VIB/BTC,1608488435313,2020-12-20T18:20:35.313Z,sell,9.4e-07,6853.0,0.00644182
VIB/BTC,1608488435559,2020-12-20T18:20:35.559Z,buy,9.5e-07,195.0,0.00018525
VIB/BTC,1608488436572,2020-12-20T18:20:36.572Z,buy,9.5e-07,247.0,0.00023465
VIB/BTC,1608488436620,2020-12-20T18:20:36.620Z,buy,9.5e-07,2344.0,0.0022268
VIB/BTC,1608488437585,2020-12-20T18:20:37.585Z,buy,9.5e-07,203.0,0.00019285
VIB/BTC,1608488438603,2020-12-20T18:20:38.603Z,buy,9.5e-07,183.0,0.00017385
VIB/BTC,1608488439619,2020-12-20T18:20:39.619Z,buy,9.5e-07,253.0,0.00024035
VIB/BTC,1608488440632,2020-12-20T18:20:40.632Z,buy,9.5e-07,249.0,0.00023655
VIB/BTC,1608488441646,2020-12-20T18:20:41.646Z,buy,9.5e-07,182.0,0.0001729
VIB/BTC,1608488442659,2020-12-20T18:20:42.659Z,buy,9.5e-07,229.0,0.00021755
VIB/BTC,1608488443404,2020-12-20T18:20:43.404Z,buy,9.5e-07,1057.0,0.00100415
VIB/BTC,1608488443678,2020-12-20T18:20:43.678Z,buy,9.5e-07,246.0,0.0002337
VIB/BTC,1608488444694,2020-12-20T18:20:44.694Z,buy,9.5e-07,167.0,0.00015865
VIB/BTC,1608488445711,2020-12-20T18:20:45.711Z,buy,9.5e-07,279.0,0.00026505
VIB/BTC,1608488446723,2020-12-20T18:20:46.723Z,buy,9.5e-07,216.0,0.0002052
VIB/BTC,1608488447741,2020-12-20T18:20:47.741Z,buy,9.5e-07,241.0,0.00022895
VIB/BTC,1608488448753,2020-12-20T18:20:48.753Z,buy,9.5e-07,294.0,0.0002793
VIB/BTC,1608488449774,2020-12-20T18:20:49.774Z,buy,9.5e-07,261.0,0.00024795
VIB/BTC,1608488450795,2020-12-20T18:20:50.795Z,buy,9.5e-07,296.0,0.0002812
VIB/BTC,1608488451810,2020-12-20T18:20:51.810Z,buy,9.5e-07,163.0,0.00015485
VIB/BTC,1608488452828,2020-12-20T18:20:52.828Z,buy,9.5e-07,251.0,0.00023845
VIB/BTC,1608488453843,2020-12-20T18:20:53.843Z,buy,9.5e-07,292.0,0.0002774
VIB/BTC,1608488454858,2020-12-20T18:20:54.858Z,buy,9.5e-07,296.0,0.0002812
VIB/BTC,1608488455877,2020-12-20T18:20:55.877Z,buy,9.5e-07,279.0,0.00026505
VIB/BTC,1608488456847,2020-12-20T18:20:56.847Z,buy,9.5e-07,262.0,0.0002489
VIB/BTC,1608488456893,2020-12-20T18:20:56.893Z,buy,9.5e-07,198.0,0.0001881
VIB/BTC,1608488457012,2020-12-20T18:20:57.012Z,buy,9.5e-07,581.0,0.00055195
VIB/BTC,1608488457913,2020-12-20T18:20:57.913Z,buy,9.5e-07,181.0,0.00017195
VIB/BTC,1608488458930,2020-12-20T18:20:58.930Z,buy,9.5e-07,286.0,0.0002717
VIB/BTC,1608488459949,2020-12-20T18:20:59.949Z,buy,9.5e-07,257.0,0.00024415
VIB/BTC,1608488460965,2020-12-20T18:21:00.965Z,buy,9.5e-07,275.0,0.00026125
VIB/BTC,1608488461979,2020-12-20T18:21:01.979Z,buy,9.5e-07,236.0,0.0002242
VIB/BTC,1608488462999,2020-12-20T18:21:02.999Z,buy,9.5e-07,207.0,0.00019665
VIB/BTC,1608488464015,2020-12-20T18:21:04.015Z,buy,9.5e-07,289.0,0.00027455
VIB/BTC,1608488465030,2020-12-20T18:21:05.030Z,buy,9.5e-07,260.0,0.000247
VIB/BTC,1608488466045,2020-12-20T18:21:06.045Z,buy,9.5e-07,277.0,0.00026315
VIB/BTC,1608488467060,2020-12-20T18:21:07.060Z,buy,9.5e-07,286.0,0.0002717
VIB/BTC,1608488468084,2020-12-20T18:21:08.084Z,buy,9.5e-07,177.0,0.00016815
VIB/BTC,1608488469104,2020-12-20T18:21:09.104Z,buy,9.5e-07,264.0,0.0002508
VIB/BTC,1608488470121,2020-12-20T18:21:10.121Z,buy,9.5e-07,282.0,0.0002679
VIB/BTC,1608488471134,2020-12-20T18:21:11.134Z,buy,9.5e-07,188.0,0.0001786
VIB/BTC,1608488471536,2020-12-20T18:21:11.536Z,sell,9.4e-07,694.0,0.00065236
VIB/BTC,1608488472147,2020-12-20T18:21:12.147Z,buy,9.5e-07,162.0,0.0001539
VIB/BTC,1608488473165,2020-12-20T18:21:13.165Z,buy,9.5e-07,245.0,0.00023275
VIB/BTC,1608488474179,2020-12-20T18:21:14.179Z,buy,9.5e-07,266.0,0.0002527
VIB/BTC,1608488475193,2020-12-20T18:21:15.193Z,buy,9.5e-07,257.0,0.00024415
VIB/BTC,1608488476206,2020-12-20T18:21:16.206Z,buy,9.5e-07,164.0,0.0001558
VIB/BTC,1608488477219,2020-12-20T18:21:17.219Z,buy,9.5e-07,260.0,0.000247
VIB/BTC,1608488478232,2020-12-20T18:21:18.232Z,buy,9.5e-07,175.0,0.00016625
VIB/BTC,1608488479245,2020-12-20T18:21:19.245Z,buy,9.5e-07,209.0,0.00019855
VIB/BTC,1608488480262,2020-12-20T18:21:20.262Z,buy,9.5e-07,192.0,0.0001824
VIB/BTC,1608488481276,2020-12-20T18:21:21.276Z,buy,9.5e-07,256.0,0.0002432
VIB/BTC,1608488482293,2020-12-20T18:21:22.293Z,buy,9.5e-07,188.0,0.0001786
VIB/BTC,1608488483310,2020-12-20T18:21:23.310Z,buy,9.5e-07,255.0,0.00024225
VIB/BTC,1608488484328,2020-12-20T18:21:24.328Z,buy,9.5e-07,194.0,0.0001843
VIB/BTC,1608488485342,2020-12-20T18:21:25.342Z,buy,9.5e-07,199.0,0.00018905
VIB/BTC,1608488486355,2020-12-20T18:21:26.355Z,buy,9.5e-07,230.0,0.0002185
VIB/BTC,1608488486355,2020-12-20T18:21:26.355Z,buy,9.5e-07,230.0,0.0002185
VIB/BTC,1608488487372,2020-12-20T18:21:27.372Z,buy,9.5e-07,261.0,0.00024795
VIB/BTC,1608488488390,2020-12-20T18:21:28.390Z,buy,9.5e-07,169.0,0.00016055
VIB/BTC,1608488488563,2020-12-20T18:21:28.563Z,sell,9.4e-07,6036.0,0.00567384
VIB/BTC,1608488489408,2020-12-20T18:21:29.408Z,buy,9.5e-07,181.0,0.00017195
VIB/BTC,1608488490426,2020-12-20T18:21:30.426Z,buy,9.5e-07,259.0,0.00024605
VIB/BTC,1608488491438,2020-12-20T18:21:31.438Z,buy,9.5e-07,229.0,0.00021755
VIB/BTC,1608488492451,2020-12-20T18:21:32.451Z,buy,9.5e-07,273.0,0.00025935
VIB/BTC,1608488493464,2020-12-20T18:21:33.464Z,buy,9.5e-07,219.0,0.00020805
VIB/BTC,1608488494478,2020-12-20T18:21:34.478Z,buy,9.5e-07,205.0,0.00019475
VIB/BTC,1608488495495,2020-12-20T18:21:35.495Z,buy,9.5e-07,166.0,0.0001577
VIB/BTC,1608488496513,2020-12-20T18:21:36.513Z,buy,9.5e-07,276.0,0.0002622
VIB/BTC,1608488497531,2020-12-20T18:21:37.531Z,buy,9.5e-07,150.0,0.0001425
VIB/BTC,1608488498545,2020-12-20T18:21:38.545Z,buy,9.5e-07,152.0,0.0001444
VIB/BTC,1608488499558,2020-12-20T18:21:39.558Z,buy,9.5e-07,227.0,0.00021565
VIB/BTC,1608488500570,2020-12-20T18:21:40.570Z,buy,9.5e-07,228.0,0.0002166
VIB/BTC,1608488501584,2020-12-20T18:21:41.584Z,buy,9.5e-07,289.0,0.00027455
VIB/BTC,1608488502600,2020-12-20T18:21:42.600Z,buy,9.5e-07,211.0,0.00020045
VIB/BTC,1608488503613,2020-12-20T18:21:43.613Z,buy,9.5e-07,210.0,0.0001995
VIB/BTC,1608488504631,2020-12-20T18:21:44.631Z,buy,9.5e-07,218.0,0.0002071
VIB/BTC,1608488504742,2020-12-20T18:21:44.742Z,sell,9.4e-07,1893.0,0.00177942
VIB/BTC,1608488505644,2020-12-20T18:21:45.644Z,buy,9.5e-07,214.0,0.0002033
VIB/BTC,1608488506657,2020-12-20T18:21:46.657Z,buy,9.5e-07,207.0,0.00019665
VIB/BTC,1608488507670,2020-12-20T18:21:47.670Z,buy,9.5e-07,159.0,0.00015105
VIB/BTC,1608488508410,2020-12-20T18:21:48.410Z,buy,9.5e-07,2344.0,0.0022268
VIB/BTC,1608488508688,2020-12-20T18:21:48.688Z,buy,9.5e-07,243.0,0.00023085
VIB/BTC,1608488509706,2020-12-20T18:21:49.706Z,buy,9.5e-07,294.0,0.0002793
VIB/BTC,1608488510723,2020-12-20T18:21:50.723Z,buy,9.5e-07,240.0,0.000228
VIB/BTC,1608488511741,2020-12-20T18:21:51.741Z,buy,9.5e-07,278.0,0.0002641
VIB/BTC,1608488512758,2020-12-20T18:21:52.758Z,buy,9.5e-07,282.0,0.0002679
VIB/BTC,1608488513781,2020-12-20T18:21:53.781Z,buy,9.5e-07,231.0,0.00021945
VIB/BTC,1608488514799,2020-12-20T18:21:54.799Z,buy,9.5e-07,203.0,0.00019285
VIB/BTC,1608488515816,2020-12-20T18:21:55.816Z,buy,9.5e-07,195.0,0.00018525
VIB/BTC,1608488516833,2020-12-20T18:21:56.833Z,buy,9.5e-07,258.0,0.0002451
VIB/BTC,1608488517845,2020-12-20T18:21:57.845Z,buy,9.5e-07,196.0,0.0001862
VIB/BTC,1608488517965,2020-12-20T18:21:57.965Z,sell,9.4e-07,2255.0,0.0021197
VIB/BTC,1608488518866,2020-12-20T18:21:58.866Z,buy,9.5e-07,239.0,0.00022705
VIB/BTC,1608488519880,2020-12-20T18:21:59.880Z,buy,9.5e-07,271.0,0.00025745
VIB/BTC,1608488520165,2020-12-20T18:22:00.165Z,buy,9.5e-07,544.0,0.0005168
VIB/BTC,1608488520897,2020-12-20T18:22:00.897Z,buy,9.5e-07,199.0,0.00018905
VIB/BTC,1608488521910,2020-12-20T18:22:01.910Z,buy,9.5e-07,289.0,0.00027455
VIB/BTC,1608488522927,2020-12-20T18:22:02.927Z,buy,9.5e-07,274.0,0.0002603
VIB/BTC,1608488523946,2020-12-20T18:22:03.946Z,buy,9.5e-07,225.0,0.00021375
VIB/BTC,1608488524964,2020-12-20T18:22:04.964Z,buy,9.5e-07,255.0,0.00024225
VIB/BTC,1608488525981,2020-12-20T18:22:05.981Z,buy,9.5e-07,264.0,0.0002508
VIB/BTC,1608488526994,2020-12-20T18:22:06.994Z,buy,9.5e-07,162.0,0.0001539
VIB/BTC,1608488528012,2020-12-20T18:22:08.012Z,buy,9.5e-07,174.0,0.0001653
VIB/BTC,1608488529024,2020-12-20T18:22:09.024Z,buy,9.5e-07,202.0,0.0001919
VIB/BTC,1608488530037,2020-12-20T18:22:10.037Z,buy,9.5e-07,299.0,0.00028405
VIB/BTC,1608488531054,2020-12-20T18:22:11.054Z,buy,9.5e-07,208.0,0.0001976
VIB/BTC,1608488532071,2020-12-20T18:22:12.071Z,buy,9.5e-07,239.0,0.00022705
VIB/BTC,1608488532595,2020-12-20T18:22:12.595Z,sell,9.4e-07,113998.0,0.10715812
VIB/BTC,1608488533090,2020-12-20T18:22:13.090Z,buy,9.5e-07,272.0,0.0002584
VIB/BTC,1608488534107,2020-12-20T18:22:14.107Z,buy,9.5e-07,217.0,0.00020615
VIB/BTC,1608488535120,2020-12-20T18:22:15.120Z,buy,9.5e-07,251.0,0.00023845
VIB/BTC,1608488536137,2020-12-20T18:22:16.137Z,buy,9.5e-07,168.0,0.0001596
VIB/BTC,1608488537150,2020-12-20T18:22:17.150Z,buy,9.5e-07,262.0,0.0002489
VIB/BTC,1608488538163,2020-12-20T18:22:18.163Z,buy,9.5e-07,238.0,0.0002261
VIB/BTC,1608488539180,2020-12-20T18:22:19.180Z,buy,9.5e-07,284.0,0.0002698
VIB/BTC,1608488539612,2020-12-20T18:22:19.612Z,sell,9.3e-07,26892.0,0.02500956
VIB/BTC,1608488539612,2020-12-20T18:22:19.612Z,sell,9.3e-07,29372.0,0.02731596
VIB/BTC,1608488539917,2020-12-20T18:22:19.917Z,sell,9.4e-07,1059.0,0.00099546
VIB/BTC,1608488540000,2020-12-20T18:22:20.000Z,sell,9.4e-07,255.0,0.0002397
VIB/BTC,1608488540120,2020-12-20T18:22:20.120Z,sell,9.4e-07,15035.0,0.0141329
VIB/BTC,1608488540197,2020-12-20T18:22:20.197Z,buy,9.5e-07,199.0,0.00018905
VIB/BTC,1608488541215,2020-12-20T18:22:21.215Z,buy,9.5e-07,152.0,0.0001444
VIB/BTC,1608488542232,2020-12-20T18:22:22.232Z,buy,9.5e-07,186.0,0.0001767
VIB/BTC,1608488543244,2020-12-20T18:22:23.244Z,buy,9.5e-07,178.0,0.0001691
VIB/BTC,1608488544256,2020-12-20T18:22:24.256Z,buy,9.5e-07,163.0,0.00015485
VIB/BTC,1608488544475,2020-12-20T18:22:24.475Z,buy,9.4e-07,4101.0,0.00385494
VIB/BTC,1608488544508,2020-12-20T18:22:24.508Z,buy,9.4e-07,1923.0,0.00180762
VIB/BTC,1608488544543,2020-12-20T18:22:24.543Z,buy,9.4e-07,1104.0,0.00103776
VIB/BTC,1608488545276,2020-12-20T18:22:25.276Z,buy,9.4e-07,194.0,0.00018236
VIB/BTC,1608488545285,2020-12-20T18:22:25.285Z,buy,9.4e-07,2434.0,0.00228796
VIB/BTC,1608488546294,2020-12-20T18:22:26.294Z,buy,9.4e-07,199.0,0.00018706
VIB/BTC,1608488547312,2020-12-20T18:22:27.312Z,buy,9.4e-07,297.0,0.00027918
VIB/BTC,1608488547532,2020-12-20T18:22:27.532Z,sell,9.3e-07,198347.0,0.18446271
VIB/BTC,1608488547543,2020-12-20T18:22:27.543Z,buy,9.3e-07,38067.0,0.03540231
VIB/BTC,1608488547545,2020-12-20T18:22:27.545Z,buy,9.3e-07,3028.0,0.00281604
VIB/BTC,1608488548040,2020-12-20T18:22:28.040Z,buy,9.4e-07,146.0,0.00013724
VIB/BTC,1608488548325,2020-12-20T18:22:28.325Z,buy,9.4e-07,257.0,0.00024158
VIB/BTC,1608488548860,2020-12-20T18:22:28.860Z,buy,9.4e-07,28393.0,0.02668942
VIB/BTC,1608488549345,2020-12-20T18:22:29.345Z,buy,9.4e-07,206.0,0.00019364
VIB/BTC,1608488550357,2020-12-20T18:22:30.357Z,buy,9.4e-07,227.0,0.00021338
VIB/BTC,1608488551369,2020-12-20T18:22:31.369Z,buy,9.4e-07,157.0,0.00014758
VIB/BTC,1608488552383,2020-12-20T18:22:32.383Z,buy,9.4e-07,202.0,0.00018988
VIB/BTC,1608488553402,2020-12-20T18:22:33.402Z,buy,9.4e-07,272.0,0.00025568
VIB/BTC,1608488554419,2020-12-20T18:22:34.419Z,buy,9.4e-07,207.0,0.00019458
VIB/BTC,1608488554776,2020-12-20T18:22:34.776Z,sell,9.2e-07,9423.0,0.00866916
VIB/BTC,1608488555436,2020-12-20T18:22:35.436Z,buy,9.4e-07,236.0,0.00022184
VIB/BTC,1608488556466,2020-12-20T18:22:36.466Z,buy,9.4e-07,276.0,0.00025944
VIB/BTC,1608488556633,2020-12-20T18:22:36.633Z,sell,9.2e-07,27818.0,0.02559256
VIB/BTC,1608488557483,2020-12-20T18:22:37.483Z,buy,9.4e-07,196.0,0.00018424
VIB/BTC,1608488558496,2020-12-20T18:22:38.496Z,buy,9.4e-07,276.0,0.00025944
VIB/BTC,1608488559509,2020-12-20T18:22:39.509Z,buy,9.4e-07,251.0,0.00023594
VIB/BTC,1608488559616,2020-12-20T18:22:39.616Z,buy,9.4e-07,14687.0,0.01380578
VIB/BTC,1608488560047,2020-12-20T18:22:40.047Z,buy,9.3e-07,1347.0,0.00125271
VIB/BTC,1608488560182,2020-12-20T18:22:40.182Z,sell,9.2e-07,16904.0,0.01555168
VIB/BTC,1608488560479,2020-12-20T18:22:40.479Z,buy,9.3e-07,1182.0,0.00109926
VIB/BTC,1608488560526,2020-12-20T18:22:40.526Z,buy,9.3e-07,198.0,0.00018414
VIB/BTC,1608488560575,2020-12-20T18:22:40.575Z,buy,9.3e-07,6874.0,0.00639282
VIB/BTC,1608488561003,2020-12-20T18:22:41.003Z,sell,9.2e-07,1753.0,0.00161276
VIB/BTC,1608488561544,2020-12-20T18:22:41.544Z,buy,9.3e-07,251.0,0.00023343
VIB/BTC,1608488562557,2020-12-20T18:22:42.557Z,buy,9.3e-07,298.0,0.00027714
VIB/BTC,1608488562774,2020-12-20T18:22:42.774Z,buy,9.3e-07,2757.0,0.00256401
VIB/BTC,1608488563575,2020-12-20T18:22:43.575Z,buy,9.3e-07,173.0,0.0001608899999999
VIB/BTC,1608488564588,2020-12-20T18:22:44.588Z,buy,9.3e-07,180.0,0.0001674
VIB/BTC,1608488565293,2020-12-20T18:22:45.293Z,buy,9.3e-07,1060.0,0.0009858
VIB/BTC,1608488565502,2020-12-20T18:22:45.502Z,buy,9.3e-07,3086.0,0.00286998
VIB/BTC,1608488565605,2020-12-20T18:22:45.605Z,buy,9.3e-07,289.0,0.00026877
VIB/BTC,1608488565616,2020-12-20T18:22:45.616Z,buy,9.3e-07,3754.0,0.00349122
VIB/BTC,1608488566480,2020-12-20T18:22:46.480Z,buy,9.3e-07,310.0,0.0002883
VIB/BTC,1608488566618,2020-12-20T18:22:46.618Z,buy,9.3e-07,216.0,0.00020088
VIB/BTC,1608488567634,2020-12-20T18:22:47.634Z,buy,9.3e-07,251.0,0.00023343
VIB/BTC,1608488568647,2020-12-20T18:22:48.647Z,buy,9.3e-07,159.0,0.00014787
VIB/BTC,1608488569540,2020-12-20T18:22:49.540Z,sell,9.2e-07,2602.0,0.00239384
VIB/BTC,1608488569659,2020-12-20T18:22:49.659Z,buy,9.3e-07,254.0,0.0002362199999999
VIB/BTC,1608488570676,2020-12-20T18:22:50.676Z,buy,9.3e-07,240.0,0.0002232
VIB/BTC,1608488575973,2020-12-20T18:22:55.973Z,sell,9.2e-07,178728.0,0.16442976
VIB/BTC,1608488577162,2020-12-20T18:22:57.162Z,sell,9.2e-07,1542.0,0.0014186399999999
VIB/BTC,1608488578653,2020-12-20T18:22:58.653Z,sell,9.2e-07,5676.0,0.00522192
VIB/BTC,1608488580942,2020-12-20T18:23:00.942Z,sell,9.2e-07,3744.0,0.0034444799999999
VIB/BTC,1608488581210,2020-12-20T18:23:01.210Z,buy,9.3e-07,108.0,0.00010044
VIB/BTC,1608488593233,2020-12-20T18:23:13.233Z,sell,9.2e-07,10965.0,0.0100878
VIB/BTC,1608488597986,2020-12-20T18:23:17.986Z,sell,9.2e-07,75418.0,0.06938456
VIB/BTC,1608488597986,2020-12-20T18:23:17.986Z,sell,9.1e-07,42716.0,0.03887156
VIB/BTC,1608488598276,2020-12-20T18:23:18.276Z,buy,9.2e-07,1083.0,0.00099636
VIB/BTC,1608488598284,2020-12-20T18:23:18.284Z,buy,9.2e-07,10015.0,0.0092138
VIB/BTC,1608488598404,2020-12-20T18:23:18.404Z,buy,9.2e-07,269.0,0.00024748
VIB/BTC,1608488599663,2020-12-20T18:23:19.663Z,buy,9.2e-07,2108.0,0.00193936
VIB/BTC,1608488599691,2020-12-20T18:23:19.691Z,buy,9.2e-07,624.0,0.00057408
VIB/BTC,1608488599700,2020-12-20T18:23:19.700Z,buy,9.2e-07,624.0,0.00057408
VIB/BTC,1608488599748,2020-12-20T18:23:19.748Z,buy,9.2e-07,1090.0,0.0010027999999999
VIB/BTC,1608488601773,2020-12-20T18:23:21.773Z,sell,9.1e-07,4872.0,0.00443352
VIB/BTC,1608488608155,2020-12-20T18:23:28.155Z,sell,9.1e-07,2338.0,0.00212758
VIB/BTC,1608488610297,2020-12-20T18:23:30.297Z,buy,9.2e-07,1696.0,0.00156032
VIB/BTC,1608488610687,2020-12-20T18:23:30.687Z,buy,9.2e-07,123.0,0.00011316
VIB/BTC,1608488611471,2020-12-20T18:23:31.471Z,sell,9.1e-07,57080.0,0.0519428
VIB/BTC,1608488611471,2020-12-20T18:23:31.471Z,sell,9e-07,65524.0,0.0589716
VIB/BTC,1608488611518,2020-12-20T18:23:31.518Z,sell,9e-07,7509.0,0.0067580999999999
VIB/BTC,1608488611538,2020-12-20T18:23:31.538Z,sell,9e-07,855.0,0.0007695
VIB/BTC,1608488611539,2020-12-20T18:23:31.539Z,buy,9.2e-07,30261.0,0.02784012
VIB/BTC,1608488612291,2020-12-20T18:23:32.291Z,buy,9.1e-07,17708.0,0.0161142799999999
VIB/BTC,1608488612332,2020-12-20T18:23:32.332Z,sell,9.1e-07,255.0,0.00023205
VIB/BTC,1608488618977,2020-12-20T18:23:38.977Z,sell,9.1e-07,317.0,0.00028847
VIB/BTC,1608488625786,2020-12-20T18:23:45.786Z,sell,9.1e-07,32258.0,0.02935478
VIB/BTC,1608488628095,2020-12-20T18:23:48.095Z,buy,9.1e-07,835.0,0.00075985
VIB/BTC,1608488630471,2020-12-20T18:23:50.471Z,buy,9.1e-07,1208.0,0.00109928
VIB/BTC,1608488631969,2020-12-20T18:23:51.969Z,buy,9.1e-07,3542.0,0.0032232199999999
VIB/BTC,1608488632659,2020-12-20T18:23:52.659Z,buy,9.1e-07,1428.0,0.00129948
VIB/BTC,1608488637113,2020-12-20T18:23:57.113Z,sell,9e-07,18804.0,0.0169236
VIB/BTC,1608488637127,2020-12-20T18:23:57.127Z,buy,9e-07,334.0,0.0003006
VIB/BTC,1608488638797,2020-12-20T18:23:58.797Z,sell,8.9e-07,961.0,0.00085529
VIB/BTC,1608488638797,2020-12-20T18:23:58.797Z,sell,8.9e-07,711.0,0.0006327899999999
VIB/BTC,1608488638851,2020-12-20T18:23:58.851Z,buy,9e-07,10000.0,0.009
VIB/BTC,1608488640393,2020-12-20T18:24:00.393Z,sell,8.9e-07,57982.0,0.0516039799999999
VIB/BTC,1608488640415,2020-12-20T18:24:00.415Z,buy,9e-07,8891.0,0.0080019
VIB/BTC,1608488640485,2020-12-20T18:24:00.485Z,sell,8.9e-07,51883.0,0.04617587
VIB/BTC,1608488641350,2020-12-20T18:24:01.350Z,buy,9e-07,21166.0,0.0190493999999999
VIB/BTC,1608488653949,2020-12-20T18:24:13.949Z,buy,9e-07,2707.0,0.0024362999999999
VIB/BTC,1608488658915,2020-12-20T18:24:18.915Z,sell,8.9e-07,42998.0,0.03826822
VIB/BTC,1608488658915,2020-12-20T18:24:18.915Z,buy,9e-07,20000.0,0.018
VIB/BTC,1608488660918,2020-12-20T18:24:20.918Z,buy,9e-07,11375.0,0.0102375
VIB/BTC,1608488662906,2020-12-20T18:24:22.906Z,buy,9e-07,53010.0,0.0477089999999999
VIB/BTC,1608488666056,2020-12-20T18:24:26.056Z,sell,9e-07,10272.0,0.0092448
VIB/BTC,1608488668581,2020-12-20T18:24:28.581Z,sell,9e-07,3424.0,0.0030816
VIB/BTC,1608488674086,2020-12-20T18:24:34.086Z,buy,9.1e-07,20934.0,0.0190499399999999
VIB/BTC,1608488675979,2020-12-20T18:24:35.979Z,buy,9.1e-07,3751.0,0.00341341
VIB/BTC,1608488679685,2020-12-20T18:24:39.685Z,buy,9.1e-07,46480.0,0.0422967999999999
VIB/BTC,1608488681549,2020-12-20T18:24:41.549Z,buy,9.1e-07,18300.0,0.016653
VIB/BTC,1608488682381,2020-12-20T18:24:42.381Z,sell,9e-07,9742.0,0.0087678
VIB/BTC,1608488683056,2020-12-20T18:24:43.056Z,buy,9.1e-07,1641.0,0.0014933099999999
VIB/BTC,1608488708157,2020-12-20T18:25:08.157Z,buy,9.1e-07,2977.0,0.00270907
VIB/BTC,1608488708460,2020-12-20T18:25:08.460Z,buy,9.1e-07,71839.0,0.0653734899999999
VIB/BTC,1608488708460,2020-12-20T18:25:08.460Z,buy,9.2e-07,107776.0,0.0991539199999999
VIB/BTC,1608488708460,2020-12-20T18:25:08.460Z,buy,9.3e-07,138460.0,0.1287678
VIB/BTC,1608488708468,2020-12-20T18:25:08.468Z,sell,9.3e-07,28960.0,0.0269328
VIB/BTC,1608488708469,2020-12-20T18:25:08.469Z,sell,9.3e-07,19404.0,0.01804572
VIB/BTC,1608488708475,2020-12-20T18:25:08.475Z,sell,9.3e-07,2439.0,0.00226827
VIB/BTC,1608488708478,2020-12-20T18:25:08.478Z,buy,9.4e-07,17574.0,0.01651956
VIB/BTC,1608488708517,2020-12-20T18:25:08.517Z,buy,9.3e-07,17852.0,0.01660236
VIB/BTC,1608488708633,2020-12-20T18:25:08.633Z,buy,9.2e-07,4680.0,0.0043056
VIB/BTC,1608488709116,2020-12-20T18:25:09.116Z,buy,9.2e-07,10041.0,0.00923772
VIB/BTC,1608488709354,2020-12-20T18:25:09.354Z,buy,9.2e-07,252.0,0.00023184
VIB/BTC,1608488709504,2020-12-20T18:25:09.504Z,buy,9.2e-07,15037.0,0.0138340399999999
VIB/BTC,1608488709603,2020-12-20T18:25:09.603Z,buy,9.2e-07,1061.0,0.00097612
VIB/BTC,1608488709875,2020-12-20T18:25:09.875Z,buy,9.2e-07,257.0,0.00023644
VIB/BTC,1608488710234,2020-12-20T18:25:10.234Z,buy,9.2e-07,1061.0,0.00097612
VIB/BTC,1608488711577,2020-12-20T18:25:11.577Z,sell,9.1e-07,159.0,0.00014469
VIB/BTC,1608488719931,2020-12-20T18:25:19.931Z,buy,9.2e-07,46083.0,0.04239636
VIB/BTC,1608488720525,2020-12-20T18:25:20.525Z,buy,9.3e-07,38.0,3.534e-05
VIB/BTC,1608488721899,2020-12-20T18:25:21.899Z,buy,9.3e-07,323.0,0.00030039
VIB/BTC,1608488729218,2020-12-20T18:25:29.218Z,buy,9.3e-07,1205.0,0.00112065
VIB/BTC,1608488733667,2020-12-20T18:25:33.667Z,buy,9.3e-07,2939.0,0.00273327
VIB/BTC,1608488735282,2020-12-20T18:25:35.282Z,buy,9.3e-07,2646.0,0.00246078
VIB/BTC,1608488742104,2020-12-20T18:25:42.104Z,buy,9.3e-07,217.0,0.00020181
VIB/BTC,1608488756898,2020-12-20T18:25:56.898Z,buy,9.3e-07,166.0,0.00015438
VIB/BTC,1608488761746,2020-12-20T18:26:01.746Z,buy,9.3e-07,12809.0,0.01191237
VIB/BTC,1608488764386,2020-12-20T18:26:04.386Z,buy,9.4e-07,1182.0,0.00111108
VIB/BTC,1608488769201,2020-12-20T18:26:09.201Z,buy,9.4e-07,651.0,0.00061194
VIB/BTC,1608488778858,2020-12-20T18:26:18.858Z,sell,9.3e-07,768.0,0.00071424
VIB/BTC,1608488783187,2020-12-20T18:26:23.187Z,sell,9.3e-07,1819.0,0.00169167
VIB/BTC,1608488831216,2020-12-20T18:27:11.216Z,sell,9.3e-07,2843.0,0.00264399
VIB/BTC,1608488854350,2020-12-20T18:27:34.350Z,sell,9.3e-07,19022.0,0.0176904599999999
VIB/BTC,1608488856346,2020-12-20T18:27:36.346Z,sell,9.3e-07,5483.0,0.00509919
VIB/BTC,1608488866761,2020-12-20T18:27:46.761Z,sell,9.3e-07,205896.0,0.19148328
VIB/BTC,1608488869255,2020-12-20T18:27:49.255Z,sell,9.2e-07,32217.0,0.02963964
VIB/BTC,1608488869255,2020-12-20T18:27:49.255Z,sell,9.1e-07,7873.0,0.0071644299999999
VIB/BTC,1608488869860,2020-12-20T18:27:49.860Z,buy,9.3e-07,215.0,0.00019995
VIB/BTC,1608488902916,2020-12-20T18:28:22.916Z,buy,9.2e-07,1556.0,0.00143152
VIB/BTC,1608488904119,2020-12-20T18:28:24.119Z,buy,9.3e-07,33.0,3.069e-05
VIB/BTC,1608488925001,2020-12-20T18:28:45.001Z,sell,9.2e-07,5484.0,0.00504528
VIB/BTC,1608488960828,2020-12-20T18:29:20.828Z,buy,9.3e-07,1885.0,0.00175305
VIB/BTC,1608488969153,2020-12-20T18:29:29.153Z,sell,9.2e-07,538.0,0.00049496
VIB/BTC,1608488972411,2020-12-20T18:29:32.411Z,sell,9.2e-07,3537.0,0.00325404
VIB/BTC,1608488997646,2020-12-20T18:29:57.646Z,sell,9.2e-07,130.0,0.0001196
VIB/BTC,1608489027007,2020-12-20T18:30:27.007Z,sell,9.2e-07,9248.0,0.0085081599999999
VIB/BTC,1608489035683,2020-12-20T18:30:35.683Z,sell,9.2e-07,651.0,0.00059892
VIB/BTC,1608489041955,2020-12-20T18:30:41.955Z,sell,9.2e-07,11655.0,0.0107226
VIB/BTC,1608489045925,2020-12-20T18:30:45.925Z,sell,9.2e-07,554.0,0.00050968
VIB/BTC,1608489058032,2020-12-20T18:30:58.032Z,sell,9.2e-07,11370.0,0.0104604
VIB/BTC,1608489063868,2020-12-20T18:31:03.868Z,sell,9.2e-07,4240.0,0.0039008
VIB/BTC,1608489076307,2020-12-20T18:31:16.307Z,sell,9.2e-07,23948.0,0.02203216
VIB/BTC,1608489079150,2020-12-20T18:31:19.150Z,sell,9.2e-07,132950.0,0.1223139999999999
VIB/BTC,1608489100302,2020-12-20T18:31:40.302Z,sell,9.2e-07,419.0,0.00038548
VIB/BTC,1608489104968,2020-12-20T18:31:44.968Z,sell,9.2e-07,2894.0,0.00266248
VIB/BTC,1608489124579,2020-12-20T18:32:04.579Z,sell,9.2e-07,47729.0,0.04391068
VIB/BTC,1608489185348,2020-12-20T18:33:05.348Z,sell,9.2e-07,1029.0,0.00094668
VIB/BTC,1608489199342,2020-12-20T18:33:19.342Z,sell,9.2e-07,908.0,0.0008353599999999
VIB/BTC,1608489226050,2020-12-20T18:33:46.050Z,sell,9.2e-07,1665.0,0.0015318
VIB/BTC,1608489261426,2020-12-20T18:34:21.426Z,buy,9.3e-07,450.0,0.0004185
VIB/BTC,1608489299260,2020-12-20T18:34:59.260Z,sell,9.2e-07,200.0,0.000184
VIB/BTC,1608489366091,2020-12-20T18:36:06.091Z,sell,9.2e-07,4247.0,0.00390724
VIB/BTC,1608489381893,2020-12-20T18:36:21.893Z,buy,9.3e-07,136705.0,0.12713565
VIB/BTC,1608489402903,2020-12-20T18:36:42.903Z,sell,9.2e-07,10579.0,0.00973268
VIB/BTC,1608489420521,2020-12-20T18:37:00.521Z,buy,9.3e-07,3181.0,0.00295833
VIB/BTC,1608489428373,2020-12-20T18:37:08.373Z,sell,9.3e-07,675.0,0.0006277499999999
VIB/BTC,1608489440572,2020-12-20T18:37:20.572Z,sell,9.3e-07,1008.0,0.00093744
VIB/BTC,1608489477377,2020-12-20T18:37:57.377Z,sell,9.3e-07,1022.0,0.00095046
VIB/BTC,1608489482756,2020-12-20T18:38:02.756Z,buy,9.4e-07,53651.0,0.05043194
VIB/BTC,1608489482775,2020-12-20T18:38:02.775Z,sell,9.4e-07,1908.0,0.00179352
VIB/BTC,1608489517979,2020-12-20T18:38:37.979Z,buy,9.5e-07,33.0,3.135e-05
VIB/BTC,1608489519517,2020-12-20T18:38:39.517Z,buy,9.5e-07,73099.0,0.06944405
VIB/BTC,1608489535252,2020-12-20T18:38:55.252Z,sell,9.4e-07,1000.0,0.00094
VIB/BTC,1608489606827,2020-12-20T18:40:06.827Z,sell,9.4e-07,215.0,0.0002021
VIB/BTC,1608489699585,2020-12-20T18:41:39.585Z,sell,9.4e-07,2936.0,0.00275984
VIB/BTC,1608489820855,2020-12-20T18:43:40.855Z,sell,9.4e-07,30456.0,0.02862864
VIB/BTC,1608489821002,2020-12-20T18:43:41.002Z,sell,9.4e-07,120.0,0.0001128
VIB/BTC,1608489835427,2020-12-20T18:43:55.427Z,sell,9.4e-07,37200.0,0.034968
VIB/BTC,1608489840779,2020-12-20T18:44:00.779Z,sell,9.4e-07,63557.0,0.05974358
VIB/BTC,1608489842235,2020-12-20T18:44:02.235Z,buy,9.4e-07,212.0,0.00019928
VIB/BTC,1608489889914,2020-12-20T18:44:49.914Z,sell,9.3e-07,1000.0,0.0009299999999999
VIB/BTC,1608489926914,2020-12-20T18:45:26.914Z,sell,9.3e-07,81441.0,0.07574013
VIB/BTC,1608489935517,2020-12-20T18:45:35.517Z,sell,9.3e-07,24935.0,0.02318955
VIB/BTC,1608489940280,2020-12-20T18:45:40.280Z,sell,9.3e-07,2100.0,0.0019529999999999
VIB/BTC,1608489977767,2020-12-20T18:46:17.767Z,sell,9.3e-07,24756.0,0.02302308
VIB/BTC,1608490008131,2020-12-20T18:46:48.131Z,buy,9.3e-07,125.0,0.0001162499999999
VIB/BTC,1608490015976,2020-12-20T18:46:55.976Z,sell,9.2e-07,8722.0,0.00802424
VIB/BTC,1608490032387,2020-12-20T18:47:12.387Z,sell,9.2e-07,1500.0,0.00138
VIB/BTC,1608490075430,2020-12-20T18:47:55.430Z,sell,9.2e-07,3657.0,0.00336444
VIB/BTC,1608490103704,2020-12-20T18:48:23.704Z,buy,9.3e-07,2456.0,0.00228408
VIB/BTC,1608490103707,2020-12-20T18:48:23.707Z,buy,9.3e-07,2464.0,0.00229152
VIB/BTC,1608490122778,2020-12-20T18:48:42.778Z,sell,9.2e-07,3366.0,0.00309672
VIB/BTC,1608490169006,2020-12-20T18:49:29.006Z,buy,9.3e-07,200.0,0.000186
VIB/BTC,1608490215144,2020-12-20T18:50:15.144Z,sell,9.2e-07,6391.0,0.00587972
VIB/BTC,1608490227339,2020-12-20T18:50:27.339Z,buy,9.3e-07,153.0,0.00014229
VIB/BTC,1608490245419,2020-12-20T18:50:45.419Z,sell,9.2e-07,728.0,0.00066976
VIB/BTC,1608490262596,2020-12-20T18:51:02.596Z,sell,9.2e-07,31693.0,0.02915756
VIB/BTC,1608490269549,2020-12-20T18:51:09.549Z,sell,9.2e-07,4261.0,0.00392012
VIB/BTC,1608490330261,2020-12-20T18:52:10.261Z,sell,9.2e-07,6392.0,0.0058806399999999
VIB/BTC,1608490410049,2020-12-20T18:53:30.049Z,sell,9.2e-07,51777.0,0.04763484
VIB/BTC,1608490410049,2020-12-20T18:53:30.049Z,sell,9.1e-07,165463.0,0.15057133
VIB/BTC,1608490410049,2020-12-20T18:53:30.049Z,sell,9e-07,16167.0,0.0145502999999999
VIB/BTC,1608490410674,2020-12-20T18:53:30.674Z,buy,9.1e-07,1060.0,0.0009645999999999
VIB/BTC,1608490410925,2020-12-20T18:53:30.925Z,buy,9.1e-07,6577.0,0.0059850699999999
VIB/BTC,1608490411471,2020-12-20T18:53:31.471Z,buy,9.1e-07,2233.0,0.0020320299999999
VIB/BTC,1608490419245,2020-12-20T18:53:39.245Z,buy,9.1e-07,1498.0,0.0013631799999999
VIB/BTC,1608490423152,2020-12-20T18:53:43.152Z,sell,9.1e-07,341.0,0.00031031
VIB/BTC,1608490427806,2020-12-20T18:53:47.806Z,sell,9.1e-07,259.0,0.00023569
VIB/BTC,1608490449638,2020-12-20T18:54:09.638Z,sell,9.1e-07,66649.0,0.06065059
VIB/BTC,1608490449638,2020-12-20T18:54:09.638Z,sell,9e-07,140998.0,0.1268982
VIB/BTC,1608490457959,2020-12-20T18:54:17.959Z,sell,9e-07,386.0,0.0003474
VIB/BTC,1608490509986,2020-12-20T18:55:09.986Z,sell,9e-07,542.0,0.0004878
VIB/BTC,1608490537726,2020-12-20T18:55:37.726Z,sell,9e-07,35138.0,0.0316242
VIB/BTC,1608490537726,2020-12-20T18:55:37.726Z,sell,8.9e-07,79959.0,0.07116351
VIB/BTC,1608490537726,2020-12-20T18:55:37.726Z,sell,8.8e-07,4960.0,0.0043648
VIB/BTC,1608490538655,2020-12-20T18:55:38.655Z,buy,8.9e-07,1073.0,0.00095497
VIB/BTC,1608490563842,2020-12-20T18:56:03.842Z,sell,8.8e-07,7434.0,0.00654192
VIB/BTC,1608490564357,2020-12-20T18:56:04.357Z,sell,8.8e-07,3523.0,0.00310024
VIB/BTC,1608490565010,2020-12-20T18:56:05.010Z,buy,8.9e-07,6523.0,0.00580547
VIB/BTC,1608490565401,2020-12-20T18:56:05.401Z,buy,8.9e-07,3317.0,0.00295213
VIB/BTC,1608490566245,2020-12-20T18:56:06.245Z,buy,8.9e-07,261.0,0.00023229
VIB/BTC,1608490577941,2020-12-20T18:56:17.941Z,sell,8.8e-07,2925.0,0.002574
VIB/BTC,1608490592033,2020-12-20T18:56:32.033Z,buy,8.9e-07,1111.0,0.00098879
VIB/BTC,1608490592408,2020-12-20T18:56:32.408Z,buy,8.9e-07,118.0,0.00010502
VIB/BTC,1608490599698,2020-12-20T18:56:39.698Z,sell,8.8e-07,3145.0,0.0027676
VIB/BTC,1608490617917,2020-12-20T18:56:57.917Z,buy,8.9e-07,200.0,0.000178
VIB/BTC,1608490617917,2020-12-20T18:56:57.917Z,sell,8.9e-07,298.0,0.00026522
VIB/BTC,1608490636764,2020-12-20T18:57:16.764Z,buy,9e-07,2721.0,0.0024489
VIB/BTC,1608490637629,2020-12-20T18:57:17.629Z,sell,8.9e-07,560.0,0.0004984
VIB/BTC,1608490708758,2020-12-20T18:58:28.758Z,sell,8.9e-07,2500.0,0.002225
VIB/BTC,1608490802904,2020-12-20T19:00:02.904Z,buy,9e-07,4500.0,0.00405
VIB/BTC,1608490804475,2020-12-20T19:00:04.475Z,buy,9e-07,527.0,0.0004743
VIB/BTC,1608490804476,2020-12-20T19:00:04.476Z,buy,9e-07,527.0,0.0004743
VIB/BTC,1608490804476,2020-12-20T19:00:04.476Z,buy,9e-07,527.0,0.0004743
VIB/BTC,1608490804476,2020-12-20T19:00:04.476Z,buy,9e-07,527.0,0.0004743
VIB/BTC,1608490804476,2020-12-20T19:00:04.476Z,buy,9e-07,527.0,0.0004743
VIB/BTC,1608490804476,2020-12-20T19:00:04.476Z,buy,9e-07,527.0,0.0004743
VIB/BTC,1608490804476,2020-12-20T19:00:04.476Z,buy,9e-07,527.0,0.0004743
VIB/BTC,1608490804476,2020-12-20T19:00:04.476Z,buy,9e-07,527.0,0.0004743
VIB/BTC,1608490804476,2020-12-20T19:00:04.476Z,buy,9e-07,527.0,0.0004743
VIB/BTC,1608490804477,2020-12-20T19:00:04.477Z,buy,9e-07,527.0,0.0004743
VIB/BTC,1608490804478,2020-12-20T19:00:04.478Z,buy,9e-07,527.0,0.0004743
VIB/BTC,1608490804478,2020-12-20T19:00:04.478Z,buy,9e-07,527.0,0.0004743
VIB/BTC,1608490804478,2020-12-20T19:00:04.478Z,buy,9e-07,527.0,0.0004743
VIB/BTC,1608490804478,2020-12-20T19:00:04.478Z,buy,9e-07,527.0,0.0004743
VIB/BTC,1608490804478,2020-12-20T19:00:04.478Z,buy,9e-07,527.0,0.0004743
VIB/BTC,1608490804478,2020-12-20T19:00:04.478Z,buy,9e-07,527.0,0.0004743
VIB/BTC,1608490804480,2020-12-20T19:00:04.480Z,buy,9e-07,527.0,0.0004743
VIB/BTC,1608490804480,2020-12-20T19:00:04.480Z,buy,9e-07,527.0,0.0004743
VIB/BTC,1608490804480,2020-12-20T19:00:04.480Z,buy,9e-07,527.0,0.0004743
VIB/BTC,1608490804480,2020-12-20T19:00:04.480Z,buy,9e-07,527.0,0.0004743
VIB/BTC,1608490804480,2020-12-20T19:00:04.480Z,buy,9e-07,527.0,0.0004743
VIB/BTC,1608490804480,2020-12-20T19:00:04.480Z,buy,9e-07,527.0,0.0004743
VIB/BTC,1608490804480,2020-12-20T19:00:04.480Z,buy,9e-07,527.0,0.0004743
VIB/BTC,1608490804480,2020-12-20T19:00:04.480Z,buy,9e-07,527.0,0.0004743
VIB/BTC,1608490804480,2020-12-20T19:00:04.480Z,buy,9e-07,527.0,0.0004743
VIB/BTC,1608490804481,2020-12-20T19:00:04.481Z,buy,9e-07,527.0,0.0004743
VIB/BTC,1608490804481,2020-12-20T19:00:04.481Z,buy,9e-07,527.0,0.0004743
VIB/BTC,1608490804481,2020-12-20T19:00:04.481Z,buy,9e-07,527.0,0.0004743
VIB/BTC,1608490804481,2020-12-20T19:00:04.481Z,buy,9e-07,527.0,0.0004743
VIB/BTC,1608490804481,2020-12-20T19:00:04.481Z,buy,9e-07,527.0,0.0004743
VIB/BTC,1608490804482,2020-12-20T19:00:04.482Z,buy,9e-07,527.0,0.0004743
VIB/BTC,1608490804482,2020-12-20T19:00:04.482Z,buy,9e-07,527.0,0.0004743
VIB/BTC,1608490804482,2020-12-20T19:00:04.482Z,buy,9e-07,527.0,0.0004743
VIB/BTC,1608490804482,2020-12-20T19:00:04.482Z,buy,9e-07,527.0,0.0004743
VIB/BTC,1608490804482,2020-12-20T19:00:04.482Z,buy,9e-07,527.0,0.0004743
VIB/BTC,1608490804483,2020-12-20T19:00:04.483Z,buy,9e-07,527.0,0.0004743
VIB/BTC,1608490804483,2020-12-20T19:00:04.483Z,buy,9e-07,527.0,0.0004743
VIB/BTC,1608490804483,2020-12-20T19:00:04.483Z,buy,9e-07,527.0,0.0004743
VIB/BTC,1608490804483,2020-12-20T19:00:04.483Z,buy,9e-07,527.0,0.0004743
VIB/BTC,1608490804483,2020-12-20T19:00:04.483Z,buy,9e-07,527.0,0.0004743
VIB/BTC,1608490804483,2020-12-20T19:00:04.483Z,buy,9e-07,527.0,0.0004743
VIB/BTC,1608490804484,2020-12-20T19:00:04.484Z,buy,9e-07,7810.0,0.007029
VIB/BTC,1608490804484,2020-12-20T19:00:04.484Z,buy,9e-07,527.0,0.0004743
VIB/BTC,1608490804488,2020-12-20T19:00:04.488Z,buy,9e-07,527.0,0.0004743
VIB/BTC,1608490804488,2020-12-20T19:00:04.488Z,buy,9e-07,527.0,0.0004743
VIB/BTC,1608490804488,2020-12-20T19:00:04.488Z,buy,9e-07,527.0,0.0004743
VIB/BTC,1608490827515,2020-12-20T19:00:27.515Z,buy,9e-07,752.0,0.0006768
VIB/BTC,1608490833905,2020-12-20T19:00:33.905Z,sell,8.9e-07,20004.0,0.01780356
VIB/BTC,1608490847605,2020-12-20T19:00:47.605Z,buy,9e-07,426.0,0.0003834
VIB/BTC,1608490892637,2020-12-20T19:01:32.637Z,buy,9e-07,3048.0,0.0027432
VIB/BTC,1608490896105,2020-12-20T19:01:36.105Z,buy,9e-07,2796.0,0.0025164
VIB/BTC,1608490910904,2020-12-20T19:01:50.904Z,buy,9e-07,1113.0,0.0010017
VIB/BTC,1608490952961,2020-12-20T19:02:32.961Z,buy,9e-07,10027.0,0.0090242999999999
VIB/BTC,1608490959868,2020-12-20T19:02:39.868Z,buy,9e-07,564.0,0.0005076
VIB/BTC,1608491002080,2020-12-20T19:03:22.080Z,buy,9e-07,752.0,0.0006768
VIB/BTC,1608491024679,2020-12-20T19:03:44.679Z,buy,9e-07,733.0,0.0006596999999999
VIB/BTC,1608491040831,2020-12-20T19:04:00.831Z,buy,9e-07,714.0,0.0006426
VIB/BTC,1608491053661,2020-12-20T19:04:13.661Z,buy,9e-07,697.0,0.0006273
VIB/BTC,1608491084354,2020-12-20T19:04:44.354Z,buy,9e-07,679.0,0.0006111
VIB/BTC,1608491117888,2020-12-20T19:05:17.888Z,buy,9e-07,1876.0,0.0016883999999999
VIB/BTC,1608491117904,2020-12-20T19:05:17.904Z,buy,9e-07,1870.0,0.0016829999999999
VIB/BTC,1608491151477,2020-12-20T19:05:51.477Z,buy,9e-07,5845.0,0.0052604999999999
VIB/BTC,1608491159888,2020-12-20T19:05:59.888Z,sell,8.9e-07,2793.0,0.00248577
VIB/BTC,1608491160934,2020-12-20T19:06:00.934Z,sell,8.9e-07,1842.0,0.00163938
VIB/BTC,1608491167956,2020-12-20T19:06:07.956Z,sell,8.9e-07,6112.0,0.00543968
VIB/BTC,1608491172708,2020-12-20T19:06:12.708Z,buy,9e-07,2821.0,0.0025388999999999
VIB/BTC,1608491178452,2020-12-20T19:06:18.452Z,sell,8.9e-07,2818.0,0.0025080199999999
VIB/BTC,1608491206353,2020-12-20T19:06:46.353Z,buy,9e-07,2784.0,0.0025055999999999
VIB/BTC,1608491224026,2020-12-20T19:07:04.026Z,sell,8.9e-07,2781.0,0.0024750899999999
VIB/BTC,1608491232625,2020-12-20T19:07:12.625Z,buy,9e-07,2747.0,0.0024722999999999
VIB/BTC,1608491242226,2020-12-20T19:07:22.226Z,sell,8.9e-07,2744.0,0.0024421599999999
VIB/BTC,1608491268872,2020-12-20T19:07:48.872Z,sell,8.9e-07,1792.0,0.00159488
VIB/BTC,1608491310649,2020-12-20T19:08:30.649Z,buy,9e-07,35.0,3.15e-05
VIB/BTC,1608491323111,2020-12-20T19:08:43.111Z,sell,8.9e-07,1026.0,0.00091314
VIB/BTC,1608491331498,2020-12-20T19:08:51.498Z,sell,8.9e-07,54120.0,0.0481667999999999
VIB/BTC,1608491433376,2020-12-20T19:10:33.376Z,sell,8.9e-07,1274.0,0.00113386
VIB/BTC,1608491440899,2020-12-20T19:10:40.899Z,buy,9e-07,281.0,0.0002528999999999
VIB/BTC,1608491448392,2020-12-20T19:10:48.392Z,sell,8.9e-07,1351.0,0.00120239
VIB/BTC,1608491555712,2020-12-20T19:12:35.712Z,buy,9e-07,11165.0,0.0100485
VIB/BTC,1608491561923,2020-12-20T19:12:41.923Z,sell,9e-07,849.0,0.0007641
VIB/BTC,1608491569314,2020-12-20T19:12:49.314Z,sell,9e-07,6307.0,0.0056763
VIB/BTC,1608491571979,2020-12-20T19:12:51.979Z,buy,9e-07,358.0,0.0003221999999999
VIB/BTC,1608491605067,2020-12-20T19:13:25.067Z,buy,9.1e-07,4604.0,0.00418964
VIB/BTC,1608491616631,2020-12-20T19:13:36.631Z,sell,9e-07,223.0,0.0002007
VIB/BTC,1608491628081,2020-12-20T19:13:48.081Z,sell,9e-07,13379.0,0.0120410999999999
VIB/BTC,1608491745315,2020-12-20T19:15:45.315Z,sell,9e-07,3268.0,0.0029411999999999
VIB/BTC,1608491788303,2020-12-20T19:16:28.303Z,sell,8.9e-07,3119.0,0.00277591
VIB/BTC,1608491894469,2020-12-20T19:18:14.469Z,sell,8.9e-07,474.0,0.00042186
VIB/BTC,1608491903647,2020-12-20T19:18:23.647Z,sell,8.9e-07,8307.0,0.00739323
VIB/BTC,1608491914717,2020-12-20T19:18:34.717Z,sell,8.9e-07,71171.0,0.0633421899999999
VIB/BTC,1608492015682,2020-12-20T19:20:15.682Z,buy,9e-07,15000.0,0.0135
VIB/BTC,1608492069577,2020-12-20T19:21:09.577Z,sell,8.9e-07,3046.0,0.00271094
VIB/BTC,1608492069577,2020-12-20T19:21:09.577Z,sell,8.9e-07,3046.0,0.00271094
VIB/BTC,1608492116648,2020-12-20T19:21:56.648Z,sell,8.9e-07,12338.0,0.0109808199999999
VIB/BTC,1608492121791,2020-12-20T19:22:01.791Z,sell,8.9e-07,98621.0,0.08777269
VIB/BTC,1608492135882,2020-12-20T19:22:15.882Z,sell,8.9e-07,64889.0,0.05775121
VIB/BTC,1608492197889,2020-12-20T19:23:17.889Z,sell,8.9e-07,61866.0,0.05506074
VIB/BTC,1608492197889,2020-12-20T19:23:17.889Z,sell,8.8e-07,127417.0,0.11212696
VIB/BTC,1608492197889,2020-12-20T19:23:17.889Z,sell,8.7e-07,62936.0,0.05475432
VIB/BTC,1608492197889,2020-12-20T19:23:17.889Z,sell,8.6e-07,31881.0,0.02741766
VIB/BTC,1608492197889,2020-12-20T19:23:17.889Z,sell,8.5e-07,163821.0,0.13924785
VIB/BTC,1608492197889,2020-12-20T19:23:17.889Z,sell,8.4e-07,99679.0,0.08373036
VIB/BTC,1608492198137,2020-12-20T19:23:18.137Z,buy,8.7e-07,708.0,0.00061596
VIB/BTC,1608492198212,2020-12-20T19:23:18.212Z,buy,8.7e-07,1416.0,0.00123192
VIB/BTC,1608492198214,2020-12-20T19:23:18.214Z,sell,8.7e-07,354.0,0.00030798
VIB/BTC,1608492198217,2020-12-20T19:23:18.217Z,sell,8.7e-07,11230.0,0.0097701
VIB/BTC,1608492198259,2020-12-20T19:23:18.259Z,buy,8.7e-07,7394.0,0.00643278
VIB/BTC,1608492198270,2020-12-20T19:23:18.270Z,buy,8.7e-07,1083.0,0.00094221
VIB/BTC,1608492198270,2020-12-20T19:23:18.270Z,buy,8.8e-07,2153.0,0.00189464
VIB/BTC,1608492198339,2020-12-20T19:23:18.339Z,buy,8.8e-07,4556.0,0.00400928
VIB/BTC,1608492198475,2020-12-20T19:23:18.475Z,buy,8.9e-07,184.0,0.00016376
VIB/BTC,1608492198506,2020-12-20T19:23:18.506Z,sell,8.8e-07,416.0,0.00036608
VIB/BTC,1608492198525,2020-12-20T19:23:18.525Z,sell,8.8e-07,515.0,0.0004532
VIB/BTC,1608492198694,2020-12-20T19:23:18.694Z,buy,8.8e-07,1081.0,0.00095128
VIB/BTC,1608492199020,2020-12-20T19:23:19.020Z,buy,8.7e-07,1074.0,0.00093438
VIB/BTC,1608492199120,2020-12-20T19:23:19.120Z,sell,8.6e-07,1051.0,0.00090386
VIB/BTC,1608492199394,2020-12-20T19:23:19.394Z,sell,8.7e-07,288.0,0.00025056
VIB/BTC,1608492199396,2020-12-20T19:23:19.396Z,sell,8.7e-07,1048.0,0.00091176
VIB/BTC,1608492199879,2020-12-20T19:23:19.879Z,sell,8.7e-07,255.0,0.00022185
VIB/BTC,1608492199912,2020-12-20T19:23:19.912Z,sell,8.7e-07,827.0,0.00071949
VIB/BTC,1608492200305,2020-12-20T19:23:20.305Z,sell,8.6e-07,15035.0,0.0129301
VIB/BTC,1608492200412,2020-12-20T19:23:20.412Z,sell,8.6e-07,241.0,0.00020726
VIB/BTC,1608492200648,2020-12-20T19:23:20.648Z,sell,8.6e-07,21863.0,0.01880218
VIB/BTC,1608492201036,2020-12-20T19:23:21.036Z,sell,8.6e-07,15016.0,0.01291376
VIB/BTC,1608492201086,2020-12-20T19:23:21.086Z,buy,8.7e-07,5487.0,0.00477369
VIB/BTC,1608492201428,2020-12-20T19:23:21.428Z,buy,8.7e-07,662.0,0.00057594
VIB/BTC,1608492205279,2020-12-20T19:23:25.279Z,sell,8.6e-07,291.0,0.00025026
VIB/BTC,1608492210601,2020-12-20T19:23:30.601Z,sell,8.6e-07,106275.0,0.0913965
VIB/BTC,1608492219045,2020-12-20T19:23:39.045Z,buy,8.7e-07,3970.0,0.0034539
VIB/BTC,1608492225314,2020-12-20T19:23:45.314Z,sell,8.6e-07,30073.0,0.02586278
VIB/BTC,1608492245518,2020-12-20T19:24:05.518Z,buy,8.7e-07,32.0,2.784e-05
VIB/BTC,1608492263997,2020-12-20T19:24:23.997Z,sell,8.6e-07,28751.0,0.02472586
VIB/BTC,1608492269412,2020-12-20T19:24:29.412Z,sell,8.6e-07,32996.0,0.02837656
VIB/BTC,1608492298045,2020-12-20T19:24:58.045Z,sell,8.6e-07,561.0,0.00048246
VIB/BTC,1608492318296,2020-12-20T19:25:18.296Z,sell,8.6e-07,1949.0,0.00167614
VIB/BTC,1608492346922,2020-12-20T19:25:46.922Z,buy,8.7e-07,1000.0,0.00087
VIB/BTC,1608492356918,2020-12-20T19:25:56.918Z,buy,8.7e-07,417.0,0.00036279
VIB/BTC,1608492365464,2020-12-20T19:26:05.464Z,buy,8.7e-07,30517.0,0.02654979
VIB/BTC,1608492413140,2020-12-20T19:26:53.140Z,sell,8.6e-07,2594.0,0.00223084
VIB/BTC,1608492429244,2020-12-20T19:27:09.244Z,sell,8.6e-07,49950.0,0.042957
VIB/BTC,1608492442209,2020-12-20T19:27:22.209Z,buy,8.7e-07,2384.0,0.00207408
VIB/BTC,1608492596522,2020-12-20T19:29:56.522Z,buy,8.7e-07,27256.0,0.02371272
VIB/BTC,1608492647454,2020-12-20T19:30:47.454Z,buy,8.7e-07,120.0,0.0001044
VIB/BTC,1608492664635,2020-12-20T19:31:04.635Z,sell,8.6e-07,423.0,0.00036378
VIB/BTC,1608492761863,2020-12-20T19:32:41.863Z,sell,8.6e-07,2401.0,0.00206486
VIB/BTC,1608492921318,2020-12-20T19:35:21.318Z,sell,8.6e-07,2589.0,0.00222654
VIB/BTC,1608492935968,2020-12-20T19:35:35.968Z,sell,8.6e-07,699.0,0.00060114
VIB/BTC,1608493029332,2020-12-20T19:37:09.332Z,sell,8.6e-07,1077.0,0.00092622
VIB/BTC,1608493132114,2020-12-20T19:38:52.114Z,sell,8.6e-07,6765.0,0.0058179
VIB/BTC,1608493198853,2020-12-20T19:39:58.853Z,sell,8.6e-07,884.0,0.00076024
VIB/BTC,1608493241662,2020-12-20T19:40:41.662Z,buy,8.7e-07,326.0,0.00028362
VIB/BTC,1608493270756,2020-12-20T19:41:10.756Z,buy,8.7e-07,52348.0,0.04554276
VIB/BTC,1608493327513,2020-12-20T19:42:07.513Z,buy,8.7e-07,2749.0,0.00239163
VIB/BTC,1608493327583,2020-12-20T19:42:07.583Z,buy,8.7e-07,1447.0,0.00125889
VIB/BTC,1608493415767,2020-12-20T19:43:35.767Z,buy,8.7e-07,4812.0,0.00418644
VIB/BTC,1608493514781,2020-12-20T19:45:14.781Z,sell,8.6e-07,4337.0,0.00372982
VIB/BTC,1608493528388,2020-12-20T19:45:28.388Z,buy,8.7e-07,80306.0,0.06986622
VIB/BTC,1608493714862,2020-12-20T19:48:34.862Z,buy,8.7e-07,2376.0,0.00206712
VIB/BTC,1608493726721,2020-12-20T19:48:46.721Z,sell,8.6e-07,1099.0,0.00094514
VIB/BTC,1608493802530,2020-12-20T19:50:02.530Z,sell,8.6e-07,67697.0,0.05821942
VIB/BTC,1608494034661,2020-12-20T19:53:54.661Z,sell,8.6e-07,7511.0,0.00645946
VIB/BTC,1608494140996,2020-12-20T19:55:40.996Z,buy,8.7e-07,283.0,0.00024621
VIB/BTC,1608494144231,2020-12-20T19:55:44.231Z,buy,8.7e-07,150.0,0.0001305
VIB/BTC,1608494223327,2020-12-20T19:57:03.327Z,buy,8.7e-07,15524.0,0.01350588
VIB/BTC,1608494525843,2020-12-20T20:02:05.843Z,sell,8.7e-07,26527.0,0.02307849
VIB/BTC,1608494531144,2020-12-20T20:02:11.144Z,buy,8.7e-07,5607.0,0.00487809
VIB/BTC,1608494547705,2020-12-20T20:02:27.705Z,buy,8.7e-07,5200.0,0.004524
VIB/BTC,1608494723561,2020-12-20T20:05:23.561Z,sell,8.6e-07,34920.0,0.0300312
VIB/BTC,1608494741949,2020-12-20T20:05:41.949Z,buy,8.7e-07,2167.0,0.00188529
VIB/BTC,1608494796060,2020-12-20T20:06:36.060Z,sell,8.6e-07,1312.0,0.00112832
VIB/BTC,1608494890285,2020-12-20T20:08:10.285Z,buy,8.7e-07,40323.0,0.03508101
VIB/BTC,1608494890285,2020-12-20T20:08:10.285Z,buy,8.8e-07,75737.0,0.06664856
VIB/BTC,1608495011568,2020-12-20T20:10:11.568Z,buy,8.8e-07,13021.0,0.01145848
VIB/BTC,1608495011580,2020-12-20T20:10:11.580Z,sell,8.8e-07,2158.0,0.00189904
VIB/BTC,1608495011586,2020-12-20T20:10:11.586Z,sell,8.8e-07,4326.0,0.00380688
VIB/BTC,1608495095466,2020-12-20T20:11:35.466Z,sell,8.8e-07,2263.0,0.00199144
VIB/BTC,1608495111872,2020-12-20T20:11:51.872Z,sell,8.8e-07,6332.0,0.00557216
VIB/BTC,1608495469367,2020-12-20T20:17:49.367Z,sell,8.8e-07,193.0,0.00016984
VIB/BTC,1608495588326,2020-12-20T20:19:48.326Z,buy,8.9e-07,5525.0,0.00491725
VIB/BTC,1608495588326,2020-12-20T20:19:48.326Z,buy,8.9e-07,5525.0,0.00491725
VIB/BTC,1608495775759,2020-12-20T20:22:55.759Z,sell,8.8e-07,127.0,0.00011176
VIB/BTC,1608495786668,2020-12-20T20:23:06.668Z,sell,8.8e-07,122870.0,0.1081256
VIB/BTC,1608495915985,2020-12-20T20:25:15.985Z,buy,8.9e-07,689.0,0.00061321
VIB/BTC,1608496331506,2020-12-20T20:32:11.506Z,sell,8.8e-07,12878.0,0.01133264
VIB/BTC,1608496387945,2020-12-20T20:33:07.945Z,buy,8.8e-07,114.0,0.00010032
VIB/BTC,1608496388787,2020-12-20T20:33:08.787Z,sell,8.7e-07,2373.0,0.00206451
VIB/BTC,1608496438659,2020-12-20T20:33:58.659Z,sell,8.7e-07,1045.0,0.00090915
VIB/BTC,1608496465006,2020-12-20T20:34:25.006Z,buy,8.8e-07,937.0,0.00082456
VIB/BTC,1608496491855,2020-12-20T20:34:51.855Z,buy,8.8e-07,41.0,3.608e-05
VIB/BTC,1608496591110,2020-12-20T20:36:31.110Z,sell,8.7e-07,9950.0,0.0086565
VIB/BTC,1608496666102,2020-12-20T20:37:46.102Z,sell,8.7e-07,17547.0,0.01526589
VIB/BTC,1608496692124,2020-12-20T20:38:12.124Z,sell,8.7e-07,7856.0,0.00683472
VIB/BTC,1608496729311,2020-12-20T20:38:49.311Z,sell,8.7e-07,9808.0,0.00853296
VIB/BTC,1608496729964,2020-12-20T20:38:49.964Z,buy,8.7e-07,1563.0,0.00135981
VIB/BTC,1608496730035,2020-12-20T20:38:50.035Z,buy,8.7e-07,2139.0,0.00186093
VIB/BTC,1608496780315,2020-12-20T20:39:40.315Z,sell,8.6e-07,35489.0,0.03052054
VIB/BTC,1608496785645,2020-12-20T20:39:45.645Z,sell,8.6e-07,599.0,0.00051514
VIB/BTC,1608496785645,2020-12-20T20:39:45.645Z,sell,8.5e-07,43977.0,0.03738045
VIB/BTC,1608496789836,2020-12-20T20:39:49.836Z,buy,8.6e-07,4032.0,0.00346752
VIB/BTC,1608496812070,2020-12-20T20:40:12.070Z,buy,8.6e-07,885.0,0.0007611
VIB/BTC,1608496855062,2020-12-20T20:40:55.062Z,buy,8.6e-07,418.0,0.00035948
VIB/BTC,1608496867983,2020-12-20T20:41:07.983Z,buy,8.6e-07,117.0,0.00010062
VIB/BTC,1608496910333,2020-12-20T20:41:50.333Z,buy,8.6e-07,63330.0,0.0544638
VIB/BTC,1608496914959,2020-12-20T20:41:54.959Z,buy,8.7e-07,901.0,0.00078387
VIB/BTC,1608496914959,2020-12-20T20:41:54.959Z,buy,8.7e-07,902.0,0.00078474
VIB/BTC,1608497029899,2020-12-20T20:43:49.899Z,buy,8.7e-07,8110.0,0.0070557
VIB/BTC,1608497159502,2020-12-20T20:45:59.502Z,buy,8.7e-07,2284.0,0.00198708
VIB/BTC,1608497327434,2020-12-20T20:48:47.434Z,sell,8.6e-07,152727.0,0.13134522
VIB/BTC,1608497355413,2020-12-20T20:49:15.413Z,buy,8.7e-07,3429.0,0.00298323
VIB/BTC,1608497397626,2020-12-20T20:49:57.626Z,buy,8.7e-07,43.0,3.741e-05
VIB/BTC,1608497405575,2020-12-20T20:50:05.575Z,buy,8.6e-07,141.0,0.00012126
VIB/BTC,1608497485760,2020-12-20T20:51:25.760Z,buy,8.7e-07,51388.0,0.04470756
VIB/BTC,1608497623278,2020-12-20T20:53:43.278Z,sell,8.7e-07,4324.0,0.00376188
VIB/BTC,1608497995683,2020-12-20T20:59:55.683Z,sell,8.7e-07,58505.0,0.05089935
VIB/BTC,1608498065647,2020-12-20T21:01:05.647Z,sell,8.7e-07,2749.0,0.00239163
VIB/BTC,1608498078966,2020-12-20T21:01:18.966Z,sell,8.7e-07,29980.0,0.0260826
VIB/BTC,1608498225617,2020-12-20T21:03:45.617Z,sell,8.7e-07,28171.0,0.02450877
VIB/BTC,1608498246421,2020-12-20T21:04:06.421Z,buy,8.7e-07,140.0,0.0001218
VIB/BTC,1608498594440,2020-12-20T21:09:54.440Z,sell,8.6e-07,2335.0,0.0020081
VIB/BTC,1608498642759,2020-12-20T21:10:42.759Z,buy,8.7e-07,10000.0,0.0087
VIB/BTC,1608498730416,2020-12-20T21:12:10.416Z,buy,8.7e-07,51492.0,0.04479804
VIB/BTC,1608498774266,2020-12-20T21:12:54.266Z,buy,8.7e-07,5327.0,0.00463449
VIB/BTC,1608498858015,2020-12-20T21:14:18.015Z,buy,8.7e-07,150.0,0.0001305
VIB/BTC,1608498927415,2020-12-20T21:15:27.415Z,sell,8.6e-07,13619.0,0.01171234
VIB/BTC,1608498956712,2020-12-20T21:15:56.712Z,buy,8.7e-07,31580.0,0.0274746
VIB/BTC,1608499073307,2020-12-20T21:17:53.307Z,buy,8.7e-07,3493.0,0.00303891
VIB/BTC,1608499073307,2020-12-20T21:17:53.307Z,buy,8.7e-07,3493.0,0.00303891
VIB/BTC,1608499312767,2020-12-20T21:21:52.767Z,buy,8.8e-07,6611.0,0.00581768
VIB/BTC,1608499421812,2020-12-20T21:23:41.812Z,buy,8.8e-07,415.0,0.0003652
VIB/BTC,1608499831436,2020-12-20T21:30:31.436Z,buy,8.8e-07,1924.0,0.00169312
VIB/BTC,1608499832472,2020-12-20T21:30:32.472Z,buy,8.8e-07,1924.0,0.00169312
VIB/BTC,1608499887712,2020-12-20T21:31:27.712Z,sell,8.7e-07,3844.0,0.00334428
VIB/BTC,1608499909902,2020-12-20T21:31:49.902Z,sell,8.7e-07,1706.0,0.00148422
VIB/BTC,1608500133822,2020-12-20T21:35:33.822Z,sell,8.7e-07,4725.0,0.00411075
VIB/BTC,1608500231678,2020-12-20T21:37:11.678Z,buy,8.8e-07,627.0,0.00055176
VIB/BTC,1608500255747,2020-12-20T21:37:35.747Z,sell,8.7e-07,56018.0,0.04873566
VIB/BTC,1608500258762,2020-12-20T21:37:38.762Z,sell,8.7e-07,56018.0,0.04873566
VIB/BTC,1608500276679,2020-12-20T21:37:56.679Z,sell,8.7e-07,283.0,0.00024621
VIB/BTC,1608500375272,2020-12-20T21:39:35.272Z,sell,8.7e-07,539.0,0.00046893
VIB/BTC,1608500621733,2020-12-20T21:43:41.733Z,buy,8.7e-07,3199.0,0.00278313
VIB/BTC,1608500639117,2020-12-20T21:43:59.117Z,buy,8.7e-07,36.0,3.132e-05
VIB/BTC,1608500843454,2020-12-20T21:47:23.454Z,sell,8.6e-07,58554.0,0.05035644
VIB/BTC,1608500843454,2020-12-20T21:47:23.454Z,sell,8.5e-07,39780.0,0.033813
VIB/BTC,1608500843454,2020-12-20T21:47:23.454Z,sell,8.5e-07,400.0,0.00034
VIB/BTC,1608500844102,2020-12-20T21:47:24.102Z,sell,8.6e-07,4613.0,0.00396718
VIB/BTC,1608500844110,2020-12-20T21:47:24.110Z,buy,8.6e-07,2428.0,0.00208808
VIB/BTC,1608500844112,2020-12-20T21:47:24.112Z,buy,8.6e-07,2433.0,0.00209238
VIB/BTC,1608500856910,2020-12-20T21:47:36.910Z,buy,8.6e-07,42196.0,0.03628856
VIB/BTC,1608500882421,2020-12-20T21:48:02.421Z,buy,8.6e-07,123.0,0.00010578
VIB/BTC,1608500929675,2020-12-20T21:48:49.675Z,buy,8.6e-07,15000.0,0.0129
VIB/BTC,1608500968836,2020-12-20T21:49:28.836Z,buy,8.6e-07,5813.0,0.00499918
VIB/BTC,1608500975578,2020-12-20T21:49:35.578Z,buy,8.6e-07,22613.0,0.01944718
VIB/BTC,1608500982576,2020-12-20T21:49:42.576Z,buy,8.6e-07,11307.0,0.00972402
VIB/BTC,1608500989619,2020-12-20T21:49:49.619Z,buy,8.6e-07,5653.0,0.00486158
VIB/BTC,1608500996763,2020-12-20T21:49:56.763Z,buy,8.6e-07,5088.0,0.00437568
VIB/BTC,1608501000329,2020-12-20T21:50:00.329Z,sell,8.5e-07,9670.0,0.0082195
VIB/BTC,1608501007869,2020-12-20T21:50:07.869Z,buy,8.6e-07,200.0,0.000172
VIB/BTC,1608501021623,2020-12-20T21:50:21.623Z,buy,8.6e-07,200.0,0.000172
VIB/BTC,1608501110180,2020-12-20T21:51:50.180Z,sell,8.5e-07,25018.0,0.0212653
VIB/BTC,1608501276761,2020-12-20T21:54:36.761Z,buy,8.6e-07,2893.0,0.00248798
VIB/BTC,1608501287565,2020-12-20T21:54:47.565Z,sell,8.5e-07,3548.0,0.0030158
VIB/BTC,1608501380221,2020-12-20T21:56:20.221Z,buy,8.6e-07,117.0,0.00010062
VIB/BTC,1608501444991,2020-12-20T21:57:24.991Z,buy,8.6e-07,300.0,0.000258
VIB/BTC,1608501485649,2020-12-20T21:58:05.649Z,buy,8.6e-07,42550.0,0.036593
VIB/BTC,1608501702861,2020-12-20T22:01:42.861Z,buy,8.6e-07,2053.0,0.00176558
VIB/BTC,1608501770458,2020-12-20T22:02:50.458Z,sell,8.6e-07,35043.0,0.03013698
VIB/BTC,1608501778015,2020-12-20T22:02:58.015Z,buy,8.6e-07,2556.0,0.00219816
VIB/BTC,1608501811409,2020-12-20T22:03:31.409Z,sell,8.5e-07,2500.0,0.002125
VIB/BTC,1608501815901,2020-12-20T22:03:35.901Z,buy,8.6e-07,4101.0,0.00352686
VIB/BTC,1608501833991,2020-12-20T22:03:53.991Z,buy,8.6e-07,453.0,0.00038958
VIB/BTC,1608501833991,2020-12-20T22:03:53.991Z,buy,8.7e-07,34841.0,0.03031167
VIB/BTC,1608501915726,2020-12-20T22:05:15.726Z,sell,8.6e-07,11438.0,0.00983668
VIB/BTC,1608501929191,2020-12-20T22:05:29.191Z,sell,8.6e-07,2043.0,0.00175698
VIB/BTC,1608501929237,2020-12-20T22:05:29.237Z,buy,8.6e-07,1205.0,0.0010363
VIB/BTC,1608501948851,2020-12-20T22:05:48.851Z,buy,8.6e-07,8190.0,0.0070434
VIB/BTC,1608502081544,2020-12-20T22:08:01.544Z,sell,8.6e-07,9732.0,0.00836952
VIB/BTC,1608502107108,2020-12-20T22:08:27.108Z,sell,8.6e-07,6227.0,0.00535522
VIB/BTC,1608502167107,2020-12-20T22:09:27.107Z,sell,8.5e-07,6252.0,0.0053142
VIB/BTC,1608502247031,2020-12-20T22:10:47.031Z,buy,8.6e-07,137.0,0.00011782
VIB/BTC,1608502332544,2020-12-20T22:12:12.544Z,sell,8.5e-07,1066.0,0.0009061
VIB/BTC,1608502389030,2020-12-20T22:13:09.030Z,sell,8.5e-07,32500.0,0.027625
VIB/BTC,1608502389030,2020-12-20T22:13:09.030Z,sell,8.5e-07,32500.0,0.027625
VIB/BTC,1608503188794,2020-12-20T22:26:28.794Z,buy,8.6e-07,322.0,0.00027692
VIB/BTC,1608503793416,2020-12-20T22:36:33.416Z,buy,8.6e-07,94.0,8.084e-05
VIB/BTC,1608503836321,2020-12-20T22:37:16.321Z,buy,8.6e-07,98.0,8.428e-05
VIB/BTC,1608505062913,2020-12-20T22:57:42.913Z,buy,8.6e-07,185.0,0.0001591
VIB/BTC,1608505726421,2020-12-20T23:08:46.421Z,buy,8.6e-07,5348.0,0.00459928
VIB/BTC,1608505824522,2020-12-20T23:10:24.522Z,buy,8.6e-07,8035.0,0.0069101
VIB/BTC,1608505845543,2020-12-20T23:10:45.543Z,buy,8.6e-07,7661.0,0.00658846
VIB/BTC,1608505845551,2020-12-20T23:10:45.551Z,sell,8.6e-07,2535.0,0.0021801
VIB/BTC,1608505845551,2020-12-20T23:10:45.551Z,sell,8.6e-07,2535.0,0.0021801
VIB/BTC,1608506517898,2020-12-20T23:21:57.898Z,buy,8.6e-07,5172.0,0.00444792
VIB/BTC,1608506552958,2020-12-20T23:22:32.958Z,buy,8.6e-07,293.0,0.00025198
VIB/BTC,1608506552969,2020-12-20T23:22:32.969Z,buy,8.6e-07,239.0,0.00020554
VIB/BTC,1608506588599,2020-12-20T23:23:08.599Z,buy,8.6e-07,384.0,0.00033024
VIB/BTC,1608506802407,2020-12-20T23:26:42.407Z,buy,8.7e-07,77509.0,0.06743283
VIB/BTC,1608507190910,2020-12-20T23:33:10.910Z,buy,8.7e-07,10389.0,0.00903843
VIB/BTC,1608507201995,2020-12-20T23:33:21.995Z,buy,8.7e-07,996.0,0.00086652
VIB/BTC,1608507201995,2020-12-20T23:33:21.995Z,buy,8.8e-07,19472.0,0.01713536
VIB/BTC,1608507206296,2020-12-20T23:33:26.296Z,sell,8.7e-07,2304.0,0.00200448
VIB/BTC,1608507228203,2020-12-20T23:33:48.203Z,sell,8.7e-07,7992.0,0.00695304
VIB/BTC,1608507228203,2020-12-20T23:33:48.203Z,sell,8.6e-07,376.0,0.00032336
VIB/BTC,1608507304420,2020-12-20T23:35:04.420Z,sell,8.6e-07,1024.0,0.00088064
VIB/BTC,1608507543306,2020-12-20T23:39:03.306Z,sell,8.6e-07,508.0,0.00043688
VIB/BTC,1608508058366,2020-12-20T23:47:38.366Z,buy,8.7e-07,459.0,0.00039933
VIB/BTC,1608508058379,2020-12-20T23:47:38.379Z,buy,8.7e-07,5220.0,0.0045414
VIB/BTC,1608508058381,2020-12-20T23:47:38.381Z,buy,8.7e-07,1068.0,0.00092916
VIB/BTC,1608508100820,2020-12-20T23:48:20.820Z,buy,8.8e-07,2148.0,0.00189024
VIB/BTC,1608508100821,2020-12-20T23:48:20.821Z,buy,8.8e-07,2152.0,0.00189376
VIB/BTC,1608508437596,2020-12-20T23:53:57.596Z,buy,8.8e-07,268.0,0.00023584
VIB/BTC,1608508483106,2020-12-20T23:54:43.106Z,buy,8.8e-07,2506.0,0.00220528
VIB/BTC,1608508710539,2020-12-20T23:58:30.539Z,buy,8.8e-07,36313.0,0.03195544
VIB/BTC,1608508710637,2020-12-20T23:58:30.637Z,buy,8.9e-07,35.0,3.115e-05
VIB/BTC,1608508718700,2020-12-20T23:58:38.700Z,sell,8.8e-07,117.0,0.00010296
VIB/BTC,1608508752597,2020-12-20T23:59:12.597Z,buy,8.9e-07,338.0,0.00030082
VIB/BTC,1608508937378,2020-12-21T00:02:17.378Z,buy,8.9e-07,1788.0,0.0015913199999999
VIB/BTC,1608508943095,2020-12-21T00:02:23.095Z,sell,8.8e-07,43478.0,0.03826064
VIB/BTC,1608508968418,2020-12-21T00:02:48.418Z,sell,8.8e-07,41704.0,0.03669952
VIB/BTC,1608508997954,2020-12-21T00:03:17.954Z,sell,8.8e-07,10378.0,0.00913264
VIB/BTC,1608509018945,2020-12-21T00:03:38.945Z,sell,8.8e-07,76677.0,0.06747576
VIB/BTC,1608509175532,2020-12-21T00:06:15.532Z,sell,8.7e-07,43784.0,0.03809208
VIB/BTC,1608509181758,2020-12-21T00:06:21.758Z,buy,8.8e-07,2194.0,0.00193072
VIB/BTC,1608509181758,2020-12-21T00:06:21.758Z,buy,8.8e-07,2194.0,0.00193072
VIB/BTC,1608509553893,2020-12-21T00:12:33.893Z,sell,8.7e-07,17904.0,0.01557648
VIB/BTC,1608509974733,2020-12-21T00:19:34.733Z,sell,8.7e-07,27245.0,0.02370315
VIB/BTC,1608510667435,2020-12-21T00:31:07.435Z,buy,8.8e-07,125915.0,0.1108052
VIB/BTC,1608510667444,2020-12-21T00:31:07.444Z,sell,8.8e-07,10392.0,0.00914496
VIB/BTC,1608510667445,2020-12-21T00:31:07.445Z,sell,8.8e-07,7009.0,0.00616792
VIB/BTC,1608510667445,2020-12-21T00:31:07.445Z,sell,8.7e-07,1858.0,0.00161646
VIB/BTC,1608510696545,2020-12-21T00:31:36.545Z,buy,8.9e-07,155.0,0.00013795
VIB/BTC,1608511471433,2020-12-21T00:44:31.433Z,buy,8.9e-07,5617.0,0.00499913
VIB/BTC,1608511482641,2020-12-21T00:44:42.641Z,buy,8.9e-07,1164.0,0.0010359599999999
VIB/BTC,1608511502933,2020-12-21T00:45:02.933Z,buy,8.9e-07,3696.0,0.00328944
VIB/BTC,1608511531490,2020-12-21T00:45:31.490Z,buy,8.9e-07,1348.0,0.00119972
VIB/BTC,1608511568210,2020-12-21T00:46:08.210Z,sell,8.8e-07,360.0,0.0003168
VIB/BTC,1608511616370,2020-12-21T00:46:56.370Z,buy,8.9e-07,80000.0,0.0712
VIB/BTC,1608512104433,2020-12-21T00:55:04.433Z,sell,8.8e-07,953.0,0.00083864
VIB/BTC,1608512130050,2020-12-21T00:55:30.050Z,sell,8.8e-07,2862.0,0.00251856
VIB/BTC,1608512143101,2020-12-21T00:55:43.101Z,sell,8.8e-07,173.0,0.00015224
VIB/BTC,1608512231698,2020-12-21T00:57:11.698Z,buy,8.9e-07,19129.0,0.0170248099999999
VIB/BTC,1608512231706,2020-12-21T00:57:11.706Z,sell,8.9e-07,839.0,0.0007467099999999
VIB/BTC,1608512231718,2020-12-21T00:57:11.718Z,sell,8.9e-07,2504.0,0.00222856
VIB/BTC,1608512240711,2020-12-21T00:57:20.711Z,buy,8.9e-07,12183.0,0.01084287
VIB/BTC,1608512240760,2020-12-21T00:57:20.760Z,sell,8.9e-07,2140.0,0.0019045999999999
VIB/BTC,1608512240760,2020-12-21T00:57:20.760Z,sell,8.9e-07,2140.0,0.0019045999999999
VIB/BTC,1608513027702,2020-12-21T01:10:27.702Z,sell,8.9e-07,98334.0,0.08751726
VIB/BTC,1608513065075,2020-12-21T01:11:05.075Z,sell,8.9e-07,85510.0,0.0761039
VIB/BTC,1608513185264,2020-12-21T01:13:05.264Z,sell,8.9e-07,7683.0,0.0068378699999999
VIB/BTC,1608513185409,2020-12-21T01:13:05.409Z,sell,8.9e-07,3908.0,0.00347812
VIB/BTC,1608513949051,2020-12-21T01:25:49.051Z,sell,8.9e-07,100000.0,0.089
VIB/BTC,1608513951230,2020-12-21T01:25:51.230Z,sell,8.9e-07,40304.0,0.0358705599999999
VIB/BTC,1608513987436,2020-12-21T01:26:27.436Z,sell,8.8e-07,1710.0,0.0015048
VIB/BTC,1608514426348,2020-12-21T01:33:46.348Z,sell,8.8e-07,5568.0,0.00489984
VIB/BTC,1608515081222,2020-12-21T01:44:41.222Z,sell,8.8e-07,29015.0,0.0255332
VIB/BTC,1608515081457,2020-12-21T01:44:41.457Z,sell,8.8e-07,127.0,0.00011176
VIB/BTC,1608515108607,2020-12-21T01:45:08.607Z,sell,8.8e-07,63170.0,0.0555896
VIB/BTC,1608515195454,2020-12-21T01:46:35.454Z,buy,8.8e-07,127.0,0.00011176
VIB/BTC,1608515206580,2020-12-21T01:46:46.580Z,buy,8.8e-07,12140.0,0.0106832
VIB/BTC,1608515302952,2020-12-21T01:48:22.952Z,sell,8.7e-07,48167.0,0.04190529
VIB/BTC,1608515482756,2020-12-21T01:51:22.756Z,sell,8.7e-07,27393.0,0.02383191
VIB/BTC,1608515482756,2020-12-21T01:51:22.756Z,sell,8.7e-07,27393.0,0.02383191
VIB/BTC,1608515882562,2020-12-21T01:58:02.562Z,sell,8.7e-07,1980.0,0.0017226
VIB/BTC,1608516421020,2020-12-21T02:07:01.020Z,sell,8.7e-07,5800.0,0.005046
VIB/BTC,1608516499856,2020-12-21T02:08:19.856Z,buy,8.8e-07,154.0,0.00013552
VIB/BTC,1608517529515,2020-12-21T02:25:29.515Z,buy,8.8e-07,32.0,2.816e-05
VIB/BTC,1608517529520,2020-12-21T02:25:29.520Z,sell,8.7e-07,333.0,0.00028971
VIB/BTC,1608517530289,2020-12-21T02:25:30.289Z,sell,8.7e-07,141.0,0.00012267
VIB/BTC,1608517589075,2020-12-21T02:26:29.075Z,sell,8.7e-07,4458.0,0.00387846
VIB/BTC,1608518146844,2020-12-21T02:35:46.844Z,sell,8.7e-07,5946.0,0.00517302
VIB/BTC,1608518819683,2020-12-21T02:46:59.683Z,sell,8.7e-07,267.0,0.00023229
VIB/BTC,1608518819683,2020-12-21T02:46:59.683Z,sell,8.7e-07,267.0,0.00023229
VIB/BTC,1608519704590,2020-12-21T03:01:44.590Z,sell,8.7e-07,1333.0,0.00115971
VIB/BTC,1608520146977,2020-12-21T03:09:06.977Z,sell,8.7e-07,26324.0,0.02290188
VIB/BTC,1608520516080,2020-12-21T03:15:16.080Z,buy,8.8e-07,533.0,0.00046904
VIB/BTC,1608520652619,2020-12-21T03:17:32.619Z,buy,8.8e-07,5810.0,0.0051128
VIB/BTC,1608520671797,2020-12-21T03:17:51.797Z,sell,8.7e-07,199.0,0.00017313
VIB/BTC,1608520878549,2020-12-21T03:21:18.549Z,buy,8.8e-07,131.0,0.00011528
VIB/BTC,1608520884007,2020-12-21T03:21:24.007Z,buy,8.8e-07,128.0,0.00011264
VIB/BTC,1608520887731,2020-12-21T03:21:27.731Z,buy,8.8e-07,251.0,0.00022088
VIB/BTC,1608520891128,2020-12-21T03:21:31.128Z,buy,8.8e-07,120.0,0.0001056
VIB/BTC,1608521138048,2020-12-21T03:25:38.048Z,buy,8.8e-07,131823.0,0.11600424
VIB/BTC,1608521138055,2020-12-21T03:25:38.055Z,sell,8.8e-07,22658.0,0.01993904
VIB/BTC,1608521138062,2020-12-21T03:25:38.062Z,sell,8.8e-07,2544.0,0.00223872
VIB/BTC,1608521140617,2020-12-21T03:25:40.617Z,sell,8.8e-07,3050.0,0.002684
VIB/BTC,1608521140642,2020-12-21T03:25:40.642Z,sell,8.8e-07,3047.0,0.00268136
VIB/BTC,1608521140980,2020-12-21T03:25:40.980Z,sell,8.8e-07,2008.0,0.00176704
VIB/BTC,1608521325269,2020-12-21T03:28:45.269Z,buy,8.9e-07,219.0,0.00019491
VIB/BTC,1608521331558,2020-12-21T03:28:51.558Z,buy,8.9e-07,158.0,0.00014062
VIB/BTC,1608521335802,2020-12-21T03:28:55.802Z,buy,8.9e-07,204.0,0.00018156
VIB/BTC,1608521439546,2020-12-21T03:30:39.546Z,sell,8.8e-07,1160.0,0.0010208
VIB/BTC,1608521439547,2020-12-21T03:30:39.547Z,sell,8.8e-07,1159.0,0.00101992
VIB/BTC,1608521698331,2020-12-21T03:34:58.331Z,sell,8.8e-07,5924.0,0.00521312
VIB/BTC,1608521702938,2020-12-21T03:35:02.938Z,sell,8.8e-07,1210.0,0.0010648
VIB/BTC,1608522174873,2020-12-21T03:42:54.873Z,sell,8.8e-07,2476.0,0.00217888
VIB/BTC,1608522200640,2020-12-21T03:43:20.640Z,sell,8.8e-07,11929.0,0.01049752
VIB/BTC,1608522230030,2020-12-21T03:43:50.030Z,sell,8.8e-07,161620.0,0.1422256
VIB/BTC,1608522347818,2020-12-21T03:45:47.818Z,sell,8.8e-07,52211.0,0.04594568
VIB/BTC,1608522360439,2020-12-21T03:46:00.439Z,buy,8.8e-07,33197.0,0.02921336
VIB/BTC,1608522360439,2020-12-21T03:46:00.439Z,buy,8.8e-07,33197.0,0.02921336
VIB/BTC,1608522543152,2020-12-21T03:49:03.152Z,buy,8.8e-07,2210.0,0.0019448
VIB/BTC,1608522960909,2020-12-21T03:56:00.909Z,buy,8.8e-07,2000.0,0.00176
VIB/BTC,1608523113303,2020-12-21T03:58:33.303Z,buy,8.8e-07,341.0,0.00030008
VIB/BTC,1608524378915,2020-12-21T04:19:38.915Z,sell,8.7e-07,129181.0,0.11238747
VIB/BTC,1608524392298,2020-12-21T04:19:52.298Z,buy,8.7e-07,138.0,0.00012006
VIB/BTC,1608524467935,2020-12-21T04:21:07.935Z,buy,8.7e-07,115.0,0.00010005
VIB/BTC,1608524594155,2020-12-21T04:23:14.155Z,sell,8.6e-07,3404.0,0.00292744
VIB/BTC,1608524884270,2020-12-21T04:28:04.270Z,buy,8.7e-07,12527.0,0.01089849
VIB/BTC,1608524917420,2020-12-21T04:28:37.420Z,buy,8.7e-07,12279.0,0.01068273
VIB/BTC,1608525428490,2020-12-21T04:37:08.490Z,buy,8.7e-07,9619.0,0.00836853
VIB/BTC,1608525442842,2020-12-21T04:37:22.842Z,sell,8.6e-07,20394.0,0.01753884
VIB/BTC,1608525442842,2020-12-21T04:37:22.842Z,sell,8.6e-07,20394.0,0.01753884
VIB/BTC,1608525969996,2020-12-21T04:46:09.996Z,sell,8.6e-07,33163.0,0.02852018
VIB/BTC,1608525970187,2020-12-21T04:46:10.187Z,sell,8.6e-07,457.0,0.00039302
VIB/BTC,1608526250693,2020-12-21T04:50:50.693Z,buy,8.7e-07,5400.0,0.004698
VIB/BTC,1608526259273,2020-12-21T04:50:59.273Z,buy,8.7e-07,102502.0,0.08917674
VIB/BTC,1608526259307,2020-12-21T04:50:59.307Z,sell,8.7e-07,1114.0,0.00096918
VIB/BTC,1608526405533,2020-12-21T04:53:25.533Z,sell,8.7e-07,361.0,0.00031407
VIB/BTC,1608526848650,2020-12-21T05:00:48.650Z,sell,8.7e-07,2190.0,0.0019053
VIB/BTC,1608527738684,2020-12-21T05:15:38.684Z,sell,8.7e-07,41024.0,0.03569088
VIB/BTC,1608527779048,2020-12-21T05:16:19.048Z,buy,8.8e-07,41070.0,0.0361416
VIB/BTC,1608527861941,2020-12-21T05:17:41.941Z,buy,8.8e-07,227.0,0.00019976
VIB/BTC,1608528658859,2020-12-21T05:30:58.859Z,sell,8.7e-07,12527.0,0.01089849
VIB/BTC,1608528658859,2020-12-21T05:30:58.859Z,sell,8.7e-07,12527.0,0.01089849
VIB/BTC,1608529280427,2020-12-21T05:41:20.427Z,sell,8.7e-07,12279.0,0.01068273
VIB/BTC,1608529394984,2020-12-21T05:43:14.984Z,sell,8.7e-07,942.0,0.00081954
VIB/BTC,1608529395086,2020-12-21T05:43:15.086Z,sell,8.7e-07,6334.0,0.00551058
VIB/BTC,1608529477422,2020-12-21T05:44:37.422Z,sell,8.7e-07,2496.0,0.00217152
VIB/BTC,1608529657443,2020-12-21T05:47:37.443Z,buy,8.7e-07,3800.0,0.003306
VIB/BTC,1608529672498,2020-12-21T05:47:52.498Z,sell,8.6e-07,120002.0,0.10320172
VIB/BTC,1608529848901,2020-12-21T05:50:48.901Z,sell,8.6e-07,12000.0,0.01032
VIB/BTC,1608530000148,2020-12-21T05:53:20.148Z,sell,8.6e-07,4000.0,0.00344
VIB/BTC,1608530433415,2020-12-21T06:00:33.415Z,sell,8.6e-07,520.0,0.0004472
VIB/BTC,1608530755198,2020-12-21T06:05:55.198Z,sell,8.6e-07,2439.0,0.00209754
VIB/BTC,1608530832073,2020-12-21T06:07:12.073Z,sell,8.6e-07,18610.0,0.0160046
VIB/BTC,1608531599159,2020-12-21T06:19:59.159Z,sell,8.6e-07,61072.0,0.05252192
VIB/BTC,1608531860189,2020-12-21T06:24:20.189Z,sell,8.6e-07,11181.0,0.00961566
VIB/BTC,1608531954939,2020-12-21T06:25:54.939Z,buy,8.7e-07,126.0,0.00010962
VIB/BTC,1608531954939,2020-12-21T06:25:54.939Z,buy,8.7e-07,126.0,0.00010962
VIB/BTC,1608532937116,2020-12-21T06:42:17.116Z,sell,8.6e-07,409.0,0.00035174
VIB/BTC,1608534573017,2020-12-21T07:09:33.017Z,sell,8.6e-07,238.0,0.00020468
VIB/BTC,1608534834381,2020-12-21T07:13:54.381Z,sell,8.6e-07,130376.0,0.11212336
VIB/BTC,1608534842103,2020-12-21T07:14:02.103Z,sell,8.6e-07,56762.0,0.04881532
VIB/BTC,1608534842103,2020-12-21T07:14:02.103Z,sell,8.6e-07,56762.0,0.04881532
VIB/BTC,1608536411028,2020-12-21T07:40:11.028Z,buy,8.7e-07,197.0,0.00017139
VIB/BTC,1608536420667,2020-12-21T07:40:20.667Z,buy,8.7e-07,197.0,0.00017139
VIB/BTC,1608536425348,2020-12-21T07:40:25.348Z,buy,8.7e-07,197.0,0.00017139
VIB/BTC,1608536941682,2020-12-21T07:49:01.682Z,buy,8.7e-07,4275.0,0.00371925
VIB/BTC,1608537038788,2020-12-21T07:50:38.788Z,sell,8.6e-07,175185.0,0.1506591
VIB/BTC,1608537039251,2020-12-21T07:50:39.251Z,buy,8.6e-07,3301.0,0.00283886
VIB/BTC,1608537039868,2020-12-21T07:50:39.868Z,buy,8.6e-07,1770.0,0.0015222
VIB/BTC,1608537057783,2020-12-21T07:50:57.783Z,buy,8.6e-07,7929.0,0.00681894
VIB/BTC,1608537057833,2020-12-21T07:50:57.833Z,sell,8.6e-07,441034.0,0.37928924
VIB/BTC,1608537073126,2020-12-21T07:51:13.126Z,sell,8.6e-07,336722.0,0.28958092
VIB/BTC,1608537081050,2020-12-21T07:51:21.050Z,sell,8.6e-07,32216.0,0.02770576
VIB/BTC,1608537081059,2020-12-21T07:51:21.059Z,buy,8.6e-07,8108.0,0.00697288
VIB/BTC,1608537081460,2020-12-21T07:51:21.460Z,buy,8.6e-07,418689.0,0.36007254
VIB/BTC,1608537081614,2020-12-21T07:51:21.614Z,sell,8.6e-07,16342.0,0.01405412
VIB/BTC,1608537091015,2020-12-21T07:51:31.015Z,sell,8.6e-07,18656.0,0.01604416
VIB/BTC,1608537105372,2020-12-21T07:51:45.372Z,sell,8.6e-07,27647.0,0.02377642
VIB/BTC,1608537105778,2020-12-21T07:51:45.778Z,buy,8.6e-07,438065.0,0.3767359
VIB/BTC,1608537116706,2020-12-21T07:51:56.706Z,sell,8.6e-07,44499.0,0.03826914
VIB/BTC,1608537117104,2020-12-21T07:51:57.104Z,buy,8.6e-07,421213.0,0.36224318
VIB/BTC,1608537126954,2020-12-21T07:52:06.954Z,sell,8.6e-07,260799.0,0.22428714
VIB/BTC,1608537134484,2020-12-21T07:52:14.484Z,sell,8.6e-07,28831.0,0.02479466
VIB/BTC,1608537134894,2020-12-21T07:52:14.894Z,buy,8.6e-07,320453.0,0.27558958
VIB/BTC,1608537143881,2020-12-21T07:52:23.881Z,buy,8.7e-07,331837.0,0.28869819
VIB/BTC,1608537143896,2020-12-21T07:52:23.896Z,sell,8.7e-07,2647.0,0.00230289
VIB/BTC,1608537143902,2020-12-21T07:52:23.902Z,sell,8.7e-07,1471.0,0.00127977
VIB/BTC,1608537143905,2020-12-21T07:52:23.905Z,sell,8.7e-07,2651.0,0.00230637
VIB/BTC,1608537143912,2020-12-21T07:52:23.912Z,sell,8.7e-07,1471.0,0.00127977
VIB/BTC,1608537143929,2020-12-21T07:52:23.929Z,sell,8.7e-07,8031.0,0.00698697
VIB/BTC,1608537143933,2020-12-21T07:52:23.933Z,sell,8.7e-07,1471.0,0.00127977
VIB/BTC,1608537143961,2020-12-21T07:52:23.961Z,sell,8.7e-07,1471.0,0.00127977
VIB/BTC,1608537143961,2020-12-21T07:52:23.961Z,sell,8.7e-07,1548.0,0.00134676
VIB/BTC,1608537143969,2020-12-21T07:52:23.969Z,sell,8.7e-07,1546.0,0.00134502
VIB/BTC,1608537143989,2020-12-21T07:52:23.989Z,sell,8.7e-07,2186.0,0.00190182
VIB/BTC,1608537189541,2020-12-21T07:53:09.541Z,sell,8.7e-07,27943.0,0.02431041
VIB/BTC,1608537193306,2020-12-21T07:53:13.306Z,sell,8.7e-07,30644.0,0.02666028
VIB/BTC,1608537202117,2020-12-21T07:53:22.117Z,sell,8.7e-07,65140.0,0.0566718
VIB/BTC,1608537209687,2020-12-21T07:53:29.687Z,buy,8.8e-07,162850.0,0.143308
VIB/BTC,1608537246526,2020-12-21T07:54:06.526Z,buy,8.8e-07,316330.0,0.2783704
VIB/BTC,1608537246533,2020-12-21T07:54:06.533Z,sell,8.8e-07,20453.0,0.01799864
VIB/BTC,1608537246612,2020-12-21T07:54:06.612Z,sell,8.8e-07,202274.0,0.17800112
VIB/BTC,1608537263805,2020-12-21T07:54:23.805Z,sell,8.7e-07,117827.0,0.10250949
VIB/BTC,1608537267684,2020-12-21T07:54:27.684Z,sell,8.7e-07,130282.0,0.11334534
VIB/BTC,1608537282404,2020-12-21T07:54:42.404Z,sell,8.7e-07,17805.0,0.01549035
VIB/BTC,1608537286523,2020-12-21T07:54:46.523Z,sell,8.7e-07,28785.0,0.02504295
VIB/BTC,1608537332844,2020-12-21T07:55:32.844Z,buy,8.8e-07,28735.0,0.0252868
VIB/BTC,1608537534953,2020-12-21T07:58:54.953Z,buy,8.8e-07,11364.0,0.01000032
VIB/BTC,1608538253810,2020-12-21T08:10:53.810Z,sell,8.7e-07,120612.0,0.10493244
VIB/BTC,1608538276750,2020-12-21T08:11:16.750Z,buy,8.8e-07,135.0,0.0001188
VIB/BTC,1608538348376,2020-12-21T08:12:28.376Z,buy,8.8e-07,519.0,0.00045672
VIB/BTC,1608538366996,2020-12-21T08:12:46.996Z,buy,8.8e-07,132.0,0.00011616
VIB/BTC,1608538415656,2020-12-21T08:13:35.656Z,sell,8.7e-07,1149.0,0.00099963
VIB/BTC,1608538415909,2020-12-21T08:13:35.909Z,sell,8.7e-07,1149.0,0.00099963
VIB/BTC,1608538417653,2020-12-21T08:13:37.653Z,sell,8.7e-07,1149.0,0.00099963
VIB/BTC,1608538417690,2020-12-21T08:13:37.690Z,sell,8.7e-07,1149.0,0.00099963
VIB/BTC,1608538417690,2020-12-21T08:13:37.690Z,sell,8.7e-07,1149.0,0.00099963
VIB/BTC,1608538526525,2020-12-21T08:15:26.525Z,sell,8.7e-07,25596.0,0.02226852
VIB/BTC,1608538551336,2020-12-21T08:15:51.336Z,sell,8.7e-07,31218.0,0.02715966
VIB/BTC,1608538563441,2020-12-21T08:16:03.441Z,sell,8.7e-07,480.0,0.0004176
VIB/BTC,1608538563642,2020-12-21T08:16:03.642Z,sell,8.7e-07,1638.0,0.00142506
VIB/BTC,1608538563778,2020-12-21T08:16:03.778Z,sell,8.7e-07,4022.0,0.00349914
VIB/BTC,1608538573984,2020-12-21T08:16:13.984Z,sell,8.7e-07,1659.0,0.00144333
VIB/BTC,1608538583913,2020-12-21T08:16:23.913Z,buy,8.7e-07,2568.0,0.00223416
VIB/BTC,1608538639367,2020-12-21T08:17:19.367Z,sell,8.7e-07,1149.0,0.00099963
VIB/BTC,1608538757783,2020-12-21T08:19:17.783Z,sell,8.7e-07,25257.0,0.02197359
VIB/BTC,1608538861595,2020-12-21T08:21:01.595Z,sell,8.7e-07,5686.0,0.00494682
VIB/BTC,1608538870352,2020-12-21T08:21:10.352Z,buy,8.7e-07,313.0,0.00027231
VIB/BTC,1608540111963,2020-12-21T08:41:51.963Z,sell,8.7e-07,2858.0,0.00248646
VIB/BTC,1608540114801,2020-12-21T08:41:54.801Z,buy,8.7e-07,75797.0,0.06594339
VIB/BTC,1608540117900,2020-12-21T08:41:57.900Z,sell,8.7e-07,2858.0,0.00248646
VIB/BTC,1608540119293,2020-12-21T08:41:59.293Z,buy,8.7e-07,83686.0,0.07280682
VIB/BTC,1608540124282,2020-12-21T08:42:04.282Z,buy,8.8e-07,83277.0,0.07328376
VIB/BTC,1608540126301,2020-12-21T08:42:06.301Z,buy,8.8e-07,74566.0,0.06561808
VIB/BTC,1608540129790,2020-12-21T08:42:09.790Z,sell,8.7e-07,86588.0,0.07533156
VIB/BTC,1608540132361,2020-12-21T08:42:12.361Z,sell,8.7e-07,83277.0,0.07245099
VIB/BTC,1608540135241,2020-12-21T08:42:15.241Z,sell,8.7e-07,74566.0,0.06487242
VIB/BTC,1608540138399,2020-12-21T08:42:18.399Z,buy,8.8e-07,86588.0,0.07619744
VIB/BTC,1608540140427,2020-12-21T08:42:20.427Z,buy,8.8e-07,78322.0,0.06892336
VIB/BTC,1608540142750,2020-12-21T08:42:22.750Z,buy,8.8e-07,84566.0,0.07441808
VIB/BTC,1608540147085,2020-12-21T08:42:27.085Z,sell,8.7e-07,83277.0,0.07245099
VIB/BTC,1608540149006,2020-12-21T08:42:29.006Z,sell,8.7e-07,74566.0,0.06487242
VIB/BTC,1608540151205,2020-12-21T08:42:31.205Z,sell,8.7e-07,86544.0,0.07529328
VIB/BTC,1608540153080,2020-12-21T08:42:33.080Z,sell,8.7e-07,83277.0,0.07245099
VIB/BTC,1608540157111,2020-12-21T08:42:37.111Z,buy,8.8e-07,83277.0,0.07328376
VIB/BTC,1608540159743,2020-12-21T08:42:39.743Z,buy,8.8e-07,78655.0,0.0692164
VIB/BTC,1608540162206,2020-12-21T08:42:42.206Z,buy,8.8e-07,84566.0,0.07441808
VIB/BTC,1608540163454,2020-12-21T08:42:43.454Z,buy,8.8e-07,127258.0,0.11198704
VIB/BTC,1608540164319,2020-12-21T08:42:44.319Z,buy,8.8e-07,86577.0,0.07618776
VIB/BTC,1608540169293,2020-12-21T08:42:49.293Z,sell,8.7e-07,86544.0,0.07529328
VIB/BTC,1608540172856,2020-12-21T08:42:52.856Z,sell,8.7e-07,86544.0,0.07529328
VIB/BTC,1608540175256,2020-12-21T08:42:55.256Z,sell,8.7e-07,78322.0,0.06814014
VIB/BTC,1608540178436,2020-12-21T08:42:58.436Z,sell,8.7e-07,81448.0,0.07085976
VIB/BTC,1608540181286,2020-12-21T08:43:01.286Z,buy,8.7e-07,3118.0,0.00271266
VIB/BTC,1608540221440,2020-12-21T08:43:41.440Z,buy,8.8e-07,83277.0,0.07328376
VIB/BTC,1608540224377,2020-12-21T08:43:44.377Z,buy,8.8e-07,78655.0,0.0692164
VIB/BTC,1608540226368,2020-12-21T08:43:46.368Z,buy,8.8e-07,84566.0,0.07441808
VIB/BTC,1608540228464,2020-12-21T08:43:48.464Z,buy,8.8e-07,78322.0,0.06892336
VIB/BTC,1608540233081,2020-12-21T08:43:53.081Z,sell,8.7e-07,84577.0,0.07358199
VIB/BTC,1608540235621,2020-12-21T08:43:55.621Z,sell,8.7e-07,84577.0,0.07358199
VIB/BTC,1608540238494,2020-12-21T08:43:58.494Z,sell,8.7e-07,83277.0,0.07245099
VIB/BTC,1608540240776,2020-12-21T08:44:00.776Z,sell,8.7e-07,74566.0,0.06487242
VIB/BTC,1608540303627,2020-12-21T08:45:03.627Z,buy,8.8e-07,74566.0,0.06561808
VIB/BTC,1608540306826,2020-12-21T08:45:06.826Z,buy,8.8e-07,86544.0,0.07615872
VIB/BTC,1608540437463,2020-12-21T08:47:17.463Z,sell,8.7e-07,992.0,0.00086304
VIB/BTC,1608540469077,2020-12-21T08:47:49.077Z,buy,8.8e-07,84566.0,0.07441808
VIB/BTC,1608540471350,2020-12-21T08:47:51.350Z,buy,8.8e-07,74588.0,0.06563744
VIB/BTC,1608540475688,2020-12-21T08:47:55.688Z,sell,8.7e-07,83277.0,0.07245099
VIB/BTC,1608540478140,2020-12-21T08:47:58.140Z,sell,8.7e-07,78655.0,0.06842985
VIB/BTC,1608540480766,2020-12-21T08:48:00.766Z,sell,8.7e-07,86544.0,0.07529328
VIB/BTC,1608540487055,2020-12-21T08:48:07.055Z,buy,8.8e-07,83277.0,0.07328376
VIB/BTC,1608540491363,2020-12-21T08:48:11.363Z,buy,8.8e-07,78655.0,0.0692164
VIB/BTC,1608540494397,2020-12-21T08:48:14.397Z,buy,8.8e-07,76588.0,0.06739744
VIB/BTC,1608540501547,2020-12-21T08:48:21.547Z,sell,8.7e-07,83277.0,0.07245099
VIB/BTC,1608540505812,2020-12-21T08:48:25.812Z,sell,8.7e-07,84566.0,0.07357242
VIB/BTC,1608540508863,2020-12-21T08:48:28.863Z,sell,8.7e-07,83277.0,0.07245099
VIB/BTC,1608540524320,2020-12-21T08:48:44.320Z,buy,8.8e-07,83277.0,0.07328376
VIB/BTC,1608540526984,2020-12-21T08:48:46.984Z,buy,8.8e-07,78655.0,0.0692164
VIB/BTC,1608540531752,2020-12-21T08:48:51.752Z,buy,8.8e-07,84566.0,0.07441808
VIB/BTC,1608540536618,2020-12-21T08:48:56.618Z,sell,8.7e-07,83277.0,0.07245099
VIB/BTC,1608540539209,2020-12-21T08:48:59.209Z,sell,8.7e-07,78655.0,0.06842985
VIB/BTC,1608540541409,2020-12-21T08:49:01.409Z,sell,8.7e-07,83277.0,0.07245099
VIB/BTC,1608540545530,2020-12-21T08:49:05.530Z,buy,8.8e-07,83277.0,0.07328376
VIB/BTC,1608540548801,2020-12-21T08:49:08.801Z,buy,8.8e-07,74566.0,0.06561808
VIB/BTC,1608540551273,2020-12-21T08:49:11.273Z,buy,8.8e-07,74566.0,0.06561808
VIB/BTC,1608540556496,2020-12-21T08:49:16.496Z,sell,8.7e-07,86544.0,0.07529328
VIB/BTC,1608540572101,2020-12-21T08:49:32.101Z,sell,8.7e-07,83277.0,0.07245099
VIB/BTC,1608540589851,2020-12-21T08:49:49.851Z,sell,8.7e-07,83277.0,0.07245099
VIB/BTC,1608540594933,2020-12-21T08:49:54.933Z,buy,8.8e-07,78655.0,0.0692164
VIB/BTC,1608540643654,2020-12-21T08:50:43.654Z,sell,8.7e-07,86544.0,0.07529328
VIB/BTC,1608540647378,2020-12-21T08:50:47.378Z,buy,8.8e-07,78655.0,0.0692164
VIB/BTC,1608540650700,2020-12-21T08:50:50.700Z,buy,8.8e-07,78655.0,0.0692164
VIB/BTC,1608540652644,2020-12-21T08:50:52.644Z,buy,8.8e-07,83277.0,0.07328376
VIB/BTC,1608540656677,2020-12-21T08:50:56.677Z,sell,8.7e-07,86544.0,0.07529328
VIB/BTC,1608540659185,2020-12-21T08:50:59.185Z,sell,8.7e-07,83277.0,0.07245099
VIB/BTC,1608540661340,2020-12-21T08:51:01.340Z,sell,8.7e-07,78655.0,0.06842985
VIB/BTC,1608540665463,2020-12-21T08:51:05.463Z,buy,8.8e-07,84566.0,0.07441808
VIB/BTC,1608540669860,2020-12-21T08:51:09.860Z,buy,8.8e-07,87688.0,0.07716544
VIB/BTC,1608540672241,2020-12-21T08:51:12.241Z,buy,8.8e-07,83277.0,0.07328376
VIB/BTC,1608540675832,2020-12-21T08:51:15.832Z,sell,8.7e-07,78655.0,0.06842985
VIB/BTC,1608540678017,2020-12-21T08:51:18.017Z,sell,8.7e-07,83277.0,0.07245099
VIB/BTC,1608540679972,2020-12-21T08:51:19.972Z,sell,8.7e-07,78655.0,0.06842985
VIB/BTC,1608540684021,2020-12-21T08:51:24.021Z,buy,8.8e-07,86544.0,0.07615872
VIB/BTC,1608540686499,2020-12-21T08:51:26.499Z,buy,8.8e-07,83277.0,0.07328376
VIB/BTC,1608540691327,2020-12-21T08:51:31.327Z,buy,8.8e-07,74566.0,0.06561808
VIB/BTC,1608540697161,2020-12-21T08:51:37.161Z,sell,8.7e-07,83277.0,0.07245099
VIB/BTC,1608540699584,2020-12-21T08:51:39.584Z,sell,8.7e-07,74566.0,0.06487242
VIB/BTC,1608540701475,2020-12-21T08:51:41.475Z,sell,8.7e-07,83277.0,0.07245099
VIB/BTC,1608540705180,2020-12-21T08:51:45.180Z,buy,8.8e-07,78655.0,0.0692164
VIB/BTC,1608540709409,2020-12-21T08:51:49.409Z,buy,8.8e-07,83277.0,0.07328376
VIB/BTC,1608540772498,2020-12-21T08:52:52.498Z,buy,8.8e-07,158.0,0.00013904
VIB/BTC,1608540820688,2020-12-21T08:53:40.688Z,buy,8.8e-07,4031.0,0.00354728
VIB/BTC,1608540982005,2020-12-21T08:56:22.005Z,sell,8.7e-07,103611.0,0.09014157
VIB/BTC,1608541083275,2020-12-21T08:58:03.275Z,sell,8.7e-07,573.0,0.00049851
VIB/BTC,1608541100574,2020-12-21T08:58:20.574Z,sell,8.7e-07,132.0,0.00011484
VIB/BTC,1608541154112,2020-12-21T08:59:14.112Z,sell,8.7e-07,106502.0,0.09265674
VIB/BTC,1608541197643,2020-12-21T08:59:57.643Z,sell,8.6e-07,185514.0,0.15954204
VIB/BTC,1608541197650,2020-12-21T08:59:57.650Z,buy,8.6e-07,141698.0,0.12186028
VIB/BTC,1608541197720,2020-12-21T08:59:57.720Z,sell,8.5e-07,4860.0,0.004131
VIB/BTC,1608541226562,2020-12-21T09:00:26.562Z,buy,8.6e-07,139.0,0.00011954
VIB/BTC,1608541262807,2020-12-21T09:01:02.807Z,buy,8.6e-07,791.0,0.00068026
VIB/BTC,1608541262930,2020-12-21T09:01:02.930Z,buy,8.6e-07,1596.0,0.00137256
VIB/BTC,1608541263166,2020-12-21T09:01:03.166Z,buy,8.6e-07,610.0,0.0005246
VIB/BTC,1608541264017,2020-12-21T09:01:04.017Z,sell,8.5e-07,13299.0,0.01130415
VIB/BTC,1608541276054,2020-12-21T09:01:16.054Z,buy,8.6e-07,124.0,0.00010664
VIB/BTC,1608541304356,2020-12-21T09:01:44.356Z,sell,8.5e-07,127132.0,0.1080622
VIB/BTC,1608541319738,2020-12-21T09:01:59.738Z,sell,8.5e-07,100534.0,0.0854539
VIB/BTC,1608541319893,2020-12-21T09:01:59.893Z,buy,8.5e-07,3963.0,0.00336855
VIB/BTC,1608541321140,2020-12-21T09:02:01.140Z,buy,8.5e-07,1820.0,0.001547
VIB/BTC,1608541332668,2020-12-21T09:02:12.668Z,buy,8.5e-07,2754.0,0.0023409
VIB/BTC,1608541414790,2020-12-21T09:03:34.790Z,sell,8.5e-07,78322.0,0.0665737
VIB/BTC,1608541416580,2020-12-21T09:03:36.580Z,sell,8.5e-07,18139.0,0.01541815
VIB/BTC,1608541416580,2020-12-21T09:03:36.580Z,sell,8.4e-07,66427.0,0.05579868
VIB/BTC,1608541416580,2020-12-21T09:03:36.580Z,sell,8.4e-07,3247.0,0.00272748
VIB/BTC,1608541416596,2020-12-21T09:03:36.596Z,buy,8.6e-07,33.0,2.838e-05
VIB/BTC,1608541421265,2020-12-21T09:03:41.265Z,buy,8.5e-07,16438.0,0.0139723
VIB/BTC,1608541421265,2020-12-21T09:03:41.265Z,buy,8.6e-07,66839.0,0.05748154
VIB/BTC,1608541424052,2020-12-21T09:03:44.052Z,buy,8.5e-07,120.0,0.000102
VIB/BTC,1608541424052,2020-12-21T09:03:44.052Z,buy,8.6e-07,74446.0,0.06402356
VIB/BTC,1608541426116,2020-12-21T09:03:46.116Z,buy,8.5e-07,1714.0,0.0014569
VIB/BTC,1608541426116,2020-12-21T09:03:46.116Z,buy,8.6e-07,84830.0,0.0729538
VIB/BTC,1608541431676,2020-12-21T09:03:51.676Z,sell,8.5e-07,83277.0,0.07078545
VIB/BTC,1608541433729,2020-12-21T09:03:53.729Z,sell,8.5e-07,78655.0,0.06685675
VIB/BTC,1608541438470,2020-12-21T09:03:58.470Z,sell,8.5e-07,3394.0,0.0028849
VIB/BTC,1608541438470,2020-12-21T09:03:58.470Z,sell,8.4e-07,81172.0,0.06818448
VIB/BTC,1608541439842,2020-12-21T09:03:59.842Z,buy,8.5e-07,17025.0,0.01447125
VIB/BTC,1608541446466,2020-12-21T09:04:06.466Z,buy,8.6e-07,84566.0,0.07272676
VIB/BTC,1608541448826,2020-12-21T09:04:08.826Z,buy,8.6e-07,77892.0,0.06698712
VIB/BTC,1608541448826,2020-12-21T09:04:08.826Z,buy,8.7e-07,5385.0,0.00468495
VIB/BTC,1608541450944,2020-12-21T09:04:10.944Z,buy,8.6e-07,17025.0,0.0146415
VIB/BTC,1608541450944,2020-12-21T09:04:10.944Z,buy,8.7e-07,61630.0,0.0536181
VIB/BTC,1608541453298,2020-12-21T09:04:13.298Z,sell,8.5e-07,120.0,0.000102
VIB/BTC,1608541456538,2020-12-21T09:04:16.538Z,sell,8.5e-07,5931.0,0.00504135
VIB/BTC,1608541456804,2020-12-21T09:04:16.804Z,sell,8.5e-07,83277.0,0.07078545
VIB/BTC,1608541458878,2020-12-21T09:04:18.878Z,sell,8.5e-07,78655.0,0.06685675
VIB/BTC,1608541461061,2020-12-21T09:04:21.061Z,sell,8.5e-07,84566.0,0.0718811
VIB/BTC,1608541465839,2020-12-21T09:04:25.839Z,buy,8.6e-07,83277.0,0.07161822
VIB/BTC,1608541468412,2020-12-21T09:04:28.412Z,buy,8.6e-07,74566.0,0.06412676
VIB/BTC,1608541470731,2020-12-21T09:04:30.731Z,buy,8.6e-07,86588.0,0.07446568
VIB/BTC,1608541476175,2020-12-21T09:04:36.175Z,sell,8.5e-07,78322.0,0.0665737
VIB/BTC,1608541478132,2020-12-21T09:04:38.132Z,sell,8.5e-07,84566.0,0.0718811
VIB/BTC,1608541478197,2020-12-21T09:04:38.197Z,sell,8.5e-07,266.0,0.0002261
VIB/BTC,1608541481064,2020-12-21T09:04:41.064Z,sell,8.5e-07,83255.0,0.07076675
VIB/BTC,1608541484931,2020-12-21T09:04:44.931Z,buy,8.6e-07,84566.0,0.07272676
VIB/BTC,1608541487718,2020-12-21T09:04:47.718Z,buy,8.6e-07,83277.0,0.07161822
VIB/BTC,1608541490118,2020-12-21T09:04:50.118Z,buy,8.6e-07,36615.0,0.0314889
VIB/BTC,1608541530515,2020-12-21T09:05:30.515Z,sell,8.6e-07,37951.0,0.03263786
VIB/BTC,1608541530515,2020-12-21T09:05:30.515Z,sell,8.5e-07,48593.0,0.04130405
VIB/BTC,1608541534944,2020-12-21T09:05:34.944Z,buy,8.6e-07,38221.0,0.03287006
VIB/BTC,1608541534944,2020-12-21T09:05:34.944Z,buy,8.7e-07,45056.0,0.03919872
VIB/BTC,1608541534944,2020-12-21T09:05:34.944Z,buy,8.6e-07,38221.0,0.03287006
VIB/BTC,1608541534944,2020-12-21T09:05:34.944Z,buy,8.7e-07,45056.0,0.03919872
VIB/BTC,1608542073604,2020-12-21T09:14:33.604Z,buy,8.6e-07,6666.0,0.00573276
VIB/BTC,1608542227915,2020-12-21T09:17:07.915Z,buy,8.6e-07,117.0,0.00010062
VIB/BTC,1608542392510,2020-12-21T09:19:52.510Z,buy,8.6e-07,242.0,0.00020812
VIB/BTC,1608543136190,2020-12-21T09:32:16.190Z,buy,8.6e-07,5242.0,0.00450812
VIB/BTC,1608543136203,2020-12-21T09:32:16.203Z,sell,8.6e-07,974.0,0.00083764
VIB/BTC,1608543136205,2020-12-21T09:32:16.205Z,sell,8.6e-07,9674.0,0.00831964
VIB/BTC,1608543136205,2020-12-21T09:32:16.205Z,sell,8.6e-07,2286.0,0.00196596
VIB/BTC,1608543194184,2020-12-21T09:33:14.184Z,buy,8.6e-07,20072.0,0.01726192
VIB/BTC,1608543195523,2020-12-21T09:33:15.523Z,sell,8.6e-07,3184.0,0.00273824
VIB/BTC,1608543304682,2020-12-21T09:35:04.682Z,sell,8.5e-07,86544.0,0.0735624
VIB/BTC,1608543306844,2020-12-21T09:35:06.844Z,sell,8.5e-07,46653.0,0.03965505
VIB/BTC,1608543312354,2020-12-21T09:35:12.354Z,buy,8.5e-07,86544.0,0.0735624
VIB/BTC,1608543314206,2020-12-21T09:35:14.206Z,buy,8.5e-07,74566.0,0.0633811
VIB/BTC,1608543318840,2020-12-21T09:35:18.840Z,sell,8.4e-07,83277.0,0.06995268
VIB/BTC,1608543320568,2020-12-21T09:35:20.568Z,sell,8.4e-07,33656.0,0.02827104
VIB/BTC,1608543320586,2020-12-21T09:35:20.586Z,buy,8.4e-07,448.0,0.00037632
VIB/BTC,1608543320586,2020-12-21T09:35:20.586Z,buy,8.4e-07,448.0,0.00037632
VIB/BTC,1608543320586,2020-12-21T09:35:20.586Z,buy,8.4e-07,448.0,0.00037632
VIB/BTC,1608543320586,2020-12-21T09:35:20.586Z,buy,8.4e-07,448.0,0.00037632
VIB/BTC,1608543320587,2020-12-21T09:35:20.587Z,buy,8.4e-07,448.0,0.00037632
VIB/BTC,1608543320587,2020-12-21T09:35:20.587Z,buy,8.4e-07,448.0,0.00037632
VIB/BTC,1608543320592,2020-12-21T09:35:20.592Z,buy,8.4e-07,448.0,0.00037632
VIB/BTC,1608543320592,2020-12-21T09:35:20.592Z,buy,8.4e-07,448.0,0.00037632
VIB/BTC,1608543320593,2020-12-21T09:35:20.593Z,buy,8.4e-07,448.0,0.00037632
VIB/BTC,1608543320593,2020-12-21T09:35:20.593Z,buy,8.4e-07,448.0,0.00037632
VIB/BTC,1608543320593,2020-12-21T09:35:20.593Z,buy,8.4e-07,448.0,0.00037632
VIB/BTC,1608543320593,2020-12-21T09:35:20.593Z,buy,8.4e-07,448.0,0.00037632
VIB/BTC,1608543320593,2020-12-21T09:35:20.593Z,buy,8.4e-07,448.0,0.00037632
VIB/BTC,1608543320593,2020-12-21T09:35:20.593Z,buy,8.4e-07,448.0,0.00037632
VIB/BTC,1608543320593,2020-12-21T09:35:20.593Z,buy,8.4e-07,448.0,0.00037632
VIB/BTC,1608543320593,2020-12-21T09:35:20.593Z,buy,8.4e-07,448.0,0.00037632
VIB/BTC,1608543320593,2020-12-21T09:35:20.593Z,buy,8.4e-07,448.0,0.00037632
VIB/BTC,1608543320593,2020-12-21T09:35:20.593Z,buy,8.4e-07,448.0,0.00037632
VIB/BTC,1608543320593,2020-12-21T09:35:20.593Z,buy,8.4e-07,448.0,0.00037632
VIB/BTC,1608543320593,2020-12-21T09:35:20.593Z,buy,8.4e-07,448.0,0.00037632
VIB/BTC,1608543320593,2020-12-21T09:35:20.593Z,buy,8.4e-07,448.0,0.00037632
VIB/BTC,1608543320593,2020-12-21T09:35:20.593Z,buy,8.4e-07,448.0,0.00037632
VIB/BTC,1608543320593,2020-12-21T09:35:20.593Z,buy,8.4e-07,448.0,0.00037632
VIB/BTC,1608543320593,2020-12-21T09:35:20.593Z,buy,8.4e-07,448.0,0.00037632
VIB/BTC,1608543320593,2020-12-21T09:35:20.593Z,buy,8.4e-07,448.0,0.00037632
VIB/BTC,1608543320593,2020-12-21T09:35:20.593Z,buy,8.4e-07,448.0,0.00037632
VIB/BTC,1608543320593,2020-12-21T09:35:20.593Z,buy,8.4e-07,448.0,0.00037632
VIB/BTC,1608543320593,2020-12-21T09:35:20.593Z,buy,8.4e-07,448.0,0.00037632
VIB/BTC,1608543320593,2020-12-21T09:35:20.593Z,buy,8.4e-07,448.0,0.00037632
VIB/BTC,1608543320593,2020-12-21T09:35:20.593Z,buy,8.4e-07,448.0,0.00037632
VIB/BTC,1608543320593,2020-12-21T09:35:20.593Z,buy,8.4e-07,448.0,0.00037632
VIB/BTC,1608543320594,2020-12-21T09:35:20.594Z,buy,8.4e-07,448.0,0.00037632
VIB/BTC,1608543320594,2020-12-21T09:35:20.594Z,buy,8.4e-07,448.0,0.00037632
VIB/BTC,1608543320594,2020-12-21T09:35:20.594Z,buy,8.4e-07,448.0,0.00037632
VIB/BTC,1608543320594,2020-12-21T09:35:20.594Z,buy,8.4e-07,448.0,0.00037632
VIB/BTC,1608543320594,2020-12-21T09:35:20.594Z,buy,8.4e-07,448.0,0.00037632
VIB/BTC,1608543320594,2020-12-21T09:35:20.594Z,buy,8.4e-07,448.0,0.00037632
VIB/BTC,1608543320594,2020-12-21T09:35:20.594Z,buy,8.4e-07,448.0,0.00037632
VIB/BTC,1608543320595,2020-12-21T09:35:20.595Z,buy,8.4e-07,448.0,0.00037632
VIB/BTC,1608543320595,2020-12-21T09:35:20.595Z,buy,8.4e-07,448.0,0.00037632
VIB/BTC,1608543320595,2020-12-21T09:35:20.595Z,buy,8.4e-07,448.0,0.00037632
VIB/BTC,1608543320598,2020-12-21T09:35:20.598Z,buy,8.4e-07,448.0,0.00037632
VIB/BTC,1608543320598,2020-12-21T09:35:20.598Z,buy,8.4e-07,448.0,0.00037632
VIB/BTC,1608543320598,2020-12-21T09:35:20.598Z,buy,8.4e-07,448.0,0.00037632
VIB/BTC,1608543320599,2020-12-21T09:35:20.599Z,buy,8.4e-07,448.0,0.00037632
VIB/BTC,1608543320607,2020-12-21T09:35:20.607Z,buy,8.4e-07,2039.0,0.00171276
VIB/BTC,1608543320612,2020-12-21T09:35:20.612Z,buy,8.4e-07,2046.0,0.00171864
VIB/BTC,1608543320648,2020-12-21T09:35:20.648Z,buy,8.4e-07,636.0,0.00053424
VIB/BTC,1608543320757,2020-12-21T09:35:20.757Z,sell,8.3e-07,50044.0,0.04153652
VIB/BTC,1608543320878,2020-12-21T09:35:20.878Z,sell,8.3e-07,4110.0,0.0034113
VIB/BTC,1608543321404,2020-12-21T09:35:21.404Z,buy,8.4e-07,9747.0,0.00818748
VIB/BTC,1608543321741,2020-12-21T09:35:21.741Z,buy,8.4e-07,124.0,0.00010416
VIB/BTC,1608543322123,2020-12-21T09:35:22.123Z,buy,8.4e-07,2188.0,0.00183792
VIB/BTC,1608543325495,2020-12-21T09:35:25.495Z,buy,8.4e-07,20738.0,0.01741992
VIB/BTC,1608543325495,2020-12-21T09:35:25.495Z,buy,8.5e-07,65806.0,0.0559351
VIB/BTC,1608543327696,2020-12-21T09:35:27.696Z,buy,8.5e-07,83277.0,0.07078545
VIB/BTC,1608543335633,2020-12-21T09:35:35.633Z,sell,8.5e-07,83277.0,0.07078545
VIB/BTC,1608543344393,2020-12-21T09:35:44.393Z,buy,8.5e-07,86588.0,0.0735998
VIB/BTC,1608543348090,2020-12-21T09:35:48.090Z,sell,8.4e-07,32163.0,0.02701692
VIB/BTC,1608543348090,2020-12-21T09:35:48.090Z,sell,8.3e-07,42403.0,0.03519449
VIB/BTC,1608543349924,2020-12-21T09:35:49.924Z,sell,8.3e-07,16839.0,0.01397637
VIB/BTC,1608543352646,2020-12-21T09:35:52.646Z,buy,8.5e-07,83277.0,0.07078545
VIB/BTC,1608543354902,2020-12-21T09:35:54.902Z,buy,8.5e-07,74566.0,0.0633811
VIB/BTC,1608543357682,2020-12-21T09:35:57.682Z,buy,8.5e-07,83277.0,0.07078545
VIB/BTC,1608543361350,2020-12-21T09:36:01.350Z,sell,8.4e-07,86544.0,0.07269696
VIB/BTC,1608543363800,2020-12-21T09:36:03.800Z,sell,8.4e-07,48322.0,0.04059048
VIB/BTC,1608543408053,2020-12-21T09:36:48.053Z,sell,8.4e-07,64528.0,0.05420352
VIB/BTC,1608543420674,2020-12-21T09:37:00.674Z,sell,8.4e-07,588.0,0.00049392
VIB/BTC,1608543467858,2020-12-21T09:37:47.858Z,buy,8.5e-07,4718.0,0.0040103
VIB/BTC,1608543532343,2020-12-21T09:38:52.343Z,buy,8.5e-07,12561.0,0.01067685
VIB/BTC,1608543532351,2020-12-21T09:38:52.351Z,sell,8.5e-07,2140.0,0.001819
VIB/BTC,1608543532362,2020-12-21T09:38:52.362Z,sell,8.5e-07,478.0,0.0004063
VIB/BTC,1608543553435,2020-12-21T09:39:13.435Z,buy,8.6e-07,158.0,0.00013588
VIB/BTC,1608543555927,2020-12-21T09:39:15.927Z,buy,8.6e-07,169.0,0.00014534
VIB/BTC,1608543579929,2020-12-21T09:39:39.929Z,sell,8.5e-07,5955.0,0.00506175
VIB/BTC,1608543613859,2020-12-21T09:40:13.859Z,buy,8.5e-07,127.0,0.00010795
VIB/BTC,1608543649560,2020-12-21T09:40:49.560Z,buy,8.5e-07,157.0,0.00013345
VIB/BTC,1608543665648,2020-12-21T09:41:05.648Z,sell,8.5e-07,38000.0,0.0323
VIB/BTC,1608543701507,2020-12-21T09:41:41.507Z,sell,8.5e-07,1190.0,0.0010115
VIB/BTC,1608543893040,2020-12-21T09:44:53.040Z,sell,8.5e-07,247966.0,0.2107711
VIB/BTC,1608543896667,2020-12-21T09:44:56.667Z,buy,8.5e-07,6682.0,0.0056797
VIB/BTC,1608543955614,2020-12-21T09:45:55.614Z,sell,8.5e-07,28567.0,0.02428195
VIB/BTC,1608544005931,2020-12-21T09:46:45.931Z,sell,8.4e-07,158.0,0.00013272
VIB/BTC,1608544021248,2020-12-21T09:47:01.248Z,sell,8.4e-07,108235.0,0.0909174
VIB/BTC,1608544021255,2020-12-21T09:47:01.255Z,buy,8.4e-07,20636.0,0.01733424
VIB/BTC,1608544021265,2020-12-21T09:47:01.265Z,buy,8.4e-07,2445.0,0.0020538
VIB/BTC,1608544021274,2020-12-21T09:47:01.274Z,buy,8.4e-07,2440.0,0.0020496
VIB/BTC,1608544021701,2020-12-21T09:47:01.701Z,buy,8.4e-07,6992.0,0.00587328
VIB/BTC,1608544022704,2020-12-21T09:47:02.704Z,buy,8.4e-07,2498.0,0.00209832
VIB/BTC,1608544024114,2020-12-21T09:47:04.114Z,buy,8.4e-07,1309.0,0.00109956
VIB/BTC,1608544025028,2020-12-21T09:47:05.028Z,buy,8.4e-07,79.0,6.636e-05
VIB/BTC,1608544046079,2020-12-21T09:47:26.079Z,buy,8.4e-07,1512.0,0.00127008
VIB/BTC,1608544053469,2020-12-21T09:47:33.469Z,buy,8.4e-07,841.0,0.00070644
VIB/BTC,1608544056750,2020-12-21T09:47:36.750Z,sell,8.4e-07,730.0,0.0006132
VIB/BTC,1608544056750,2020-12-21T09:47:36.750Z,sell,8.3e-07,850.0,0.0007055
VIB/BTC,1608544116386,2020-12-21T09:48:36.386Z,sell,8.4e-07,54046.0,0.04539864
VIB/BTC,1608544137246,2020-12-21T09:48:57.246Z,sell,8.4e-07,16067.0,0.01349628
VIB/BTC,1608544160732,2020-12-21T09:49:20.732Z,sell,8.3e-07,9807.0,0.00813981
VIB/BTC,1608544161485,2020-12-21T09:49:21.485Z,buy,8.4e-07,7700.0,0.006468
VIB/BTC,1608544174430,2020-12-21T09:49:34.430Z,buy,8.4e-07,2042.0,0.00171528
VIB/BTC,1608544224574,2020-12-21T09:50:24.574Z,buy,8.4e-07,1132.0,0.00095088
VIB/BTC,1608544241000,2020-12-21T09:50:41.000Z,buy,8.4e-07,3.0,2.52e-06
VIB/BTC,1608544475394,2020-12-21T09:54:35.394Z,buy,8.5e-07,1269.0,0.00107865
VIB/BTC,1608544782043,2020-12-21T09:59:42.043Z,buy,8.5e-07,998.0,0.0008483
VIB/BTC,1608545102764,2020-12-21T10:05:02.764Z,sell,8.4e-07,31411.0,0.02638524
VIB/BTC,1608545102780,2020-12-21T10:05:02.780Z,buy,8.4e-07,2817.0,0.00236628
VIB/BTC,1608545103443,2020-12-21T10:05:03.443Z,buy,8.4e-07,14108.0,0.01185072
VIB/BTC,1608545104535,2020-12-21T10:05:04.535Z,buy,8.4e-07,5039.0,0.00423276
VIB/BTC,1608545105794,2020-12-21T10:05:05.794Z,buy,8.4e-07,1799.0,0.00151116
VIB/BTC,1608545105794,2020-12-21T10:05:05.794Z,buy,8.4e-07,1799.0,0.00151116
VIB/BTC,1608545176306,2020-12-21T10:06:16.306Z,buy,8.4e-07,2352.0,0.00197568
VIB/BTC,1608545205945,2020-12-21T10:06:45.945Z,buy,8.4e-07,2380.0,0.0019992
VIB/BTC,1608545266213,2020-12-21T10:07:46.213Z,buy,8.4e-07,6803.0,0.00571452
VIB/BTC,1608545286902,2020-12-21T10:08:06.902Z,buy,8.4e-07,3725.0,0.003129
VIB/BTC,1608545286908,2020-12-21T10:08:06.908Z,buy,8.4e-07,3741.0,0.00314244
VIB/BTC,1608545360558,2020-12-21T10:09:20.558Z,buy,8.4e-07,103.0,8.652e-05
VIB/BTC,1608545406751,2020-12-21T10:10:06.751Z,buy,8.4e-07,120.0,0.0001008
VIB/BTC,1608545407720,2020-12-21T10:10:07.720Z,buy,8.4e-07,120.0,0.0001008
VIB/BTC,1608545408816,2020-12-21T10:10:08.816Z,buy,8.4e-07,120.0,0.0001008
VIB/BTC,1608545442201,2020-12-21T10:10:42.201Z,buy,8.4e-07,108.0,9.072e-05
VIB/BTC,1608545896238,2020-12-21T10:18:16.238Z,sell,8.3e-07,32290.0,0.0268007
VIB/BTC,1608545947855,2020-12-21T10:19:07.855Z,sell,8.3e-07,1584.0,0.00131472
VIB/BTC,1608546006347,2020-12-21T10:20:06.347Z,sell,8.3e-07,3428.0,0.00284524
VIB/BTC,1608546016933,2020-12-21T10:20:16.933Z,buy,8.4e-07,38.0,3.192e-05
VIB/BTC,1608546038691,2020-12-21T10:20:38.691Z,sell,8.3e-07,1583.0,0.00131389
VIB/BTC,1608546123168,2020-12-21T10:22:03.168Z,sell,8.3e-07,2547.0,0.00211401
VIB/BTC,1608546172647,2020-12-21T10:22:52.647Z,sell,8.3e-07,610.0,0.0005063
VIB/BTC,1608546172887,2020-12-21T10:22:52.887Z,sell,8.3e-07,1596.0,0.00132468
VIB/BTC,1608546172985,2020-12-21T10:22:52.985Z,sell,8.3e-07,791.0,0.00065653
VIB/BTC,1608546204488,2020-12-21T10:23:24.488Z,sell,8.3e-07,8898.0,0.00738534
VIB/BTC,1608546209440,2020-12-21T10:23:29.440Z,sell,8.3e-07,17110.0,0.0142013
VIB/BTC,1608546209864,2020-12-21T10:23:29.864Z,buy,8.3e-07,4835.0,0.00401305
VIB/BTC,1608546210036,2020-12-21T10:23:30.036Z,buy,8.3e-07,8441.0,0.00700603
VIB/BTC,1608546210148,2020-12-21T10:23:30.148Z,buy,8.3e-07,8441.0,0.00700603
VIB/BTC,1608546210326,2020-12-21T10:23:30.326Z,buy,8.3e-07,8441.0,0.00700603
VIB/BTC,1608546210391,2020-12-21T10:23:30.391Z,buy,8.3e-07,1025.0,0.0008507499999999
VIB/BTC,1608546210933,2020-12-21T10:23:30.933Z,buy,8.3e-07,1831.0,0.00151973
VIB/BTC,1608546215162,2020-12-21T10:23:35.162Z,buy,8.3e-07,769.0,0.00063827
VIB/BTC,1608546220048,2020-12-21T10:23:40.048Z,buy,8.3e-07,7343.0,0.00609469
VIB/BTC,1608546242777,2020-12-21T10:24:02.777Z,buy,8.3e-07,1684.0,0.00139772
VIB/BTC,1608546346953,2020-12-21T10:25:46.953Z,buy,8.3e-07,172.0,0.00014276
VIB/BTC,1608546349638,2020-12-21T10:25:49.638Z,buy,8.3e-07,15445.0,0.01281935
VIB/BTC,1608546580785,2020-12-21T10:29:40.785Z,buy,8.3e-07,3587.0,0.00297721
VIB/BTC,1608546587947,2020-12-21T10:29:47.947Z,buy,8.3e-07,3587.0,0.00297721
VIB/BTC,1608546601437,2020-12-21T10:30:01.437Z,buy,8.3e-07,27040.0,0.0224432
VIB/BTC,1608546645739,2020-12-21T10:30:45.739Z,buy,8.3e-07,1875.0,0.00155625
VIB/BTC,1608546647836,2020-12-21T10:30:47.836Z,sell,8.2e-07,40204.0,0.03296728
VIB/BTC,1608546647836,2020-12-21T10:30:47.836Z,sell,8.2e-07,10000.0,0.0082
VIB/BTC,1608546919227,2020-12-21T10:35:19.227Z,sell,8.2e-07,25825.0,0.0211765
VIB/BTC,1608546920756,2020-12-21T10:35:20.756Z,sell,8.2e-07,9179.0,0.00752678
VIB/BTC,1608546943142,2020-12-21T10:35:43.142Z,buy,8.3e-07,4454.0,0.00369682
VIB/BTC,1608546962809,2020-12-21T10:36:02.809Z,buy,8.3e-07,10000.0,0.0083
VIB/BTC,1608547044276,2020-12-21T10:37:24.276Z,sell,8.2e-07,240.0,0.0001967999999999
VIB/BTC,1608547062725,2020-12-21T10:37:42.725Z,buy,8.3e-07,122.0,0.00010126
VIB/BTC,1608547216045,2020-12-21T10:40:16.045Z,buy,8.3e-07,1422.0,0.00118026
VIB/BTC,1608547456207,2020-12-21T10:44:16.207Z,buy,8.3e-07,802.0,0.00066566
VIB/BTC,1608547457957,2020-12-21T10:44:17.957Z,buy,8.3e-07,631.0,0.00052373
VIB/BTC,1608547457963,2020-12-21T10:44:17.963Z,buy,8.3e-07,1618.0,0.00134294
VIB/BTC,1608547514707,2020-12-21T10:45:14.707Z,sell,8.2e-07,19225.0,0.0157645
VIB/BTC,1608547514724,2020-12-21T10:45:14.724Z,buy,8.2e-07,1567.0,0.00128494
VIB/BTC,1608547514724,2020-12-21T10:45:14.724Z,buy,8.2e-07,1565.0,0.0012833
VIB/BTC,1608547516340,2020-12-21T10:45:16.340Z,buy,8.2e-07,1341.0,0.00109962
VIB/BTC,1608547516375,2020-12-21T10:45:16.375Z,buy,8.2e-07,1204.0,0.0009872799999999
VIB/BTC,1608547516625,2020-12-21T10:45:16.625Z,buy,8.2e-07,1204.0,0.0009872799999999
VIB/BTC,1608547525996,2020-12-21T10:45:25.996Z,buy,8.2e-07,1566.0,0.00128412
VIB/BTC,1608547614150,2020-12-21T10:46:54.150Z,buy,8.2e-07,32091.0,0.02631462
VIB/BTC,1608547832968,2020-12-21T10:50:32.968Z,buy,8.2e-07,801.0,0.00065682
VIB/BTC,1608547894989,2020-12-21T10:51:34.989Z,sell,8.1e-07,3556.0,0.0028803599999999
VIB/BTC,1608547894989,2020-12-21T10:51:34.989Z,sell,8.1e-07,161.0,0.00013041
VIB/BTC,1608547938503,2020-12-21T10:52:18.503Z,buy,8.2e-07,124.0,0.00010168
VIB/BTC,1608547964229,2020-12-21T10:52:44.229Z,buy,8.2e-07,131.0,0.00010742
VIB/BTC,1608548283731,2020-12-21T10:58:03.731Z,buy,8.2e-07,1043.0,0.0008552599999999
VIB/BTC,1608548349348,2020-12-21T10:59:09.348Z,buy,8.2e-07,8000.0,0.00656
VIB/BTC,1608548384935,2020-12-21T10:59:44.935Z,buy,8.2e-07,200.0,0.000164
VIB/BTC,1608548421674,2020-12-21T11:00:21.674Z,buy,8.2e-07,200.0,0.000164
VIB/BTC,1608548433530,2020-12-21T11:00:33.530Z,buy,8.2e-07,1293.0,0.00106026
VIB/BTC,1608548433530,2020-12-21T11:00:33.530Z,buy,8.2e-07,1293.0,0.00106026
VIB/BTC,1608549949012,2020-12-21T11:25:49.012Z,buy,8.2e-07,614.0,0.0005034799999999
VIB/BTC,1608550656233,2020-12-21T11:37:36.233Z,buy,8.2e-07,124.0,0.00010168
VIB/BTC,1608550803038,2020-12-21T11:40:03.038Z,buy,8.2e-07,9326.0,0.00764732
VIB/BTC,1608550803510,2020-12-21T11:40:03.510Z,buy,8.2e-07,4064.0,0.00333248
VIB/BTC,1608551140926,2020-12-21T11:45:40.926Z,sell,8.1e-07,352361.0,0.28541241
VIB/BTC,1608551141072,2020-12-21T11:45:41.072Z,sell,8.1e-07,18340.0,0.0148554
VIB/BTC,1608551726233,2020-12-21T11:55:26.233Z,sell,8.1e-07,1043.0,0.00084483
VIB/BTC,1608551750207,2020-12-21T11:55:50.207Z,sell,8.1e-07,21070.0,0.0170667
VIB/BTC,1608551750207,2020-12-21T11:55:50.207Z,sell,8.1e-07,21070.0,0.0170667
VIB/BTC,1608552105364,2020-12-21T12:01:45.364Z,sell,8.1e-07,14279.0,0.01156599
VIB/BTC,1608552227221,2020-12-21T12:03:47.221Z,sell,8.1e-07,6057.0,0.00490617
VIB/BTC,1608552785812,2020-12-21T12:13:05.812Z,buy,8.2e-07,1039.0,0.00085198
VIB/BTC,1608552796548,2020-12-21T12:13:16.548Z,buy,8.2e-07,1039.0,0.00085198
VIB/BTC,1608552798421,2020-12-21T12:13:18.421Z,buy,8.2e-07,646.0,0.00052972
VIB/BTC,1608552945384,2020-12-21T12:15:45.384Z,sell,8.1e-07,2997.0,0.00242757
VIB/BTC,1608553206147,2020-12-21T12:20:06.147Z,buy,8.2e-07,1459.0,0.00119638
VIB/BTC,1608553382554,2020-12-21T12:23:02.554Z,buy,8.2e-07,1204.0,0.0009872799999999
VIB/BTC,1608553438933,2020-12-21T12:23:58.933Z,sell,8.1e-07,20000.0,0.0162
VIB/BTC,1608553651743,2020-12-21T12:27:31.743Z,buy,8.2e-07,10591.0,0.00868462
VIB/BTC,1608553673755,2020-12-21T12:27:53.755Z,buy,8.2e-07,10591.0,0.00868462
VIB/BTC,1608553685698,2020-12-21T12:28:05.698Z,buy,8.2e-07,10591.0,0.00868462
VIB/BTC,1608553691752,2020-12-21T12:28:11.752Z,buy,8.2e-07,10591.0,0.00868462
VIB/BTC,1608553697859,2020-12-21T12:28:17.859Z,buy,8.2e-07,1934.0,0.00158588
VIB/BTC,1608553772346,2020-12-21T12:29:32.346Z,sell,8.1e-07,165.0,0.00013365
VIB/BTC,1608553796983,2020-12-21T12:29:56.983Z,buy,8.3e-07,5177.0,0.00429691
VIB/BTC,1608553804416,2020-12-21T12:30:04.416Z,buy,8.3e-07,302.0,0.00025066
VIB/BTC,1608553845805,2020-12-21T12:30:45.805Z,sell,8.1e-07,2500.0,0.002025
VIB/BTC,1608553866487,2020-12-21T12:31:06.487Z,sell,8.1e-07,360.0,0.0002916
VIB/BTC,1608554136679,2020-12-21T12:35:36.679Z,buy,8.2e-07,39.0,3.198e-05
VIB/BTC,1608554276887,2020-12-21T12:37:56.887Z,buy,8.2e-07,39192.0,0.0321374399999999
VIB/BTC,1608554417360,2020-12-21T12:40:17.360Z,sell,8.2e-07,30000.0,0.0246
VIB/BTC,1608555163264,2020-12-21T12:52:43.264Z,sell,8.2e-07,24390.0,0.0199997999999999
VIB/BTC,1608555334164,2020-12-21T12:55:34.164Z,buy,8.3e-07,12091.0,0.0100355299999999
VIB/BTC,1608555334164,2020-12-21T12:55:34.164Z,buy,8.3e-07,12091.0,0.0100355299999999
VIB/BTC,1608555437029,2020-12-21T12:57:17.029Z,sell,8.2e-07,26814.0,0.02198748
VIB/BTC,1608555477178,2020-12-21T12:57:57.178Z,buy,8.2e-07,126.0,0.00010332
VIB/BTC,1608555921463,2020-12-21T13:05:21.463Z,sell,8.1e-07,245.0,0.00019845
VIB/BTC,1608556042538,2020-12-21T13:07:22.538Z,buy,8.2e-07,150.0,0.000123
VIB/BTC,1608556239692,2020-12-21T13:10:39.692Z,buy,8.2e-07,125.0,0.0001025
VIB/BTC,1608556260699,2020-12-21T13:11:00.699Z,buy,8.2e-07,2807.0,0.00230174
VIB/BTC,1608556274712,2020-12-21T13:11:14.712Z,buy,8.2e-07,7139.0,0.00585398
VIB/BTC,1608556274754,2020-12-21T13:11:14.754Z,sell,8.2e-07,5100.0,0.004182
VIB/BTC,1608556316359,2020-12-21T13:11:56.359Z,sell,8.1e-07,9486.0,0.00768366
VIB/BTC,1608556401740,2020-12-21T13:13:21.740Z,buy,8.2e-07,1191.0,0.0009766199999999
VIB/BTC,1608556481526,2020-12-21T13:14:41.526Z,sell,8.1e-07,1546.0,0.00125226
VIB/BTC,1608556608652,2020-12-21T13:16:48.652Z,sell,8.1e-07,578.0,0.00046818
VIB/BTC,1608556825535,2020-12-21T13:20:25.535Z,buy,8.2e-07,1001.0,0.00082082
VIB/BTC,1608557882582,2020-12-21T13:38:02.582Z,buy,8.2e-07,30984.0,0.02540688
VIB/BTC,1608557882582,2020-12-21T13:38:02.582Z,buy,8.2e-07,30984.0,0.02540688
VIB/BTC,1608573657035,2020-12-21T18:00:57.035Z,buy,8.2e-07,4032.0,0.00330624
VIB/BTC,1608573800105,2020-12-21T18:03:20.105Z,buy,8.2e-07,28297.0,0.0232035399999999
VIB/BTC,1608573883004,2020-12-21T18:04:43.004Z,buy,8.2e-07,1894.0,0.0015530799999999
VIB/BTC,1608573895090,2020-12-21T18:04:55.090Z,buy,8.2e-07,74680.0,0.0612375999999999
VIB/BTC,1608573895106,2020-12-21T18:04:55.106Z,sell,8.2e-07,2545.0,0.0020869
VIB/BTC,1608573895106,2020-12-21T18:04:55.106Z,sell,8.2e-07,1663.0,0.00136366
VIB/BTC,1608573895109,2020-12-21T18:04:55.109Z,sell,8.2e-07,2227.0,0.00182614
VIB/BTC,1608573895119,2020-12-21T18:04:55.119Z,sell,8.2e-07,1776.0,0.0014563199999999
VIB/BTC,1608573895131,2020-12-21T18:04:55.131Z,sell,8.2e-07,18594.0,0.01524708
VIB/BTC,1608573895345,2020-12-21T18:04:55.345Z,sell,8.2e-07,1365.0,0.0011193
VIB/BTC,1608573951275,2020-12-21T18:05:51.275Z,sell,8.2e-07,52.0,4.264e-05
VIB/BTC,1608573971239,2020-12-21T18:06:11.239Z,buy,8.2e-07,233.0,0.00019106
VIB/BTC,1608573977478,2020-12-21T18:06:17.478Z,sell,8.1e-07,625.0,0.00050625
VIB/BTC,1608573992221,2020-12-21T18:06:32.221Z,buy,8.2e-07,1066.0,0.0008741199999999
VIB/BTC,1608573992221,2020-12-21T18:06:32.221Z,buy,8.2e-07,1066.0,0.0008741199999999
VIB/BTC,1608574087415,2020-12-21T18:08:07.415Z,buy,8.2e-07,77599.0,0.06363118
VIB/BTC,1608574097080,2020-12-21T18:08:17.080Z,buy,8.2e-07,12528.0,0.01027296
VIB/BTC,1608574364853,2020-12-21T18:12:44.853Z,sell,8.2e-07,27044.0,0.02217608
VIB/BTC,1608574414999,2020-12-21T18:13:34.999Z,sell,8.2e-07,69123.0,0.05668086
VIB/BTC,1608574497351,2020-12-21T18:14:57.351Z,buy,8.3e-07,6048.0,0.00501984
VIB/BTC,1608574626750,2020-12-21T18:17:06.750Z,sell,8.2e-07,1038.0,0.00085116
VIB/BTC,1608574962292,2020-12-21T18:22:42.292Z,buy,8.3e-07,350.0,0.0002905
VIB/BTC,1608575154172,2020-12-21T18:25:54.172Z,buy,8.3e-07,40000.0,0.0332
VIB/BTC,1608575410696,2020-12-21T18:30:10.696Z,sell,8.2e-07,28268.0,0.02317976
VIB/BTC,1608575915401,2020-12-21T18:38:35.401Z,buy,8.3e-07,348.0,0.00028884
VIB/BTC,1608575999349,2020-12-21T18:39:59.349Z,buy,8.3e-07,638.0,0.00052954
VIB/BTC,1608576163237,2020-12-21T18:42:43.237Z,buy,8.3e-07,122.0,0.00010126
VIB/BTC,1608576490866,2020-12-21T18:48:10.866Z,buy,8.3e-07,9123.0,0.00757209
VIB/BTC,1608576875872,2020-12-21T18:54:35.872Z,buy,8.3e-07,121.0,0.00010043
VIB/BTC,1608577017182,2020-12-21T18:56:57.182Z,sell,8.2e-07,4495.0,0.0036858999999999
VIB/BTC,1608577342905,2020-12-21T19:02:22.905Z,sell,8.2e-07,117454.0,0.09631228
VIB/BTC,1608577587162,2020-12-21T19:06:27.162Z,sell,8.2e-07,9113.0,0.00747266
VIB/BTC,1608577587162,2020-12-21T19:06:27.162Z,sell,8.2e-07,9113.0,0.00747266
VIB/BTC,1608578191663,2020-12-21T19:16:31.663Z,buy,8.3e-07,9053.0,0.00751399
VIB/BTC,1608578193697,2020-12-21T19:16:33.697Z,buy,8.3e-07,5952.0,0.00494016
VIB/BTC,1608578195780,2020-12-21T19:16:35.780Z,buy,8.3e-07,5952.0,0.00494016
VIB/BTC,1608578196735,2020-12-21T19:16:36.735Z,buy,8.3e-07,121.0,0.00010043
VIB/BTC,1608578672756,2020-12-21T19:24:32.756Z,buy,8.3e-07,614.0,0.00050962
VIB/BTC,1608578680187,2020-12-21T19:24:40.187Z,buy,8.3e-07,11297.0,0.00937651
VIB/BTC,1608579745688,2020-12-21T19:42:25.688Z,buy,8.3e-07,180.0,0.0001494
VIB/BTC,1608579956312,2020-12-21T19:45:56.312Z,buy,8.3e-07,463.0,0.00038429
VIB/BTC,1608580106827,2020-12-21T19:48:26.827Z,sell,8.2e-07,2127.0,0.00174414
VIB/BTC,1608580178146,2020-12-21T19:49:38.146Z,buy,8.3e-07,362.0,0.00030046
VIB/BTC,1608580666017,2020-12-21T19:57:46.017Z,buy,8.3e-07,11643.0,0.0096636899999999
VIB/BTC,1608580994842,2020-12-21T20:03:14.842Z,buy,8.3e-07,217.0,0.00018011
VIB/BTC,1608580994842,2020-12-21T20:03:14.842Z,buy,8.3e-07,217.0,0.00018011
VIB/BTC,1608581433860,2020-12-21T20:10:33.860Z,buy,8.3e-07,621.0,0.00051543
VIB/BTC,1608581434210,2020-12-21T20:10:34.210Z,buy,8.3e-07,477.0,0.00039591
VIB/BTC,1608581661642,2020-12-21T20:14:21.642Z,buy,8.3e-07,121.0,0.00010043
VIB/BTC,1608581677063,2020-12-21T20:14:37.063Z,buy,8.3e-07,31288.0,0.02596904
VIB/BTC,1608581679336,2020-12-21T20:14:39.336Z,buy,8.3e-07,1927.0,0.00159941
VIB/BTC,1608582040981,2020-12-21T20:20:40.981Z,buy,8.3e-07,8081.0,0.00670723
VIB/BTC,1608582564562,2020-12-21T20:29:24.562Z,sell,8.2e-07,192.0,0.00015744
VIB/BTC,1608583288428,2020-12-21T20:41:28.428Z,buy,8.3e-07,307568.0,0.2552814399999999
VIB/BTC,1608583303126,2020-12-21T20:41:43.126Z,sell,8.2e-07,31002.0,0.02542164
VIB/BTC,1608583329507,2020-12-21T20:42:09.507Z,buy,8.3e-07,737964.0,0.61251012
VIB/BTC,1608583338693,2020-12-21T20:42:18.693Z,buy,8.3e-07,617265.0,0.51232995
VIB/BTC,1608583348301,2020-12-21T20:42:28.301Z,buy,8.3e-07,835880.0,0.6937804
VIB/BTC,1608583360682,2020-12-21T20:42:40.682Z,buy,8.3e-07,681564.0,0.56569812
VIB/BTC,1608583371749,2020-12-21T20:42:51.749Z,buy,8.3e-07,642985.0,0.53367755
VIB/BTC,1608583378995,2020-12-21T20:42:58.995Z,buy,8.3e-07,19538.0,0.01621654
VIB/BTC,1608583379873,2020-12-21T20:42:59.873Z,buy,8.3e-07,495325.0,0.41111975
VIB/BTC,1608583382158,2020-12-21T20:43:02.158Z,sell,8.3e-07,6203.0,0.00514849
VIB/BTC,1608583391221,2020-12-21T20:43:11.221Z,buy,8.3e-07,831555.0,0.69019065
VIB/BTC,1608583399348,2020-12-21T20:43:19.348Z,buy,8.3e-07,519722.0,0.43136926
VIB/BTC,1608583404241,2020-12-21T20:43:24.241Z,buy,8.3e-07,19535.0,0.01621405
VIB/BTC,1608583414222,2020-12-21T20:43:34.222Z,buy,8.3e-07,1347.0,0.00111801
VIB/BTC,1608583434154,2020-12-21T20:43:54.154Z,buy,8.3e-07,3227.0,0.00267841
VIB/BTC,1608583478932,2020-12-21T20:44:38.932Z,sell,8.3e-07,220689.0,0.18317187
VIB/BTC,1608583485725,2020-12-21T20:44:45.725Z,buy,8.3e-07,4455.0,0.00369765
VIB/BTC,1608583588651,2020-12-21T20:46:28.651Z,sell,8.3e-07,1390.0,0.0011537
VIB/BTC,1608583595499,2020-12-21T20:46:35.499Z,buy,8.3e-07,1046998.0,0.86900834
VIB/BTC,1608583606748,2020-12-21T20:46:46.748Z,sell,8.3e-07,413.0,0.00034279
VIB/BTC,1608583607158,2020-12-21T20:46:47.158Z,buy,8.3e-07,502039.0,0.41669237
VIB/BTC,1608583619429,2020-12-21T20:46:59.429Z,buy,8.3e-07,356050.0,0.2955215
VIB/BTC,1608583629117,2020-12-21T20:47:09.117Z,sell,8.3e-07,174512.0,0.14484496
VIB/BTC,1608583639595,2020-12-21T20:47:19.595Z,buy,8.3e-07,487835.0,0.40490305
VIB/BTC,1608583745687,2020-12-21T20:49:05.687Z,buy,8.3e-07,502184.0,0.4168127199999999
VIB/BTC,1608583751685,2020-12-21T20:49:11.685Z,buy,8.3e-07,272614.0,0.22626962
VIB/BTC,1608583759043,2020-12-21T20:49:19.043Z,buy,8.3e-07,14348.0,0.01190884
VIB/BTC,1608583799345,2020-12-21T20:49:59.345Z,buy,8.3e-07,258266.0,0.21436078
VIB/BTC,1608583806924,2020-12-21T20:50:06.924Z,buy,8.3e-07,229570.0,0.1905431
VIB/BTC,1608583815060,2020-12-21T20:50:15.060Z,buy,8.3e-07,1434.0,0.00119022
VIB/BTC,1608583817975,2020-12-21T20:50:17.975Z,buy,8.3e-07,4578.0,0.00379974
VIB/BTC,1608583820381,2020-12-21T20:50:20.381Z,buy,8.3e-07,854.0,0.00070882
VIB/BTC,1608583823059,2020-12-21T20:50:23.059Z,buy,8.3e-07,542.0,0.00044986
VIB/BTC,1608583825266,2020-12-21T20:50:25.266Z,buy,8.3e-07,500.0,0.000415
VIB/BTC,1608583826836,2020-12-21T20:50:26.836Z,buy,8.3e-07,500.0,0.000415
VIB/BTC,1608583828224,2020-12-21T20:50:28.224Z,buy,8.3e-07,500.0,0.000415
VIB/BTC,1608583829682,2020-12-21T20:50:29.682Z,buy,8.3e-07,500.0,0.000415
VIB/BTC,1608583831104,2020-12-21T20:50:31.104Z,buy,8.3e-07,500.0,0.000415
VIB/BTC,1608583832619,2020-12-21T20:50:32.619Z,buy,8.3e-07,500.0,0.000415
VIB/BTC,1608583833968,2020-12-21T20:50:33.968Z,buy,8.3e-07,500.0,0.000415
VIB/BTC,1608583835285,2020-12-21T20:50:35.285Z,buy,8.3e-07,500.0,0.000415
VIB/BTC,1608583836978,2020-12-21T20:50:36.978Z,buy,8.3e-07,500.0,0.000415
VIB/BTC,1608583837639,2020-12-21T20:50:37.639Z,buy,8.3e-07,14103.0,0.01170549
VIB/BTC,1608583842159,2020-12-21T20:50:42.159Z,sell,8.3e-07,22541.0,0.01870903
VIB/BTC,1608583861762,2020-12-21T20:51:01.762Z,buy,8.3e-07,200.0,0.000166
VIB/BTC,1608583865888,2020-12-21T20:51:05.888Z,buy,8.3e-07,550.0,0.0004565
VIB/BTC,1608583867267,2020-12-21T20:51:07.267Z,buy,8.3e-07,500.0,0.000415
VIB/BTC,1608583868783,2020-12-21T20:51:08.783Z,buy,8.3e-07,500.0,0.000415
VIB/BTC,1608583870267,2020-12-21T20:51:10.267Z,buy,8.3e-07,500.0,0.000415
VIB/BTC,1608583871650,2020-12-21T20:51:11.650Z,buy,8.3e-07,500.0,0.000415
VIB/BTC,1608583873073,2020-12-21T20:51:13.073Z,buy,8.3e-07,500.0,0.000415
VIB/BTC,1608583874468,2020-12-21T20:51:14.468Z,buy,8.3e-07,500.0,0.000415
VIB/BTC,1608583875903,2020-12-21T20:51:15.903Z,buy,8.3e-07,500.0,0.000415
VIB/BTC,1608583877094,2020-12-21T20:51:17.094Z,buy,8.3e-07,500.0,0.000415
VIB/BTC,1608583878777,2020-12-21T20:51:18.777Z,buy,8.3e-07,500.0,0.000415
VIB/BTC,1608583880269,2020-12-21T20:51:20.269Z,buy,8.3e-07,500.0,0.000415
VIB/BTC,1608583881706,2020-12-21T20:51:21.706Z,buy,8.3e-07,500.0,0.000415
VIB/BTC,1608583883095,2020-12-21T20:51:23.095Z,buy,8.3e-07,500.0,0.000415
VIB/BTC,1608583884456,2020-12-21T20:51:24.456Z,buy,8.3e-07,500.0,0.000415
VIB/BTC,1608583886258,2020-12-21T20:51:26.258Z,buy,8.3e-07,500.0,0.000415
VIB/BTC,1608583887675,2020-12-21T20:51:27.675Z,buy,8.3e-07,500.0,0.000415
VIB/BTC,1608583889358,2020-12-21T20:51:29.358Z,buy,8.3e-07,500.0,0.000415
VIB/BTC,1608583891282,2020-12-21T20:51:31.282Z,buy,8.3e-07,500.0,0.000415
VIB/BTC,1608583893127,2020-12-21T20:51:33.127Z,buy,8.3e-07,500.0,0.000415
VIB/BTC,1608583895848,2020-12-21T20:51:35.848Z,buy,8.3e-07,500.0,0.000415
VIB/BTC,1608583897331,2020-12-21T20:51:37.331Z,buy,8.3e-07,500.0,0.000415
VIB/BTC,1608583898751,2020-12-21T20:51:38.751Z,buy,8.3e-07,500.0,0.000415
VIB/BTC,1608583900288,2020-12-21T20:51:40.288Z,buy,8.3e-07,500.0,0.000415
VIB/BTC,1608583902103,2020-12-21T20:51:42.103Z,buy,8.3e-07,500.0,0.000415
VIB/BTC,1608583903488,2020-12-21T20:51:43.488Z,buy,8.3e-07,500.0,0.000415
VIB/BTC,1608583904916,2020-12-21T20:51:44.916Z,buy,8.3e-07,500.0,0.000415
VIB/BTC,1608583906634,2020-12-21T20:51:46.634Z,buy,8.3e-07,500.0,0.000415
VIB/BTC,1608583911308,2020-12-21T20:51:51.308Z,buy,8.3e-07,500.0,0.000415
VIB/BTC,1608583912718,2020-12-21T20:51:52.718Z,buy,8.3e-07,500.0,0.000415
VIB/BTC,1608583913959,2020-12-21T20:51:53.959Z,buy,8.3e-07,500.0,0.000415
VIB/BTC,1608583915216,2020-12-21T20:51:55.216Z,buy,8.3e-07,500.0,0.000415
VIB/BTC,1608583916512,2020-12-21T20:51:56.512Z,buy,8.3e-07,500.0,0.000415
VIB/BTC,1608583918344,2020-12-21T20:51:58.344Z,buy,8.3e-07,500.0,0.000415
VIB/BTC,1608583920171,2020-12-21T20:52:00.171Z,buy,8.3e-07,1000.0,0.00083
VIB/BTC,1608583922011,2020-12-21T20:52:02.011Z,buy,8.3e-07,1000.0,0.00083
VIB/BTC,1608583923385,2020-12-21T20:52:03.385Z,buy,8.3e-07,1000.0,0.00083
VIB/BTC,1608583928520,2020-12-21T20:52:08.520Z,buy,8.3e-07,500.0,0.000415
VIB/BTC,1608584206453,2020-12-21T20:56:46.453Z,buy,8.3e-07,4147.0,0.00344201
VIB/BTC,1608584257439,2020-12-21T20:57:37.439Z,buy,8.3e-07,36891.0,0.03061953
VIB/BTC,1608584287765,2020-12-21T20:58:07.765Z,buy,8.3e-07,1000.0,0.00083
VIB/BTC,1608584287786,2020-12-21T20:58:07.786Z,buy,8.3e-07,1000.0,0.00083
VIB/BTC,1608584289964,2020-12-21T20:58:09.964Z,buy,8.3e-07,1001.0,0.00083083
VIB/BTC,1608584321744,2020-12-21T20:58:41.744Z,buy,8.3e-07,1000.0,0.00083
VIB/BTC,1608584490483,2020-12-21T21:01:30.483Z,buy,8.3e-07,1376.0,0.00114208
VIB/BTC,1608584490815,2020-12-21T21:01:30.815Z,buy,8.3e-07,947651.0,0.78655033
VIB/BTC,1608584502167,2020-12-21T21:01:42.167Z,buy,8.3e-07,666936.0,0.55355688
VIB/BTC,1608584510663,2020-12-21T21:01:50.663Z,buy,8.3e-07,503907.0,0.41824281
VIB/BTC,1608584518690,2020-12-21T21:01:58.690Z,buy,8.3e-07,370520.0,0.3075316
VIB/BTC,1608584518721,2020-12-21T21:01:58.721Z,buy,8.3e-07,8718.0,0.00723594
VIB/BTC,1608584518721,2020-12-21T21:01:58.721Z,buy,8.3e-07,8718.0,0.00723594
VIB/BTC,1608584944785,2020-12-21T21:09:04.785Z,buy,8.4e-07,570.0,0.0004788
VIB/BTC,1608585178208,2020-12-21T21:12:58.208Z,sell,8.3e-07,242.0,0.00020086
VIB/BTC,1608585178771,2020-12-21T21:12:58.771Z,buy,8.3e-07,156800.0,0.130144
VIB/BTC,1608585189758,2020-12-21T21:13:09.758Z,sell,8.3e-07,90944.0,0.07548352
VIB/BTC,1608585198476,2020-12-21T21:13:18.476Z,sell,8.3e-07,425.0,0.00035275
VIB/BTC,1608585199187,2020-12-21T21:13:19.187Z,buy,8.3e-07,70135.0,0.05821205
VIB/BTC,1608585205710,2020-12-21T21:13:25.710Z,sell,8.3e-07,179.0,0.00014857
VIB/BTC,1608585205720,2020-12-21T21:13:25.720Z,buy,8.3e-07,3801.0,0.00315483
VIB/BTC,1608585209988,2020-12-21T21:13:29.988Z,buy,8.3e-07,500.0,0.000415
VIB/BTC,1608585211316,2020-12-21T21:13:31.316Z,buy,8.3e-07,500.0,0.000415
VIB/BTC,1608585212767,2020-12-21T21:13:32.767Z,buy,8.3e-07,500.0,0.000415
VIB/BTC,1608585216276,2020-12-21T21:13:36.276Z,buy,8.3e-07,500.0,0.000415
VIB/BTC,1608585219070,2020-12-21T21:13:39.070Z,buy,8.3e-07,500.0,0.000415
VIB/BTC,1608585221105,2020-12-21T21:13:41.105Z,buy,8.3e-07,1000.0,0.00083
VIB/BTC,1608585222634,2020-12-21T21:13:42.634Z,buy,8.3e-07,1000.0,0.00083
VIB/BTC,1608585223964,2020-12-21T21:13:43.964Z,buy,8.3e-07,1000.0,0.00083
VIB/BTC,1608585232120,2020-12-21T21:13:52.120Z,buy,8.3e-07,500.0,0.000415
VIB/BTC,1608585234160,2020-12-21T21:13:54.160Z,buy,8.3e-07,500.0,0.000415
VIB/BTC,1608585235669,2020-12-21T21:13:55.669Z,buy,8.3e-07,500.0,0.000415
VIB/BTC,1608585237254,2020-12-21T21:13:57.254Z,buy,8.3e-07,500.0,0.000415
VIB/BTC,1608585238717,2020-12-21T21:13:58.717Z,buy,8.3e-07,500.0,0.000415
VIB/BTC,1608585240203,2020-12-21T21:14:00.203Z,buy,8.3e-07,500.0,0.000415
VIB/BTC,1608585241755,2020-12-21T21:14:01.755Z,buy,8.3e-07,500.0,0.000415
VIB/BTC,1608585243602,2020-12-21T21:14:03.602Z,buy,8.3e-07,500.0,0.000415
VIB/BTC,1608585246733,2020-12-21T21:14:06.733Z,buy,8.3e-07,547.0,0.0004540099999999
VIB/BTC,1608585249214,2020-12-21T21:14:09.214Z,buy,8.3e-07,657.0,0.00054531
VIB/BTC,1608585253128,2020-12-21T21:14:13.128Z,buy,8.3e-07,1025.0,0.0008507499999999
VIB/BTC,1608585255949,2020-12-21T21:14:15.949Z,buy,8.3e-07,2425.0,0.0020127499999999
VIB/BTC,1608585258715,2020-12-21T21:14:18.715Z,buy,8.3e-07,875.0,0.00072625
VIB/BTC,1608585261369,2020-12-21T21:14:21.369Z,buy,8.3e-07,753.0,0.00062499
VIB/BTC,1608585263761,2020-12-21T21:14:23.761Z,buy,8.3e-07,148.0,0.00012284
VIB/BTC,1608585266179,2020-12-21T21:14:26.179Z,buy,8.3e-07,986.0,0.00081838
VIB/BTC,1608585268439,2020-12-21T21:14:28.439Z,buy,8.3e-07,753.0,0.00062499
VIB/BTC,1608585270534,2020-12-21T21:14:30.534Z,buy,8.3e-07,865.0,0.00071795
VIB/BTC,1608585273095,2020-12-21T21:14:33.095Z,buy,8.3e-07,457.0,0.00037931
VIB/BTC,1608585275556,2020-12-21T21:14:35.556Z,buy,8.3e-07,3547.0,0.00294401
VIB/BTC,1608585278990,2020-12-21T21:14:38.990Z,buy,8.3e-07,4575.0,0.00379725
VIB/BTC,1608585282284,2020-12-21T21:14:42.284Z,buy,8.3e-07,421.0,0.00034943
VIB/BTC,1608585284743,2020-12-21T21:14:44.743Z,buy,8.3e-07,500.0,0.000415
VIB/BTC,1608585286434,2020-12-21T21:14:46.434Z,buy,8.3e-07,500.0,0.000415
VIB/BTC,1608585287868,2020-12-21T21:14:47.868Z,buy,8.3e-07,500.0,0.000415
VIB/BTC,1608585289318,2020-12-21T21:14:49.318Z,buy,8.3e-07,500.0,0.000415
VIB/BTC,1608585292367,2020-12-21T21:14:52.367Z,buy,8.3e-07,2550.0,0.0021165
VIB/BTC,1608585299334,2020-12-21T21:14:59.334Z,buy,8.4e-07,500.0,0.00042
VIB/BTC,1608585302686,2020-12-21T21:15:02.686Z,buy,8.4e-07,500.0,0.00042
VIB/BTC,1608585538155,2020-12-21T21:18:58.155Z,sell,8.3e-07,1612.0,0.00133796
VIB/BTC,1608585600055,2020-12-21T21:20:00.055Z,buy,8.4e-07,16055.0,0.0134862
VIB/BTC,1608585609530,2020-12-21T21:20:09.530Z,buy,8.4e-07,6701.0,0.00562884
VIB/BTC,1608585653409,2020-12-21T21:20:53.409Z,buy,8.4e-07,630.0,0.0005292
VIB/BTC,1608586314940,2020-12-21T21:31:54.940Z,buy,8.4e-07,1190.0,0.0009996
VIB/BTC,1608586348364,2020-12-21T21:32:28.364Z,buy,8.4e-07,144.0,0.00012096
VIB/BTC,1608586531501,2020-12-21T21:35:31.501Z,sell,8.3e-07,2454.0,0.00203682
VIB/BTC,1608586544440,2020-12-21T21:35:44.440Z,buy,8.4e-07,992.0,0.00083328
VIB/BTC,1608586607946,2020-12-21T21:36:47.946Z,buy,8.4e-07,7622.0,0.00640248
VIB/BTC,1608586607963,2020-12-21T21:36:47.963Z,sell,8.4e-07,7494.0,0.00629496
VIB/BTC,1608586939406,2020-12-21T21:42:19.406Z,sell,8.3e-07,3303.0,0.00274149
VIB/BTC,1608586939667,2020-12-21T21:42:19.667Z,sell,8.3e-07,9011.0,0.00747913
VIB/BTC,1608586939667,2020-12-21T21:42:19.667Z,sell,8.3e-07,9011.0,0.00747913
VIB/BTC,1608589537773,2020-12-21T22:25:37.773Z,sell,8.3e-07,121.0,0.00010043
VIB/BTC,1608589638893,2020-12-21T22:27:18.893Z,buy,8.4e-07,40883.0,0.03434172
VIB/BTC,1608589922538,2020-12-21T22:32:02.538Z,sell,8.3e-07,187.0,0.00015521
VIB/BTC,1608590058654,2020-12-21T22:34:18.654Z,buy,8.4e-07,6024.0,0.00506016
VIB/BTC,1608590125682,2020-12-21T22:35:25.682Z,buy,8.4e-07,10400.0,0.008736
VIB/BTC,1608590474887,2020-12-21T22:41:14.887Z,sell,8.3e-07,34727.0,0.02882341
VIB/BTC,1608590474887,2020-12-21T22:41:14.887Z,sell,8.3e-07,34727.0,0.02882341
VIB/BTC,1608591150327,2020-12-21T22:52:30.327Z,sell,8.3e-07,10869.0,0.00902127
VIB/BTC,1608592020946,2020-12-21T23:07:00.946Z,sell,8.3e-07,529.0,0.00043907
VIB/BTC,1608592021224,2020-12-21T23:07:01.224Z,sell,8.3e-07,1426.0,0.00118358
VIB/BTC,1608592021379,2020-12-21T23:07:01.379Z,sell,8.3e-07,7902.0,0.00655866
VIB/BTC,1608592021565,2020-12-21T23:07:01.565Z,sell,8.3e-07,2519.0,0.00209077
VIB/BTC,1608593560904,2020-12-21T23:32:40.904Z,buy,8.4e-07,33676.0,0.02828784
VIB/BTC,1608593560904,2020-12-21T23:32:40.904Z,buy,8.4e-07,33676.0,0.02828784
VIB/BTC,1608595503764,2020-12-22T00:05:03.764Z,sell,8.3e-07,720.0,0.0005976
VIB/BTC,1608595554316,2020-12-22T00:05:54.316Z,sell,8.3e-07,444.0,0.00036852
VIB/BTC,1608595559577,2020-12-22T00:05:59.577Z,sell,8.3e-07,2191.0,0.00181853
VIB/BTC,1608595562726,2020-12-22T00:06:02.726Z,sell,8.3e-07,227.0,0.00018841
VIB/BTC,1608595681315,2020-12-22T00:08:01.315Z,sell,8.3e-07,6453.0,0.00535599
VIB/BTC,1608596125047,2020-12-22T00:15:25.047Z,buy,8.4e-07,49205.0,0.0413322
VIB/BTC,1608596216723,2020-12-22T00:16:56.723Z,buy,8.4e-07,4537.0,0.00381108
VIB/BTC,1608596249529,2020-12-22T00:17:29.529Z,sell,8.3e-07,121.0,0.00010043
VIB/BTC,1608596250010,2020-12-22T00:17:30.010Z,sell,8.3e-07,121.0,0.00010043
VIB/BTC,1608596280660,2020-12-22T00:18:00.660Z,buy,8.5e-07,44142.0,0.0375207
VIB/BTC,1608596608357,2020-12-22T00:23:28.357Z,sell,8.4e-07,509.0,0.00042756
VIB/BTC,1608596608369,2020-12-22T00:23:28.369Z,sell,8.4e-07,1049.0,0.00088116
VIB/BTC,1608596608369,2020-12-22T00:23:28.369Z,sell,8.4e-07,1049.0,0.00088116
VIB/BTC,1608598554477,2020-12-22T00:55:54.477Z,sell,8.4e-07,18456.0,0.01550304
VIB/BTC,1608598587952,2020-12-22T00:56:27.952Z,sell,8.3e-07,366.0,0.00030378
VIB/BTC,1608598592722,2020-12-22T00:56:32.722Z,sell,8.3e-07,124.0,0.00010292
VIB/BTC,1608598592866,2020-12-22T00:56:32.866Z,sell,8.3e-07,1894.0,0.00157202
VIB/BTC,1608598592947,2020-12-22T00:56:32.947Z,sell,8.3e-07,12226.0,0.01014758
VIB/BTC,1608598594635,2020-12-22T00:56:34.635Z,sell,8.3e-07,19667.0,0.01632361
VIB/BTC,1608598809301,2020-12-22T01:00:09.301Z,buy,8.4e-07,5000.0,0.0042
VIB/BTC,1608598812249,2020-12-22T01:00:12.249Z,buy,8.4e-07,5888.0,0.00494592
VIB/BTC,1608598814968,2020-12-22T01:00:14.968Z,buy,8.4e-07,5000.0,0.0042
VIB/BTC,1608598818243,2020-12-22T01:00:18.243Z,buy,8.4e-07,5000.0,0.0042
VIB/BTC,1608598821328,2020-12-22T01:00:21.328Z,buy,8.4e-07,5000.0,0.0042
VIB/BTC,1608598824483,2020-12-22T01:00:24.483Z,buy,8.4e-07,5008.0,0.00420672
VIB/BTC,1608598831704,2020-12-22T01:00:31.704Z,buy,8.4e-07,3680.0,0.0030912
VIB/BTC,1608598852676,2020-12-22T01:00:52.676Z,buy,8.4e-07,2551.0,0.00214284
VIB/BTC,1608598912704,2020-12-22T01:01:52.704Z,buy,8.4e-07,5888.0,0.00494592
VIB/BTC,1608598915452,2020-12-22T01:01:55.452Z,buy,8.4e-07,5000.0,0.0042
VIB/BTC,1608598918118,2020-12-22T01:01:58.118Z,buy,8.4e-07,5008.0,0.00420672
VIB/BTC,1608598921083,2020-12-22T01:02:01.083Z,buy,8.4e-07,5008.0,0.00420672
VIB/BTC,1608598923448,2020-12-22T01:02:03.448Z,buy,8.4e-07,3066.0,0.00257544
VIB/BTC,1608598923448,2020-12-22T01:02:03.448Z,buy,8.4e-07,3066.0,0.00257544
VIB/BTC,1608601415315,2020-12-22T01:43:35.315Z,sell,8.4e-07,31276.0,0.02627184
VIB/BTC,1608601876653,2020-12-22T01:51:16.653Z,sell,8.4e-07,7519.0,0.00631596
VIB/BTC,1608602102575,2020-12-22T01:55:02.575Z,sell,8.4e-07,5773.0,0.00484932
VIB/BTC,1608602102575,2020-12-22T01:55:02.575Z,sell,8.4e-07,5773.0,0.00484932
VIB/BTC,1608603276050,2020-12-22T02:14:36.050Z,sell,8.3e-07,13210.0,0.0109643
VIB/BTC,1608603427425,2020-12-22T02:17:07.425Z,buy,8.4e-07,119.0,9.996e-05
VIB/BTC,1608603878539,2020-12-22T02:24:38.539Z,sell,8.3e-07,1204.0,0.00099932
VIB/BTC,1608603879758,2020-12-22T02:24:39.758Z,sell,8.3e-07,1204.0,0.00099932
VIB/BTC,1608603880026,2020-12-22T02:24:40.026Z,sell,8.3e-07,1204.0,0.00099932
VIB/BTC,1608603881226,2020-12-22T02:24:41.226Z,sell,8.3e-07,1204.0,0.00099932
VIB/BTC,1608603881521,2020-12-22T02:24:41.521Z,sell,8.3e-07,1204.0,0.00099932
VIB/BTC,1608603882722,2020-12-22T02:24:42.722Z,sell,8.3e-07,925.0,0.00076775
VIB/BTC,1608604487634,2020-12-22T02:34:47.634Z,sell,8.3e-07,458.0,0.00038014
VIB/BTC,1608604767378,2020-12-22T02:39:27.378Z,buy,8.4e-07,918.0,0.00077112
VIB/BTC,1608604772894,2020-12-22T02:39:32.894Z,buy,8.4e-07,291.0,0.00024444
VIB/BTC,1608604772894,2020-12-22T02:39:32.894Z,buy,8.4e-07,291.0,0.00024444
VIB/BTC,1608607634580,2020-12-22T03:27:14.580Z,buy,8.4e-07,113.0,9.492e-05
VIB/BTC,1608608363904,2020-12-22T03:39:23.904Z,buy,8.4e-07,6353.0,0.00533652
VIB/BTC,1608608363904,2020-12-22T03:39:23.904Z,buy,8.4e-07,6353.0,0.00533652
VIB/BTC,1608609510520,2020-12-22T03:58:30.520Z,sell,8.3e-07,124.0,0.00010292
VIB/BTC,1608609510520,2020-12-22T03:58:30.520Z,sell,8.3e-07,124.0,0.00010292
VIB/BTC,1608615431142,2020-12-22T05:37:11.142Z,sell,8.3e-07,251.0,0.00020833
VIB/BTC,1608615442381,2020-12-22T05:37:22.381Z,sell,8.3e-07,1219.0,0.00101177
VIB/BTC,1608615442381,2020-12-22T05:37:22.381Z,sell,8.3e-07,1219.0,0.00101177
VIB/BTC,1608615681752,2020-12-22T05:41:21.752Z,sell,8.3e-07,6353.0,0.00527299
VIB/BTC,1608618179669,2020-12-22T06:22:59.669Z,sell,8.3e-07,4973.0,0.0041275899999999
VIB/BTC,1608618639016,2020-12-22T06:30:39.016Z,sell,8.3e-07,123083.0,0.10215889
VIB/BTC,1608619032813,2020-12-22T06:37:12.813Z,sell,8.3e-07,539.0,0.00044737
VIB/BTC,1608619032813,2020-12-22T06:37:12.813Z,sell,8.3e-07,539.0,0.00044737
VIB/BTC,1608621545996,2020-12-22T07:19:05.996Z,sell,8.3e-07,4972.0,0.00412676
VIB/BTC,1608622622265,2020-12-22T07:37:02.265Z,buy,8.4e-07,1415.0,0.0011886
VIB/BTC,1608622622265,2020-12-22T07:37:02.265Z,buy,8.4e-07,1415.0,0.0011886
VIB/BTC,1608622700883,2020-12-22T07:38:20.883Z,sell,8.3e-07,550.0,0.0004565
VIB/BTC,1608622862325,2020-12-22T07:41:02.325Z,sell,8.3e-07,374796.0,0.31108068
VIB/BTC,1608622896494,2020-12-22T07:41:36.494Z,buy,8.3e-07,164.0,0.00013612
VIB/BTC,1608622958708,2020-12-22T07:42:38.708Z,sell,8.2e-07,6097.0,0.00499954
VIB/BTC,1608624035977,2020-12-22T08:00:35.977Z,buy,8.3e-07,136.0,0.00011288
VIB/BTC,1608625416382,2020-12-22T08:23:36.382Z,sell,8.2e-07,6386.0,0.00523652
VIB/BTC,1608625476018,2020-12-22T08:24:36.018Z,sell,8.2e-07,17229.0,0.01412778
VIB/BTC,1608625801376,2020-12-22T08:30:01.376Z,sell,8.2e-07,7809.0,0.00640338
VIB/BTC,1608625801484,2020-12-22T08:30:01.484Z,sell,8.2e-07,20672.0,0.01695104
VIB/BTC,1608625803883,2020-12-22T08:30:03.883Z,sell,8.2e-07,56962.0,0.04670884
VIB/BTC,1608625803883,2020-12-22T08:30:03.883Z,sell,8.2e-07,56962.0,0.04670884
VIB/BTC,1608626274175,2020-12-22T08:37:54.175Z,sell,8.2e-07,47715.0,0.0391262999999999
VIB/BTC,1608626274609,2020-12-22T08:37:54.609Z,buy,8.2e-07,617134.0,0.50604988
VIB/BTC,1608626280449,2020-12-22T08:38:00.449Z,sell,8.2e-07,44645.0,0.0366089
VIB/BTC,1608626280966,2020-12-22T08:38:00.966Z,buy,8.2e-07,288943.0,0.23693326
VIB/BTC,1608626281179,2020-12-22T08:38:01.179Z,sell,8.2e-07,43482.0,0.03565524
VIB/BTC,1608626281922,2020-12-22T08:38:01.922Z,buy,8.2e-07,42368.0,0.03474176
VIB/BTC,1608626283499,2020-12-22T08:38:03.499Z,buy,8.2e-07,5885.0,0.0048257
VIB/BTC,1608626300422,2020-12-22T08:38:20.422Z,sell,8.2e-07,159433.0,0.13073506
VIB/BTC,1608626300812,2020-12-22T08:38:20.812Z,buy,8.2e-07,423307.0,0.34711174
VIB/BTC,1608626300837,2020-12-22T08:38:20.837Z,buy,8.3e-07,1131.0,0.00093873
VIB/BTC,1608626300972,2020-12-22T08:38:20.972Z,sell,8.2e-07,5885.0,0.0048257
VIB/BTC,1608626309821,2020-12-22T08:38:29.821Z,sell,8.2e-07,27906.0,0.02288292
VIB/BTC,1608626316908,2020-12-22T08:38:36.908Z,sell,8.2e-07,50230.0,0.0411886
VIB/BTC,1608626322763,2020-12-22T08:38:42.763Z,buy,8.3e-07,186419.0,0.15472777
VIB/BTC,1608626322771,2020-12-22T08:38:42.771Z,sell,8.3e-07,21632.0,0.01795456
VIB/BTC,1608626344888,2020-12-22T08:39:04.888Z,buy,8.4e-07,158.0,0.00013272
VIB/BTC,1608626345161,2020-12-22T08:39:05.161Z,sell,8.3e-07,122.0,0.00010126
VIB/BTC,1608626380142,2020-12-22T08:39:40.142Z,sell,8.3e-07,44649.0,0.03705867
VIB/BTC,1608626391201,2020-12-22T08:39:51.201Z,sell,8.3e-07,30808.0,0.02557064
VIB/BTC,1608626439204,2020-12-22T08:40:39.204Z,sell,8.3e-07,211.0,0.00017513
VIB/BTC,1608626694661,2020-12-22T08:44:54.661Z,sell,8.3e-07,48428.0,0.04019524
VIB/BTC,1608626700696,2020-12-22T08:45:00.696Z,sell,8.3e-07,39182.0,0.03252106
VIB/BTC,1608626729050,2020-12-22T08:45:29.050Z,buy,8.4e-07,499810.0,0.4198404
VIB/BTC,1608626758142,2020-12-22T08:45:58.142Z,buy,8.4e-07,3173.0,0.00266532
VIB/BTC,1608626763833,2020-12-22T08:46:03.833Z,buy,8.4e-07,11899.0,0.00999516
VIB/BTC,1608626772320,2020-12-22T08:46:12.320Z,buy,8.4e-07,991.0,0.00083244
VIB/BTC,1608626776554,2020-12-22T08:46:16.554Z,buy,8.4e-07,3173.0,0.00266532
VIB/BTC,1608626783353,2020-12-22T08:46:23.353Z,buy,8.4e-07,793.0,0.00066612
VIB/BTC,1608626788579,2020-12-22T08:46:28.579Z,buy,8.4e-07,1586.0,0.00133224
VIB/BTC,1608626930955,2020-12-22T08:48:50.955Z,buy,8.4e-07,610139.0,0.51251676
VIB/BTC,1608626976452,2020-12-22T08:49:36.452Z,buy,8.4e-07,14441.0,0.01213044
VIB/BTC,1608627082096,2020-12-22T08:51:22.096Z,sell,8.3e-07,70978.0,0.05891174
VIB/BTC,1608627396378,2020-12-22T08:56:36.378Z,sell,8.3e-07,62258.0,0.05167414
VIB/BTC,1608627399537,2020-12-22T08:56:39.537Z,sell,8.3e-07,39223.0,0.03255509
VIB/BTC,1608627408062,2020-12-22T08:56:48.062Z,sell,8.3e-07,52110.0,0.0432513
VIB/BTC,1608627423015,2020-12-22T08:57:03.015Z,buy,8.4e-07,593877.0,0.49885668
VIB/BTC,1608627432616,2020-12-22T08:57:12.616Z,buy,8.4e-07,544142.0,0.45707928
VIB/BTC,1608627441427,2020-12-22T08:57:21.427Z,buy,8.4e-07,645523.0,0.54223932
VIB/BTC,1608627451495,2020-12-22T08:57:31.495Z,buy,8.4e-07,565523.0,0.47503932
VIB/BTC,1608627459993,2020-12-22T08:57:39.993Z,buy,8.4e-07,60150.0,0.050526
VIB/BTC,1608627462279,2020-12-22T08:57:42.279Z,buy,8.4e-07,90224.0,0.07578816
VIB/BTC,1608627465523,2020-12-22T08:57:45.523Z,buy,8.4e-07,35087.0,0.02947308
VIB/BTC,1608627471512,2020-12-22T08:57:51.512Z,buy,8.4e-07,20050.0,0.016842
VIB/BTC,1608627474503,2020-12-22T08:57:54.503Z,buy,8.4e-07,15037.0,0.01263108
VIB/BTC,1608627477110,2020-12-22T08:57:57.110Z,buy,8.4e-07,15037.0,0.01263108
VIB/BTC,1608627484347,2020-12-22T08:58:04.347Z,buy,8.4e-07,10025.0,0.008421
VIB/BTC,1608627495236,2020-12-22T08:58:15.236Z,buy,8.4e-07,5015.0,0.0042126
VIB/BTC,1608627498975,2020-12-22T08:58:18.975Z,buy,8.4e-07,500.0,0.00042
VIB/BTC,1608627500837,2020-12-22T08:58:20.837Z,buy,8.4e-07,500.0,0.00042
VIB/BTC,1608627502677,2020-12-22T08:58:22.677Z,buy,8.4e-07,500.0,0.00042
VIB/BTC,1608627504276,2020-12-22T08:58:24.276Z,buy,8.4e-07,500.0,0.00042
VIB/BTC,1608627507703,2020-12-22T08:58:27.703Z,sell,8.3e-07,106359.0,0.08827797
VIB/BTC,1608627511614,2020-12-22T08:58:31.614Z,sell,8.3e-07,49825.0,0.04135475
VIB/BTC,1608627521336,2020-12-22T08:58:41.336Z,buy,8.4e-07,929.0,0.00078036
VIB/BTC,1608627524507,2020-12-22T08:58:44.507Z,buy,8.4e-07,500.0,0.00042
VIB/BTC,1608627526024,2020-12-22T08:58:46.024Z,buy,8.4e-07,500.0,0.00042
VIB/BTC,1608627527955,2020-12-22T08:58:47.955Z,buy,8.4e-07,500.0,0.00042
VIB/BTC,1608627529327,2020-12-22T08:58:49.327Z,buy,8.4e-07,500.0,0.00042
VIB/BTC,1608627530806,2020-12-22T08:58:50.806Z,buy,8.4e-07,500.0,0.00042
VIB/BTC,1608627532223,2020-12-22T08:58:52.223Z,buy,8.4e-07,500.0,0.00042
VIB/BTC,1608627534020,2020-12-22T08:58:54.020Z,buy,8.4e-07,500.0,0.00042
VIB/BTC,1608627539418,2020-12-22T08:58:59.418Z,buy,8.4e-07,500.0,0.00042
VIB/BTC,1608627541510,2020-12-22T08:59:01.510Z,buy,8.4e-07,500.0,0.00042
VIB/BTC,1608627543624,2020-12-22T08:59:03.624Z,buy,8.4e-07,500.0,0.00042
VIB/BTC,1608627545165,2020-12-22T08:59:05.165Z,buy,8.4e-07,500.0,0.00042
VIB/BTC,1608627546559,2020-12-22T08:59:06.559Z,buy,8.4e-07,500.0,0.00042
VIB/BTC,1608627548049,2020-12-22T08:59:08.049Z,buy,8.4e-07,500.0,0.00042
VIB/BTC,1608627550434,2020-12-22T08:59:10.434Z,buy,8.4e-07,500.0,0.00042
VIB/BTC,1608627552062,2020-12-22T08:59:12.062Z,buy,8.4e-07,500.0,0.00042
VIB/BTC,1608627554194,2020-12-22T08:59:14.194Z,buy,8.4e-07,500.0,0.00042
VIB/BTC,1608627555393,2020-12-22T08:59:15.393Z,buy,8.4e-07,500.0,0.00042
VIB/BTC,1608627557161,2020-12-22T08:59:17.161Z,buy,8.4e-07,500.0,0.00042
VIB/BTC,1608627559437,2020-12-22T08:59:19.437Z,buy,8.4e-07,500.0,0.00042
VIB/BTC,1608627560830,2020-12-22T08:59:20.830Z,buy,8.4e-07,500.0,0.00042
VIB/BTC,1608627562560,2020-12-22T08:59:22.560Z,buy,8.4e-07,500.0,0.00042
VIB/BTC,1608627564205,2020-12-22T08:59:24.205Z,buy,8.4e-07,500.0,0.00042
VIB/BTC,1608627565670,2020-12-22T08:59:25.670Z,buy,8.4e-07,500.0,0.00042
VIB/BTC,1608627568213,2020-12-22T08:59:28.213Z,buy,8.4e-07,500.0,0.00042
VIB/BTC,1608627569581,2020-12-22T08:59:29.581Z,buy,8.4e-07,500.0,0.00042
VIB/BTC,1608627571446,2020-12-22T08:59:31.446Z,buy,8.4e-07,500.0,0.00042
VIB/BTC,1608627573105,2020-12-22T08:59:33.105Z,buy,8.4e-07,500.0,0.00042
VIB/BTC,1608627575290,2020-12-22T08:59:35.290Z,buy,8.4e-07,500.0,0.00042
VIB/BTC,1608627576777,2020-12-22T08:59:36.777Z,buy,8.4e-07,500.0,0.00042
VIB/BTC,1608627578229,2020-12-22T08:59:38.229Z,buy,8.4e-07,500.0,0.00042
VIB/BTC,1608627579602,2020-12-22T08:59:39.602Z,buy,8.4e-07,500.0,0.00042
VIB/BTC,1608627581478,2020-12-22T08:59:41.478Z,buy,8.4e-07,500.0,0.00042
VIB/BTC,1608627582765,2020-12-22T08:59:42.765Z,buy,8.4e-07,500.0,0.00042
VIB/BTC,1608627584423,2020-12-22T08:59:44.423Z,buy,8.4e-07,500.0,0.00042
VIB/BTC,1608627586124,2020-12-22T08:59:46.124Z,buy,8.4e-07,500.0,0.00042
VIB/BTC,1608627587746,2020-12-22T08:59:47.746Z,buy,8.4e-07,500.0,0.00042
VIB/BTC,1608627589475,2020-12-22T08:59:49.475Z,buy,8.4e-07,500.0,0.00042
VIB/BTC,1608627590839,2020-12-22T08:59:50.839Z,buy,8.4e-07,500.0,0.00042
VIB/BTC,1608627592454,2020-12-22T08:59:52.454Z,buy,8.4e-07,500.0,0.00042
VIB/BTC,1608627593863,2020-12-22T08:59:53.863Z,buy,8.4e-07,500.0,0.00042
VIB/BTC,1608627595514,2020-12-22T08:59:55.514Z,buy,8.4e-07,500.0,0.00042
VIB/BTC,1608627597219,2020-12-22T08:59:57.219Z,buy,8.4e-07,500.0,0.00042
VIB/BTC,1608627599334,2020-12-22T08:59:59.334Z,buy,8.4e-07,500.0,0.00042
VIB/BTC,1608627601386,2020-12-22T09:00:01.386Z,buy,8.4e-07,500.0,0.00042
VIB/BTC,1608627662815,2020-12-22T09:01:02.815Z,sell,8.3e-07,109585.0,0.09095555
VIB/BTC,1608627681535,2020-12-22T09:01:21.535Z,sell,8.3e-07,46026.0,0.03820158
VIB/BTC,1608627703291,2020-12-22T09:01:43.291Z,buy,8.4e-07,655556.0,0.55066704
VIB/BTC,1608627723742,2020-12-22T09:02:03.742Z,buy,8.4e-07,5000.0,0.0042
VIB/BTC,1608627725581,2020-12-22T09:02:05.581Z,buy,8.4e-07,500.0,0.00042
VIB/BTC,1608627727928,2020-12-22T09:02:07.928Z,buy,8.4e-07,500.0,0.00042
VIB/BTC,1608627729796,2020-12-22T09:02:09.796Z,buy,8.4e-07,500.0,0.00042
VIB/BTC,1608627732232,2020-12-22T09:02:12.232Z,buy,8.4e-07,500.0,0.00042
VIB/BTC,1608627733587,2020-12-22T09:02:13.587Z,buy,8.4e-07,500.0,0.00042
VIB/BTC,1608627734948,2020-12-22T09:02:14.948Z,buy,8.4e-07,500.0,0.00042
VIB/BTC,1608627736649,2020-12-22T09:02:16.649Z,buy,8.4e-07,500.0,0.00042
VIB/BTC,1608627738109,2020-12-22T09:02:18.109Z,buy,8.4e-07,500.0,0.00042
VIB/BTC,1608627739597,2020-12-22T09:02:19.597Z,buy,8.4e-07,500.0,0.00042
VIB/BTC,1608627741005,2020-12-22T09:02:21.005Z,buy,8.4e-07,500.0,0.00042
VIB/BTC,1608627742486,2020-12-22T09:02:22.486Z,buy,8.4e-07,500.0,0.00042
VIB/BTC,1608627743760,2020-12-22T09:02:23.760Z,buy,8.4e-07,500.0,0.00042
VIB/BTC,1608627745430,2020-12-22T09:02:25.430Z,buy,8.4e-07,500.0,0.00042
VIB/BTC,1608627746757,2020-12-22T09:02:26.757Z,buy,8.4e-07,500.0,0.00042
VIB/BTC,1608627748891,2020-12-22T09:02:28.891Z,buy,8.4e-07,500.0,0.00042
VIB/BTC,1608627750356,2020-12-22T09:02:30.356Z,buy,8.4e-07,500.0,0.00042
VIB/BTC,1608627751762,2020-12-22T09:02:31.762Z,buy,8.4e-07,500.0,0.00042
VIB/BTC,1608627753085,2020-12-22T09:02:33.085Z,buy,8.4e-07,500.0,0.00042
VIB/BTC,1608627764152,2020-12-22T09:02:44.152Z,buy,8.4e-07,500.0,0.00042
VIB/BTC,1608627765645,2020-12-22T09:02:45.645Z,buy,8.4e-07,500.0,0.00042
VIB/BTC,1608627767096,2020-12-22T09:02:47.096Z,buy,8.4e-07,500.0,0.00042
VIB/BTC,1608627769476,2020-12-22T09:02:49.476Z,buy,8.4e-07,500.0,0.00042
VIB/BTC,1608627770931,2020-12-22T09:02:50.931Z,buy,8.4e-07,500.0,0.00042
VIB/BTC,1608627772391,2020-12-22T09:02:52.391Z,buy,8.4e-07,500.0,0.00042
VIB/BTC,1608627773576,2020-12-22T09:02:53.576Z,buy,8.4e-07,500.0,0.00042
VIB/BTC,1608627774810,2020-12-22T09:02:54.810Z,buy,8.4e-07,500.0,0.00042
VIB/BTC,1608627776019,2020-12-22T09:02:56.019Z,buy,8.4e-07,500.0,0.00042
VIB/BTC,1608627777337,2020-12-22T09:02:57.337Z,buy,8.4e-07,500.0,0.00042
VIB/BTC,1608627778515,2020-12-22T09:02:58.515Z,buy,8.4e-07,500.0,0.00042
VIB/BTC,1608627779683,2020-12-22T09:02:59.683Z,buy,8.4e-07,500.0,0.00042
VIB/BTC,1608627780966,2020-12-22T09:03:00.966Z,buy,8.4e-07,500.0,0.00042
VIB/BTC,1608627782261,2020-12-22T09:03:02.261Z,buy,8.4e-07,500.0,0.00042
VIB/BTC,1608627783847,2020-12-22T09:03:03.847Z,buy,8.4e-07,500.0,0.00042
VIB/BTC,1608627785793,2020-12-22T09:03:05.793Z,buy,8.4e-07,500.0,0.00042
VIB/BTC,1608627787093,2020-12-22T09:03:07.093Z,buy,8.4e-07,500.0,0.00042
VIB/BTC,1608627788347,2020-12-22T09:03:08.347Z,buy,8.4e-07,500.0,0.00042
VIB/BTC,1608627789716,2020-12-22T09:03:09.716Z,buy,8.4e-07,500.0,0.00042
VIB/BTC,1608627791461,2020-12-22T09:03:11.461Z,buy,8.4e-07,500.0,0.00042
VIB/BTC,1608627793576,2020-12-22T09:03:13.576Z,buy,8.4e-07,500.0,0.00042
VIB/BTC,1608627796102,2020-12-22T09:03:16.102Z,buy,8.4e-07,500.0,0.00042
VIB/BTC,1608627797345,2020-12-22T09:03:17.345Z,buy,8.4e-07,500.0,0.00042
VIB/BTC,1608627799530,2020-12-22T09:03:19.530Z,buy,8.4e-07,500.0,0.00042
VIB/BTC,1608627801025,2020-12-22T09:03:21.025Z,buy,8.4e-07,500.0,0.00042
VIB/BTC,1608627802306,2020-12-22T09:03:22.306Z,buy,8.4e-07,500.0,0.00042
VIB/BTC,1608627803706,2020-12-22T09:03:23.706Z,buy,8.4e-07,500.0,0.00042
VIB/BTC,1608627805593,2020-12-22T09:03:25.593Z,buy,8.4e-07,500.0,0.00042
VIB/BTC,1608627806927,2020-12-22T09:03:26.927Z,buy,8.4e-07,500.0,0.00042
VIB/BTC,1608627808361,2020-12-22T09:03:28.361Z,buy,8.4e-07,500.0,0.00042
VIB/BTC,1608627809530,2020-12-22T09:03:29.530Z,buy,8.4e-07,500.0,0.00042
VIB/BTC,1608627810832,2020-12-22T09:03:30.832Z,buy,8.4e-07,500.0,0.00042
VIB/BTC,1608627812667,2020-12-22T09:03:32.667Z,buy,8.4e-07,500.0,0.00042
VIB/BTC,1608627814711,2020-12-22T09:03:34.711Z,buy,8.4e-07,500.0,0.00042
VIB/BTC,1608627816377,2020-12-22T09:03:36.377Z,buy,8.4e-07,500.0,0.00042
VIB/BTC,1608627817816,2020-12-22T09:03:37.816Z,buy,8.4e-07,500.0,0.00042
VIB/BTC,1608627819390,2020-12-22T09:03:39.390Z,buy,8.4e-07,500.0,0.00042
VIB/BTC,1608627820807,2020-12-22T09:03:40.807Z,buy,8.4e-07,500.0,0.00042
VIB/BTC,1608627822659,2020-12-22T09:03:42.659Z,buy,8.4e-07,500.0,0.00042
VIB/BTC,1608627824531,2020-12-22T09:03:44.531Z,buy,8.4e-07,500.0,0.00042
VIB/BTC,1608627825785,2020-12-22T09:03:45.785Z,buy,8.4e-07,500.0,0.00042
VIB/BTC,1608627827605,2020-12-22T09:03:47.605Z,buy,8.4e-07,500.0,0.00042
VIB/BTC,1608627828944,2020-12-22T09:03:48.944Z,buy,8.4e-07,500.0,0.00042
VIB/BTC,1608627830311,2020-12-22T09:03:50.311Z,buy,8.4e-07,500.0,0.00042
VIB/BTC,1608627832263,2020-12-22T09:03:52.263Z,buy,8.4e-07,500.0,0.00042
VIB/BTC,1608627833988,2020-12-22T09:03:53.988Z,buy,8.4e-07,500.0,0.00042
VIB/BTC,1608627836071,2020-12-22T09:03:56.071Z,buy,8.4e-07,500.0,0.00042
VIB/BTC,1608627837760,2020-12-22T09:03:57.760Z,buy,8.4e-07,500.0,0.00042
VIB/BTC,1608627839468,2020-12-22T09:03:59.468Z,buy,8.4e-07,500.0,0.00042
VIB/BTC,1608627840792,2020-12-22T09:04:00.792Z,buy,8.4e-07,500.0,0.00042
VIB/BTC,1608627842253,2020-12-22T09:04:02.253Z,buy,8.4e-07,500.0,0.00042
VIB/BTC,1608627843672,2020-12-22T09:04:03.672Z,buy,8.4e-07,500.0,0.00042
VIB/BTC,1608627844959,2020-12-22T09:04:04.959Z,buy,8.4e-07,500.0,0.00042
VIB/BTC,1608627846272,2020-12-22T09:04:06.272Z,buy,8.4e-07,500.0,0.00042
VIB/BTC,1608627847615,2020-12-22T09:04:07.615Z,buy,8.4e-07,500.0,0.00042
VIB/BTC,1608627848867,2020-12-22T09:04:08.867Z,buy,8.4e-07,500.0,0.00042
VIB/BTC,1608627850335,2020-12-22T09:04:10.335Z,buy,8.4e-07,500.0,0.00042
VIB/BTC,1608627851591,2020-12-22T09:04:11.591Z,buy,8.4e-07,500.0,0.00042
VIB/BTC,1608627853126,2020-12-22T09:04:13.126Z,buy,8.4e-07,500.0,0.00042
VIB/BTC,1608627854969,2020-12-22T09:04:14.969Z,buy,8.4e-07,500.0,0.00042
VIB/BTC,1608627856304,2020-12-22T09:04:16.304Z,buy,8.4e-07,500.0,0.00042
VIB/BTC,1608627858174,2020-12-22T09:04:18.174Z,buy,8.4e-07,500.0,0.00042
VIB/BTC,1608627860355,2020-12-22T09:04:20.355Z,buy,8.4e-07,500.0,0.00042
VIB/BTC,1608627862478,2020-12-22T09:04:22.478Z,buy,8.4e-07,500.0,0.00042
VIB/BTC,1608627864630,2020-12-22T09:04:24.630Z,buy,8.4e-07,500.0,0.00042
VIB/BTC,1608627946503,2020-12-22T09:05:46.503Z,sell,8.3e-07,300000.0,0.249
VIB/BTC,1608627948434,2020-12-22T09:05:48.434Z,sell,8.3e-07,34032.0,0.02824656
VIB/BTC,1608627959079,2020-12-22T09:05:59.079Z,sell,8.2e-07,12195.0,0.0099998999999999
VIB/BTC,1608628240437,2020-12-22T09:10:40.437Z,buy,8.3e-07,147.0,0.00012201
VIB/BTC,1608628310088,2020-12-22T09:11:50.088Z,sell,8.2e-07,9609.0,0.00787938
VIB/BTC,1608628463527,2020-12-22T09:14:23.527Z,sell,8.2e-07,29540.0,0.0242228
VIB/BTC,1608628463533,2020-12-22T09:14:23.533Z,buy,8.2e-07,1038.0,0.00085116
VIB/BTC,1608628463533,2020-12-22T09:14:23.533Z,buy,8.2e-07,1038.0,0.00085116
VIB/BTC,1608628463534,2020-12-22T09:14:23.534Z,buy,8.2e-07,1038.0,0.00085116
VIB/BTC,1608628463534,2020-12-22T09:14:23.534Z,buy,8.2e-07,1038.0,0.00085116
VIB/BTC,1608628463534,2020-12-22T09:14:23.534Z,buy,8.2e-07,1038.0,0.00085116
VIB/BTC,1608628463535,2020-12-22T09:14:23.535Z,buy,8.2e-07,1038.0,0.00085116
VIB/BTC,1608628463535,2020-12-22T09:14:23.535Z,buy,8.2e-07,1038.0,0.00085116
VIB/BTC,1608628463535,2020-12-22T09:14:23.535Z,buy,8.2e-07,1038.0,0.00085116
VIB/BTC,1608628463535,2020-12-22T09:14:23.535Z,buy,8.2e-07,1038.0,0.00085116
VIB/BTC,1608628463536,2020-12-22T09:14:23.536Z,buy,8.2e-07,1038.0,0.00085116
VIB/BTC,1608628463536,2020-12-22T09:14:23.536Z,buy,8.2e-07,1038.0,0.00085116
VIB/BTC,1608628463536,2020-12-22T09:14:23.536Z,buy,8.2e-07,1038.0,0.00085116
VIB/BTC,1608628463536,2020-12-22T09:14:23.536Z,buy,8.2e-07,1038.0,0.00085116
VIB/BTC,1608628463536,2020-12-22T09:14:23.536Z,buy,8.2e-07,1038.0,0.00085116
VIB/BTC,1608628463536,2020-12-22T09:14:23.536Z,buy,8.2e-07,1038.0,0.00085116
VIB/BTC,1608628463536,2020-12-22T09:14:23.536Z,buy,8.2e-07,1038.0,0.00085116
VIB/BTC,1608628463537,2020-12-22T09:14:23.537Z,buy,8.2e-07,1038.0,0.00085116
VIB/BTC,1608628463537,2020-12-22T09:14:23.537Z,buy,8.2e-07,1038.0,0.00085116
VIB/BTC,1608628463537,2020-12-22T09:14:23.537Z,buy,8.2e-07,1038.0,0.00085116
VIB/BTC,1608628463538,2020-12-22T09:14:23.538Z,buy,8.2e-07,1038.0,0.00085116
VIB/BTC,1608628463538,2020-12-22T09:14:23.538Z,buy,8.2e-07,1038.0,0.00085116
VIB/BTC,1608628463538,2020-12-22T09:14:23.538Z,buy,8.2e-07,1038.0,0.00085116
VIB/BTC,1608628463538,2020-12-22T09:14:23.538Z,buy,8.2e-07,1038.0,0.00085116
VIB/BTC,1608628463538,2020-12-22T09:14:23.538Z,buy,8.2e-07,1038.0,0.00085116
VIB/BTC,1608628463538,2020-12-22T09:14:23.538Z,buy,8.2e-07,1038.0,0.00085116
VIB/BTC,1608628463538,2020-12-22T09:14:23.538Z,buy,8.2e-07,1038.0,0.00085116
VIB/BTC,1608628463539,2020-12-22T09:14:23.539Z,buy,8.2e-07,1038.0,0.00085116
VIB/BTC,1608628463539,2020-12-22T09:14:23.539Z,buy,8.2e-07,1038.0,0.00085116
VIB/BTC,1608628463539,2020-12-22T09:14:23.539Z,buy,8.2e-07,1038.0,0.00085116
VIB/BTC,1608628463539,2020-12-22T09:14:23.539Z,buy,8.2e-07,1038.0,0.00085116
VIB/BTC,1608628463539,2020-12-22T09:14:23.539Z,buy,8.2e-07,1038.0,0.00085116
VIB/BTC,1608628463539,2020-12-22T09:14:23.539Z,buy,8.2e-07,1038.0,0.00085116
VIB/BTC,1608628463540,2020-12-22T09:14:23.540Z,buy,8.2e-07,1038.0,0.00085116
VIB/BTC,1608628463540,2020-12-22T09:14:23.540Z,buy,8.2e-07,1038.0,0.00085116
VIB/BTC,1608628463540,2020-12-22T09:14:23.540Z,buy,8.2e-07,1038.0,0.00085116
VIB/BTC,1608628463540,2020-12-22T09:14:23.540Z,buy,8.2e-07,1038.0,0.00085116
VIB/BTC,1608628463540,2020-12-22T09:14:23.540Z,buy,8.2e-07,1038.0,0.00085116
VIB/BTC,1608628463540,2020-12-22T09:14:23.540Z,buy,8.2e-07,1038.0,0.00085116
VIB/BTC,1608628463540,2020-12-22T09:14:23.540Z,buy,8.2e-07,1038.0,0.00085116
VIB/BTC,1608628463540,2020-12-22T09:14:23.540Z,buy,8.2e-07,1038.0,0.00085116
VIB/BTC,1608628463541,2020-12-22T09:14:23.541Z,buy,8.2e-07,1038.0,0.00085116
VIB/BTC,1608628463542,2020-12-22T09:14:23.542Z,buy,8.2e-07,1038.0,0.00085116
VIB/BTC,1608628463542,2020-12-22T09:14:23.542Z,buy,8.2e-07,1038.0,0.00085116
VIB/BTC,1608628463546,2020-12-22T09:14:23.546Z,buy,8.2e-07,1003.0,0.00082246
VIB/BTC,1608628463546,2020-12-22T09:14:23.546Z,buy,8.2e-07,1038.0,0.00085116
VIB/BTC,1608628463548,2020-12-22T09:14:23.548Z,buy,8.2e-07,600051.0,0.4920418199999999
VIB/BTC,1608628463587,2020-12-22T09:14:23.587Z,sell,8.2e-07,13425.0,0.0110085
VIB/BTC,1608628463599,2020-12-22T09:14:23.599Z,sell,8.2e-07,6467.0,0.00530294
VIB/BTC,1608628475141,2020-12-22T09:14:35.141Z,sell,8.2e-07,32152.0,0.0263646399999999
VIB/BTC,1608628475159,2020-12-22T09:14:35.159Z,buy,8.2e-07,7778.0,0.00637796
VIB/BTC,1608628475557,2020-12-22T09:14:35.557Z,buy,8.2e-07,334138.0,0.27399316
VIB/BTC,1608628496339,2020-12-22T09:14:56.339Z,buy,8.3e-07,158.0,0.00013114
VIB/BTC,1608628499815,2020-12-22T09:14:59.815Z,sell,8.2e-07,158.0,0.00012956
VIB/BTC,1608628698616,2020-12-22T09:18:18.616Z,sell,8.2e-07,10289.0,0.00843698
VIB/BTC,1608628709574,2020-12-22T09:18:29.574Z,sell,8.2e-07,54431.0,0.04463342
VIB/BTC,1608628786109,2020-12-22T09:19:46.109Z,buy,8.2e-07,132.0,0.00010824
VIB/BTC,1608628818411,2020-12-22T09:20:18.411Z,buy,8.2e-07,45063.0,0.03695166
VIB/BTC,1608629201379,2020-12-22T09:26:41.379Z,buy,8.2e-07,3932.0,0.0032242399999999
VIB/BTC,1608629280840,2020-12-22T09:28:00.840Z,buy,8.2e-07,8881.0,0.0072824199999999
VIB/BTC,1608629335638,2020-12-22T09:28:55.638Z,buy,8.2e-07,5499.0,0.00450918
VIB/BTC,1608629363580,2020-12-22T09:29:23.580Z,buy,8.2e-07,4037.0,0.0033103399999999
VIB/BTC,1608629363580,2020-12-22T09:29:23.580Z,buy,8.2e-07,4037.0,0.0033103399999999
VIB/BTC,1608630602105,2020-12-22T09:50:02.105Z,buy,8.2e-07,842.0,0.00069044
VIB/BTC,1608631259407,2020-12-22T10:00:59.407Z,sell,8.2e-07,6574.0,0.00539068
VIB/BTC,1608631852999,2020-12-22T10:10:52.999Z,sell,8.2e-07,7186.0,0.00589252
VIB/BTC,1608631966131,2020-12-22T10:12:46.131Z,sell,8.2e-07,309.0,0.00025338
VIB/BTC,1608631966131,2020-12-22T10:12:46.131Z,sell,8.2e-07,309.0,0.00025338
VIB/BTC,1608633372868,2020-12-22T10:36:12.868Z,sell,8.2e-07,937.0,0.00076834
VIB/BTC,1608633966182,2020-12-22T10:46:06.182Z,sell,8.2e-07,19980.0,0.0163835999999999
VIB/BTC,1608634465166,2020-12-22T10:54:25.166Z,buy,8.3e-07,150782.0,0.12514906
VIB/BTC,1608634465181,2020-12-22T10:54:25.181Z,sell,8.3e-07,45674.0,0.03790942
VIB/BTC,1608635057182,2020-12-22T11:04:17.182Z,buy,8.3e-07,8501.0,0.00705583
VIB/BTC,1608635072075,2020-12-22T11:04:32.075Z,buy,8.4e-07,121.0,0.00010164
VIB/BTC,1608635117824,2020-12-22T11:05:17.824Z,sell,8.3e-07,1790.0,0.0014857
VIB/BTC,1608635135037,2020-12-22T11:05:35.037Z,sell,8.3e-07,62590.0,0.0519497
VIB/BTC,1608635135137,2020-12-22T11:05:35.137Z,sell,8.3e-07,54253.0,0.04502999
VIB/BTC,1608635135244,2020-12-22T11:05:35.244Z,sell,8.3e-07,15916.0,0.01321028
VIB/BTC,1608635135244,2020-12-22T11:05:35.244Z,sell,8.3e-07,15916.0,0.01321028
VIB/BTC,1608635986332,2020-12-22T11:19:46.332Z,sell,8.3e-07,30458.0,0.02528014
VIB/BTC,1608637871676,2020-12-22T11:51:11.676Z,sell,8.3e-07,6436.0,0.00534188
VIB/BTC,1608637871676,2020-12-22T11:51:11.676Z,sell,8.3e-07,6436.0,0.00534188
VIB/BTC,1608638751061,2020-12-22T12:05:51.061Z,buy,8.4e-07,48713.0,0.04091892
VIB/BTC,1608638791869,2020-12-22T12:06:31.869Z,buy,8.4e-07,11309.0,0.00949956
VIB/BTC,1608638793278,2020-12-22T12:06:33.278Z,buy,8.4e-07,46801.0,0.03931284
VIB/BTC,1608639134209,2020-12-22T12:12:14.209Z,buy,8.4e-07,23809.0,0.01999956
VIB/BTC,1608640179952,2020-12-22T12:29:39.952Z,sell,8.3e-07,7702.0,0.00639266
VIB/BTC,1608640180276,2020-12-22T12:29:40.276Z,sell,8.3e-07,2333.0,0.00193639
VIB/BTC,1608640445631,2020-12-22T12:34:05.631Z,buy,8.4e-07,11043.0,0.00927612
VIB/BTC,1608640445706,2020-12-22T12:34:05.706Z,sell,8.4e-07,2487.0,0.00208908
VIB/BTC,1608640452433,2020-12-22T12:34:12.433Z,buy,8.5e-07,2690.0,0.0022865
VIB/BTC,1608640453932,2020-12-22T12:34:13.932Z,sell,8.4e-07,1142.0,0.00095928
VIB/BTC,1608640454027,2020-12-22T12:34:14.027Z,sell,8.4e-07,1000.0,0.00084
VIB/BTC,1608640455029,2020-12-22T12:34:15.029Z,buy,8.5e-07,3062.0,0.0026027
VIB/BTC,1608640457245,2020-12-22T12:34:17.245Z,buy,8.5e-07,24505.0,0.02082925
VIB/BTC,1608640460407,2020-12-22T12:34:20.407Z,buy,8.5e-07,34883.0,0.02965055
VIB/BTC,1608640467697,2020-12-22T12:34:27.697Z,buy,8.5e-07,9209.0,0.00782765
VIB/BTC,1608640469905,2020-12-22T12:34:29.905Z,buy,8.5e-07,1176.0,0.0009996
VIB/BTC,1608640488667,2020-12-22T12:34:48.667Z,sell,8.4e-07,1000.0,0.00084
VIB/BTC,1608640522369,2020-12-22T12:35:22.369Z,buy,8.5e-07,95117.0,0.08084945
VIB/BTC,1608640522369,2020-12-22T12:35:22.369Z,buy,8.6e-07,176241.0,0.15156726
VIB/BTC,1608640522369,2020-12-22T12:35:22.369Z,buy,8.7e-07,109469.0,0.09523803
VIB/BTC,1608640522369,2020-12-22T12:35:22.369Z,buy,8.8e-07,110987.0,0.09766856
VIB/BTC,1608640522369,2020-12-22T12:35:22.369Z,buy,8.9e-07,193579.0,0.17228531
VIB/BTC,1608640522413,2020-12-22T12:35:22.413Z,buy,8.5e-07,2936.0,0.0024956
VIB/BTC,1608640522675,2020-12-22T12:35:22.675Z,buy,8.5e-07,14153.0,0.01203005
VIB/BTC,1608640523092,2020-12-22T12:35:23.092Z,buy,8.5e-07,3892.0,0.0033082
VIB/BTC,1608640523133,2020-12-22T12:35:23.133Z,sell,8.5e-07,1344.0,0.0011424
VIB/BTC,1608640523515,2020-12-22T12:35:23.515Z,buy,8.6e-07,1084.0,0.00093224
VIB/BTC,1608640523780,2020-12-22T12:35:23.780Z,buy,8.6e-07,297.0,0.00025542
VIB/BTC,1608640523886,2020-12-22T12:35:23.886Z,buy,8.6e-07,10070.0,0.0086602
VIB/BTC,1608640523917,2020-12-22T12:35:23.917Z,buy,8.6e-07,1095.0,0.0009417
VIB/BTC,1608640524310,2020-12-22T12:35:24.310Z,buy,8.6e-07,293.0,0.00025198
VIB/BTC,1608640524330,2020-12-22T12:35:24.330Z,buy,8.6e-07,10073.0,0.00866278
VIB/BTC,1608640524372,2020-12-22T12:35:24.372Z,buy,8.6e-07,1077.0,0.00092622
VIB/BTC,1608640524750,2020-12-22T12:35:24.750Z,sell,8.5e-07,18792.0,0.0159732
VIB/BTC,1608640524760,2020-12-22T12:35:24.760Z,buy,8.6e-07,10025.0,0.0086215
VIB/BTC,1608640524908,2020-12-22T12:35:24.908Z,buy,8.6e-07,273.0,0.00023478
VIB/BTC,1608640525089,2020-12-22T12:35:25.089Z,buy,8.6e-07,9846.0,0.00846756
VIB/BTC,1608640525089,2020-12-22T12:35:25.089Z,buy,8.7e-07,169.0,0.00014703
VIB/BTC,1608640527163,2020-12-22T12:35:27.163Z,buy,8.6e-07,297.0,0.00025542
VIB/BTC,1608640528150,2020-12-22T12:35:28.150Z,buy,8.6e-07,310.0,0.0002666
VIB/BTC,1608640529542,2020-12-22T12:35:29.542Z,sell,8.5e-07,399.0,0.00033915
VIB/BTC,1608640529544,2020-12-22T12:35:29.544Z,buy,8.6e-07,338.0,0.00029068
VIB/BTC,1608640530033,2020-12-22T12:35:30.033Z,sell,8.5e-07,400.0,0.00034
VIB/BTC,1608640531006,2020-12-22T12:35:31.006Z,sell,8.5e-07,400.0,0.00034
VIB/BTC,1608640531469,2020-12-22T12:35:31.469Z,sell,8.5e-07,400.0,0.00034
VIB/BTC,1608640532007,2020-12-22T12:35:32.007Z,sell,8.5e-07,400.0,0.00034
VIB/BTC,1608640532705,2020-12-22T12:35:32.705Z,sell,8.5e-07,399.0,0.00033915
VIB/BTC,1608640533240,2020-12-22T12:35:33.240Z,sell,8.5e-07,400.0,0.00034
VIB/BTC,1608640534026,2020-12-22T12:35:34.026Z,sell,8.5e-07,1428.0,0.0012138
VIB/BTC,1608640545163,2020-12-22T12:35:45.163Z,sell,8.5e-07,8406.0,0.0071451
VIB/BTC,1608640551538,2020-12-22T12:35:51.538Z,buy,8.6e-07,2009.0,0.00172774
VIB/BTC,1608640569822,2020-12-22T12:36:09.822Z,buy,8.6e-07,384.0,0.00033024
VIB/BTC,1608640573692,2020-12-22T12:36:13.692Z,buy,8.6e-07,118.0,0.00010148
VIB/BTC,1608640604035,2020-12-22T12:36:44.035Z,buy,8.6e-07,616.0,0.00052976
VIB/BTC,1608640649925,2020-12-22T12:37:29.925Z,buy,8.6e-07,226.0,0.00019436
VIB/BTC,1608640652243,2020-12-22T12:37:32.243Z,buy,8.6e-07,121.0,0.00010406
VIB/BTC,1608640842424,2020-12-22T12:40:42.424Z,sell,8.5e-07,274.0,0.0002329
VIB/BTC,1608640860348,2020-12-22T12:41:00.348Z,sell,8.5e-07,28651.0,0.02435335
VIB/BTC,1608640876523,2020-12-22T12:41:16.523Z,sell,8.5e-07,408.0,0.0003468
VIB/BTC,1608641380170,2020-12-22T12:49:40.170Z,sell,8.5e-07,800.0,0.00068
VIB/BTC,1608641380170,2020-12-22T12:49:40.170Z,sell,8.5e-07,800.0,0.00068
VIB/BTC,1608641487603,2020-12-22T12:51:27.603Z,sell,8.5e-07,13882.0,0.0117997
VIB/BTC,1608641597478,2020-12-22T12:53:17.478Z,buy,8.6e-07,2987.0,0.00256882
VIB/BTC,1608641761131,2020-12-22T12:56:01.131Z,sell,8.5e-07,6740.0,0.005729
VIB/BTC,1608641920594,2020-12-22T12:58:40.594Z,sell,8.5e-07,41393.0,0.03518405
VIB/BTC,1608641951042,2020-12-22T12:59:11.042Z,buy,8.5e-07,143.0,0.00012155
VIB/BTC,1608642001566,2020-12-22T13:00:01.566Z,sell,8.4e-07,357.0,0.00029988
VIB/BTC,1608642363896,2020-12-22T13:06:03.896Z,buy,8.5e-07,19614.0,0.0166719
VIB/BTC,1608642462657,2020-12-22T13:07:42.657Z,sell,8.4e-07,362.0,0.00030408
VIB/BTC,1608643009784,2020-12-22T13:16:49.784Z,sell,8.4e-07,19595.0,0.0164598
VIB/BTC,1608643505647,2020-12-22T13:25:05.647Z,buy,8.5e-07,795.0,0.00067575
VIB/BTC,1608643635750,2020-12-22T13:27:15.750Z,buy,8.5e-07,2279.0,0.00193715
VIB/BTC,1608643937162,2020-12-22T13:32:17.162Z,sell,8.5e-07,120.0,0.000102
VIB/BTC,1608644564112,2020-12-22T13:42:44.112Z,buy,8.6e-07,118.0,0.00010148
VIB/BTC,1608644592443,2020-12-22T13:43:12.443Z,buy,8.6e-07,3489.0,0.00300054
VIB/BTC,1608644959375,2020-12-22T13:49:19.375Z,buy,8.6e-07,198.0,0.00017028
VIB/BTC,1608644959375,2020-12-22T13:49:19.375Z,buy,8.6e-07,198.0,0.00017028
VIB/BTC,1608644982628,2020-12-22T13:49:42.628Z,buy,8.6e-07,5121.0,0.00440406
VIB/BTC,1608645055453,2020-12-22T13:50:55.453Z,buy,8.6e-07,1590.0,0.0013674
VIB/BTC,1608645257149,2020-12-22T13:54:17.149Z,buy,8.6e-07,495.0,0.0004257
VIB/BTC,1608645494566,2020-12-22T13:58:14.566Z,buy,8.6e-07,2990.0,0.0025714
VIB/BTC,1608645753712,2020-12-22T14:02:33.712Z,sell,8.5e-07,7387.0,0.00627895
VIB/BTC,1608645950299,2020-12-22T14:05:50.299Z,sell,8.5e-07,32.0,2.72e-05
VIB/BTC,1608645956545,2020-12-22T14:05:56.545Z,sell,8.4e-07,222215.0,0.1866606
VIB/BTC,1608646001469,2020-12-22T14:06:41.469Z,sell,8.3e-07,149169.0,0.12381027
VIB/BTC,1608646001476,2020-12-22T14:06:41.476Z,buy,8.3e-07,18849.0,0.01564467
VIB/BTC,1608646003089,2020-12-22T14:06:43.089Z,sell,8.3e-07,307.0,0.00025481
VIB/BTC,1608646017480,2020-12-22T14:06:57.480Z,buy,8.3e-07,1202.0,0.00099766
VIB/BTC,1608646134707,2020-12-22T14:08:54.707Z,sell,8.2e-07,1419.0,0.00116358
VIB/BTC,1608646157054,2020-12-22T14:09:17.054Z,buy,8.3e-07,3071.0,0.00254893
VIB/BTC,1608646217562,2020-12-22T14:10:17.562Z,buy,8.4e-07,642.0,0.00053928
VIB/BTC,1608647491207,2020-12-22T14:31:31.207Z,buy,8.4e-07,10548.0,0.00886032
VIB/BTC,1608647497740,2020-12-22T14:31:37.740Z,buy,8.4e-07,1893.0,0.00159012
VIB/BTC,1608647745150,2020-12-22T14:35:45.150Z,sell,8.3e-07,44163.0,0.03665529
VIB/BTC,1608647745150,2020-12-22T14:35:45.150Z,sell,8.2e-07,7504.0,0.00615328
VIB/BTC,1608648040775,2020-12-22T14:40:40.775Z,buy,8.4e-07,155.0,0.0001302
VIB/BTC,1608648164494,2020-12-22T14:42:44.494Z,buy,8.4e-07,2553.0,0.00214452
VIB/BTC,1608648164494,2020-12-22T14:42:44.494Z,buy,8.4e-07,2553.0,0.00214452
VIB/BTC,1608649064606,2020-12-22T14:57:44.606Z,sell,8.3e-07,999.0,0.00082917
VIB/BTC,1608649076521,2020-12-22T14:57:56.521Z,buy,8.4e-07,8275.0,0.006951
VIB/BTC,1608649092141,2020-12-22T14:58:12.141Z,buy,8.4e-07,35321.0,0.02966964
VIB/BTC,1608649092170,2020-12-22T14:58:12.170Z,sell,8.4e-07,3204.0,0.00269136
VIB/BTC,1608649092194,2020-12-22T14:58:12.194Z,sell,8.4e-07,924.0,0.00077616
VIB/BTC,1608649257547,2020-12-22T15:00:57.547Z,sell,8.3e-07,567.0,0.00047061
VIB/BTC,1608649330250,2020-12-22T15:02:10.250Z,buy,8.4e-07,40600.0,0.034104
VIB/BTC,1608649830584,2020-12-22T15:10:30.584Z,sell,8.3e-07,1140.0,0.0009462
VIB/BTC,1608650027726,2020-12-22T15:13:47.726Z,sell,8.3e-07,354.0,0.00029382
VIB/BTC,1608650053795,2020-12-22T15:14:13.795Z,sell,8.3e-07,354.0,0.00029382
VIB/BTC,1608650073544,2020-12-22T15:14:33.544Z,sell,8.3e-07,354.0,0.00029382
VIB/BTC,1608650300564,2020-12-22T15:18:20.564Z,sell,8.3e-07,46754.0,0.03880582
VIB/BTC,1608650379072,2020-12-22T15:19:39.072Z,buy,8.4e-07,1772.0,0.00148848
VIB/BTC,1608650430683,2020-12-22T15:20:30.683Z,buy,8.4e-07,591.0,0.00049644
VIB/BTC,1608650870813,2020-12-22T15:27:50.813Z,buy,8.5e-07,2484.0,0.0021114
VIB/BTC,1608650895733,2020-12-22T15:28:15.733Z,buy,8.5e-07,244.0,0.0002074
VIB/BTC,1608650904569,2020-12-22T15:28:24.569Z,buy,8.5e-07,624.0,0.0005304
VIB/BTC,1608650906767,2020-12-22T15:28:26.767Z,buy,8.5e-07,356.0,0.0003026
VIB/BTC,1608650907633,2020-12-22T15:28:27.633Z,buy,8.5e-07,2699.0,0.00229415
VIB/BTC,1608650927085,2020-12-22T15:28:47.085Z,buy,8.5e-07,126.0,0.0001071
VIB/BTC,1608650927247,2020-12-22T15:28:47.247Z,buy,8.5e-07,421.0,0.00035785
VIB/BTC,1608650959410,2020-12-22T15:29:19.410Z,buy,8.5e-07,779.0,0.00066215
VIB/BTC,1608651011042,2020-12-22T15:30:11.042Z,buy,8.5e-07,736.0,0.0006256
VIB/BTC,1608651034820,2020-12-22T15:30:34.820Z,buy,8.5e-07,2368.0,0.0020128
VIB/BTC,1608651119912,2020-12-22T15:31:59.912Z,buy,8.5e-07,1376.0,0.0011696
VIB/BTC,1608651130189,2020-12-22T15:32:10.189Z,buy,8.5e-07,222.0,0.0001887
VIB/BTC,1608651138173,2020-12-22T15:32:18.173Z,buy,8.5e-07,493.0,0.00041905
VIB/BTC,1608651164297,2020-12-22T15:32:44.297Z,buy,8.5e-07,2329.0,0.00197965
VIB/BTC,1608651175849,2020-12-22T15:32:55.849Z,buy,8.5e-07,493.0,0.00041905
VIB/BTC,1608651194466,2020-12-22T15:33:14.466Z,buy,8.5e-07,1458.0,0.0012393
VIB/BTC,1608651208612,2020-12-22T15:33:28.612Z,buy,8.5e-07,569.0,0.00048365
VIB/BTC,1608651212988,2020-12-22T15:33:32.988Z,buy,8.5e-07,200.0,0.00017
VIB/BTC,1608651226315,2020-12-22T15:33:46.315Z,buy,8.5e-07,118.0,0.0001003
VIB/BTC,1608651233233,2020-12-22T15:33:53.233Z,buy,8.5e-07,247.0,0.00020995
VIB/BTC,1608651243011,2020-12-22T15:34:03.011Z,buy,8.5e-07,187.0,0.00015895
VIB/BTC,1608651245112,2020-12-22T15:34:05.112Z,buy,8.5e-07,3797.0,0.00322745
VIB/BTC,1608651264513,2020-12-22T15:34:24.513Z,buy,8.5e-07,1092.0,0.0009282
VIB/BTC,1608651285368,2020-12-22T15:34:45.368Z,buy,8.5e-07,1674.0,0.0014229
VIB/BTC,1608651293189,2020-12-22T15:34:53.189Z,buy,8.5e-07,123.0,0.00010455
VIB/BTC,1608651307551,2020-12-22T15:35:07.551Z,buy,8.5e-07,105.0,8.925e-05
VIB/BTC,1608651311410,2020-12-22T15:35:11.410Z,buy,8.5e-07,2318.0,0.0019703
VIB/BTC,1608651340137,2020-12-22T15:35:40.137Z,buy,8.5e-07,1805.0,0.00153425
VIB/BTC,1608651344020,2020-12-22T15:35:44.020Z,buy,8.5e-07,1882.0,0.0015997
VIB/BTC,1608651353673,2020-12-22T15:35:53.673Z,buy,8.5e-07,609.0,0.00051765
VIB/BTC,1608651381358,2020-12-22T15:36:21.358Z,buy,8.5e-07,908.0,0.0007718
VIB/BTC,1608651382897,2020-12-22T15:36:22.897Z,buy,8.5e-07,303.0,0.00025755
VIB/BTC,1608651422513,2020-12-22T15:37:02.513Z,buy,8.5e-07,10830.0,0.0092055
VIB/BTC,1608651485151,2020-12-22T15:38:05.151Z,buy,8.5e-07,77892.0,0.0662082
VIB/BTC,1608651536769,2020-12-22T15:38:56.769Z,buy,8.5e-07,444.0,0.0003774
VIB/BTC,1608651600636,2020-12-22T15:40:00.636Z,buy,8.5e-07,33939.0,0.02884815
VIB/BTC,1608651600636,2020-12-22T15:40:00.636Z,buy,8.6e-07,17025.0,0.0146415
VIB/BTC,1608651736256,2020-12-22T15:42:16.256Z,buy,8.6e-07,477.0,0.00041022
VIB/BTC,1608651736256,2020-12-22T15:42:16.256Z,buy,8.6e-07,477.0,0.00041022
VIB/BTC,1608651816307,2020-12-22T15:43:36.307Z,buy,8.6e-07,1400.0,0.001204
VIB/BTC,1608651832359,2020-12-22T15:43:52.359Z,sell,8.5e-07,2466.0,0.0020961
VIB/BTC,1608651838056,2020-12-22T15:43:58.056Z,buy,8.6e-07,401.0,0.00034486
VIB/BTC,1608651839642,2020-12-22T15:43:59.642Z,buy,8.6e-07,582.0,0.00050052
VIB/BTC,1608651890505,2020-12-22T15:44:50.505Z,buy,8.6e-07,413.0,0.00035518
VIB/BTC,1608651926918,2020-12-22T15:45:26.918Z,buy,8.6e-07,363.0,0.00031218
VIB/BTC,1608651938669,2020-12-22T15:45:38.669Z,buy,8.6e-07,6631.0,0.00570266
VIB/BTC,1608652071019,2020-12-22T15:47:51.019Z,buy,8.6e-07,363.0,0.00031218
VIB/BTC,1608652139373,2020-12-22T15:48:59.373Z,buy,8.6e-07,327.0,0.00028122
VIB/BTC,1608652258318,2020-12-22T15:50:58.318Z,buy,8.6e-07,718.0,0.00061748
VIB/BTC,1608652336085,2020-12-22T15:52:16.085Z,buy,8.6e-07,50033.0,0.04302838
VIB/BTC,1608652353199,2020-12-22T15:52:33.199Z,buy,8.6e-07,10285.0,0.0088451
VIB/BTC,1608652504632,2020-12-22T15:55:04.632Z,sell,8.5e-07,10274.0,0.0087329
VIB/BTC,1608652856290,2020-12-22T16:00:56.290Z,sell,8.5e-07,6209.0,0.00527765
VIB/BTC,1608653347203,2020-12-22T16:09:07.203Z,buy,8.6e-07,17810.0,0.0153166
VIB/BTC,1608653411508,2020-12-22T16:10:11.508Z,buy,8.6e-07,10621.0,0.00913406
VIB/BTC,1608653411529,2020-12-22T16:10:11.529Z,sell,8.6e-07,1583.0,0.00136138
VIB/BTC,1608653411540,2020-12-22T16:10:11.540Z,sell,8.6e-07,1361.0,0.00117046
VIB/BTC,1608653411541,2020-12-22T16:10:11.541Z,sell,8.6e-07,1361.0,0.00117046
VIB/BTC,1608653412299,2020-12-22T16:10:12.299Z,sell,8.6e-07,5523.0,0.00474978
VIB/BTC,1608653415608,2020-12-22T16:10:15.608Z,buy,8.7e-07,2219.0,0.00193053
VIB/BTC,1608653438423,2020-12-22T16:10:38.423Z,sell,8.6e-07,3596.0,0.00309256
VIB/BTC,1608653440245,2020-12-22T16:10:40.245Z,sell,8.6e-07,1000.0,0.00086
VIB/BTC,1608653442900,2020-12-22T16:10:42.900Z,sell,8.6e-07,275.0,0.0002365
VIB/BTC,1608653444226,2020-12-22T16:10:44.226Z,sell,8.5e-07,3321.0,0.00282285
VIB/BTC,1608653465870,2020-12-22T16:11:05.870Z,sell,8.6e-07,6366.0,0.00547476
VIB/BTC,1608653646929,2020-12-22T16:14:06.929Z,sell,8.6e-07,2195.0,0.0018877
VIB/BTC,1608653737260,2020-12-22T16:15:37.260Z,buy,8.7e-07,1666.0,0.00144942
VIB/BTC,1608653746383,2020-12-22T16:15:46.383Z,buy,8.7e-07,17238.0,0.01499706
VIB/BTC,1608653783163,2020-12-22T16:16:23.163Z,buy,8.7e-07,609.0,0.00052983
VIB/BTC,1608653921176,2020-12-22T16:18:41.176Z,sell,8.6e-07,186.0,0.00015996
VIB/BTC,1608653960128,2020-12-22T16:19:20.128Z,sell,8.6e-07,25781.0,0.02217166
VIB/BTC,1608653960128,2020-12-22T16:19:20.128Z,sell,8.5e-07,47881.0,0.04069885
VIB/BTC,1608654034773,2020-12-22T16:20:34.773Z,buy,8.6e-07,128.0,0.00011008
VIB/BTC,1608654037061,2020-12-22T16:20:37.061Z,sell,8.5e-07,179.0,0.00015215
VIB/BTC,1608654037194,2020-12-22T16:20:37.194Z,sell,8.5e-07,348.0,0.0002958
VIB/BTC,1608654037202,2020-12-22T16:20:37.202Z,sell,8.5e-07,476.0,0.0004046
VIB/BTC,1608654037268,2020-12-22T16:20:37.268Z,sell,8.5e-07,12079.0,0.01026715
VIB/BTC,1608654037362,2020-12-22T16:20:37.362Z,sell,8.5e-07,11369.0,0.00966365
VIB/BTC,1608654037404,2020-12-22T16:20:37.404Z,sell,8.5e-07,11285.0,0.00959225
VIB/BTC,1608654037575,2020-12-22T16:20:37.575Z,sell,8.5e-07,601.0,0.00051085
VIB/BTC,1608654037800,2020-12-22T16:20:37.800Z,sell,8.5e-07,217.0,0.00018445
VIB/BTC,1608654089046,2020-12-22T16:21:29.046Z,sell,8.5e-07,66960.0,0.056916
VIB/BTC,1608654090751,2020-12-22T16:21:30.751Z,buy,8.5e-07,457.0,0.00038845
VIB/BTC,1608654090778,2020-12-22T16:21:30.778Z,buy,8.5e-07,1550.0,0.0013175
VIB/BTC,1608654191683,2020-12-22T16:23:11.683Z,sell,8.5e-07,121.0,0.00010285
VIB/BTC,1608654388172,2020-12-22T16:26:28.172Z,sell,8.5e-07,442.0,0.0003757
VIB/BTC,1608654428489,2020-12-22T16:27:08.489Z,sell,8.5e-07,12338.0,0.0104873
VIB/BTC,1608654432351,2020-12-22T16:27:12.351Z,sell,8.5e-07,443.0,0.00037655
VIB/BTC,1608654435130,2020-12-22T16:27:15.130Z,sell,8.4e-07,228.0,0.00019152
VIB/BTC,1608655004375,2020-12-22T16:36:44.375Z,buy,8.6e-07,1176.0,0.00101136
VIB/BTC,1608655113135,2020-12-22T16:38:33.135Z,buy,8.6e-07,748.0,0.00064328
VIB/BTC,1608655208327,2020-12-22T16:40:08.327Z,buy,8.6e-07,552.0,0.00047472
VIB/BTC,1608655218216,2020-12-22T16:40:18.216Z,buy,8.6e-07,118.0,0.00010148
VIB/BTC,1608655218216,2020-12-22T16:40:18.216Z,buy,8.6e-07,118.0,0.00010148
VIB/BTC,1608655498789,2020-12-22T16:44:58.789Z,buy,8.6e-07,198.0,0.00017028
VIB/BTC,1608655635896,2020-12-22T16:47:15.896Z,buy,8.6e-07,2787.0,0.00239682
VIB/BTC,1608655840402,2020-12-22T16:50:40.402Z,buy,8.6e-07,224.0,0.00019264
VIB/BTC,1608655898418,2020-12-22T16:51:38.418Z,buy,8.6e-07,542.0,0.00046612
VIB/BTC,1608655988068,2020-12-22T16:53:08.068Z,buy,8.6e-07,132.0,0.00011352
VIB/BTC,1608656378046,2020-12-22T16:59:38.046Z,buy,8.6e-07,82677.0,0.07110222
VIB/BTC,1608656380512,2020-12-22T16:59:40.512Z,buy,8.6e-07,1163.0,0.00100018
VIB/BTC,1608656393596,2020-12-22T16:59:53.596Z,buy,8.6e-07,492.0,0.00042312
VIB/BTC,1608656486689,2020-12-22T17:01:26.689Z,sell,8.5e-07,82594.0,0.0702049
VIB/BTC,1608656486765,2020-12-22T17:01:26.765Z,sell,8.5e-07,1306.0,0.0011101
VIB/BTC,1608656860603,2020-12-22T17:07:40.603Z,buy,8.6e-07,839.0,0.00072154
VIB/BTC,1608657265850,2020-12-22T17:14:25.850Z,sell,8.5e-07,187.0,0.00015895
VIB/BTC,1608657278910,2020-12-22T17:14:38.910Z,buy,8.6e-07,196.0,0.00016856
VIB/BTC,1608657716482,2020-12-22T17:21:56.482Z,sell,8.5e-07,264.0,0.0002244
VIB/BTC,1608658550966,2020-12-22T17:35:50.966Z,buy,8.6e-07,287.0,0.00024682
VIB/BTC,1608658654695,2020-12-22T17:37:34.695Z,buy,8.6e-07,655.0,0.0005633
VIB/BTC,1608658724918,2020-12-22T17:38:44.918Z,buy,8.6e-07,1935.0,0.0016641
VIB/BTC,1608658724918,2020-12-22T17:38:44.918Z,buy,8.6e-07,1935.0,0.0016641
VIB/BTC,1608658838980,2020-12-22T17:40:38.980Z,sell,8.5e-07,137.0,0.00011645
VIB/BTC,1608659188635,2020-12-22T17:46:28.635Z,sell,8.5e-07,2205.0,0.00187425
VIB/BTC,1608659944059,2020-12-22T17:59:04.059Z,sell,8.5e-07,137.0,0.00011645
VIB/BTC,1608660237098,2020-12-22T18:03:57.098Z,sell,8.5e-07,1139.0,0.00096815
VIB/BTC,1608661629480,2020-12-22T18:27:09.480Z,buy,8.6e-07,155.0,0.0001333
VIB/BTC,1608661818677,2020-12-22T18:30:18.677Z,sell,8.5e-07,183.0,0.00015555
VIB/BTC,1608662296812,2020-12-22T18:38:16.812Z,buy,8.6e-07,1757.0,0.00151102
VIB/BTC,1608662296812,2020-12-22T18:38:16.812Z,buy,8.6e-07,1757.0,0.00151102
VIB/BTC,1608662644242,2020-12-22T18:44:04.242Z,sell,8.5e-07,2127.0,0.00180795
VIB/BTC,1608662840421,2020-12-22T18:47:20.421Z,sell,8.5e-07,3543.0,0.00301155
VIB/BTC,1608664125675,2020-12-22T19:08:45.675Z,sell,8.5e-07,3543.0,0.00301155
VIB/BTC,1608664234281,2020-12-22T19:10:34.281Z,sell,8.5e-07,14153.0,0.01203005
VIB/BTC,1608664234281,2020-12-22T19:10:34.281Z,sell,8.5e-07,14153.0,0.01203005
VIB/BTC,1608666293656,2020-12-22T19:44:53.656Z,buy,8.6e-07,54160.0,0.0465776
VIB/BTC,1608666293716,2020-12-22T19:44:53.716Z,sell,8.6e-07,171.0,0.00014706
VIB/BTC,1608666293918,2020-12-22T19:44:53.918Z,sell,8.6e-07,2158.0,0.00185588
VIB/BTC,1608666295052,2020-12-22T19:44:55.052Z,sell,8.6e-07,789.0,0.00067854
VIB/BTC,1608666296089,2020-12-22T19:44:56.089Z,sell,8.6e-07,18699.0,0.01608114
VIB/BTC,1608666296339,2020-12-22T19:44:56.339Z,sell,8.6e-07,2007.0,0.00172602
VIB/BTC,1608666347355,2020-12-22T19:45:47.355Z,buy,8.7e-07,7981.0,0.00694347
VIB/BTC,1608666404517,2020-12-22T19:46:44.517Z,buy,8.7e-07,2629.0,0.00228723
VIB/BTC,1608666422255,2020-12-22T19:47:02.255Z,buy,8.7e-07,1972.0,0.00171564
VIB/BTC,1608666433824,2020-12-22T19:47:13.824Z,buy,8.7e-07,117.0,0.00010179
VIB/BTC,1608666486267,2020-12-22T19:48:06.267Z,sell,8.6e-07,10000.0,0.0086
VIB/BTC,1608666502544,2020-12-22T19:48:22.544Z,buy,8.7e-07,5093.0,0.00443091
VIB/BTC,1608666507842,2020-12-22T19:48:27.842Z,sell,8.6e-07,4597.0,0.00395342
VIB/BTC,1608666519025,2020-12-22T19:48:39.025Z,sell,8.6e-07,6000.0,0.00516
VIB/BTC,1608666593753,2020-12-22T19:49:53.753Z,sell,8.6e-07,3000.0,0.00258
VIB/BTC,1608666687279,2020-12-22T19:51:27.279Z,buy,8.7e-07,217.0,0.00018879
VIB/BTC,1608666897587,2020-12-22T19:54:57.587Z,buy,8.7e-07,1258.0,0.00109446
VIB/BTC,1608667089466,2020-12-22T19:58:09.466Z,buy,8.7e-07,321.0,0.00027927
VIB/BTC,1608667126197,2020-12-22T19:58:46.197Z,buy,8.7e-07,160.0,0.0001392
VIB/BTC,1608667291658,2020-12-22T20:01:31.658Z,buy,8.7e-07,236.0,0.00020532
VIB/BTC,1608667325078,2020-12-22T20:02:05.078Z,buy,8.7e-07,120.0,0.0001044
VIB/BTC,1608667435514,2020-12-22T20:03:55.514Z,sell,8.6e-07,3635.0,0.0031261
VIB/BTC,1608667470293,2020-12-22T20:04:30.293Z,buy,8.7e-07,5100.0,0.004437
VIB/BTC,1608667651324,2020-12-22T20:07:31.324Z,buy,8.7e-07,196.0,0.00017052
VIB/BTC,1608667651324,2020-12-22T20:07:31.324Z,buy,8.7e-07,196.0,0.00017052
VIB/BTC,1608667945364,2020-12-22T20:12:25.364Z,buy,8.7e-07,2524.0,0.00219588
VIB/BTC,1608668004471,2020-12-22T20:13:24.471Z,buy,8.7e-07,125.0,0.00010875
VIB/BTC,1608668043479,2020-12-22T20:14:03.479Z,sell,8.6e-07,6042.0,0.00519612
VIB/BTC,1608668425044,2020-12-22T20:20:25.044Z,sell,8.6e-07,2253.0,0.00193758
VIB/BTC,1608668686246,2020-12-22T20:24:46.246Z,buy,8.7e-07,180.0,0.0001566
VIB/BTC,1608668835486,2020-12-22T20:27:15.486Z,buy,8.7e-07,3449.0,0.00300063
VIB/BTC,1608669062610,2020-12-22T20:31:02.610Z,buy,8.7e-07,564181.0,0.49083747
VIB/BTC,1608669062616,2020-12-22T20:31:02.616Z,sell,8.7e-07,25823.0,0.02246601
VIB/BTC,1608669062622,2020-12-22T20:31:02.622Z,sell,8.7e-07,2898.0,0.00252126
VIB/BTC,1608669062640,2020-12-22T20:31:02.640Z,sell,8.7e-07,3002.0,0.00261174
VIB/BTC,1608669116643,2020-12-22T20:31:56.643Z,buy,8.8e-07,158.0,0.00013904
VIB/BTC,1608669132324,2020-12-22T20:32:12.324Z,sell,8.7e-07,400.0,0.000348
VIB/BTC,1608669132783,2020-12-22T20:32:12.783Z,sell,8.7e-07,400.0,0.000348
VIB/BTC,1608669133258,2020-12-22T20:32:13.258Z,sell,8.7e-07,400.0,0.000348
VIB/BTC,1608669133836,2020-12-22T20:32:13.836Z,sell,8.7e-07,400.0,0.000348
VIB/BTC,1608669134808,2020-12-22T20:32:14.808Z,sell,8.7e-07,400.0,0.000348
VIB/BTC,1608669135633,2020-12-22T20:32:15.633Z,sell,8.7e-07,400.0,0.000348
VIB/BTC,1608669136110,2020-12-22T20:32:16.110Z,sell,8.7e-07,400.0,0.000348
VIB/BTC,1608669136589,2020-12-22T20:32:16.589Z,sell,8.7e-07,400.0,0.000348
VIB/BTC,1608669137076,2020-12-22T20:32:17.076Z,sell,8.7e-07,400.0,0.000348
VIB/BTC,1608669137576,2020-12-22T20:32:17.576Z,sell,8.7e-07,400.0,0.000348
VIB/BTC,1608669144071,2020-12-22T20:32:24.071Z,sell,8.7e-07,10380.0,0.0090306
VIB/BTC,1608669144689,2020-12-22T20:32:24.689Z,sell,8.7e-07,2392.0,0.00208104
VIB/BTC,1608669302412,2020-12-22T20:35:02.412Z,sell,8.7e-07,50033.0,0.04352871
VIB/BTC,1608669413688,2020-12-22T20:36:53.688Z,sell,8.7e-07,26696.0,0.02322552
VIB/BTC,1608669418952,2020-12-22T20:36:58.952Z,sell,8.7e-07,20428.0,0.01777236
VIB/BTC,1608669613142,2020-12-22T20:40:13.142Z,sell,8.7e-07,118323.0,0.10294101
VIB/BTC,1608669619143,2020-12-22T20:40:19.143Z,sell,8.7e-07,91634.0,0.07972158
VIB/BTC,1608669625454,2020-12-22T20:40:25.454Z,sell,8.7e-07,35791.0,0.03113817
VIB/BTC,1608669654127,2020-12-22T20:40:54.127Z,buy,8.8e-07,690058.0,0.6072510400000001
VIB/BTC,1608669657540,2020-12-22T20:40:57.540Z,buy,8.8e-07,194.0,0.00017072
VIB/BTC,1608669673775,2020-12-22T20:41:13.775Z,sell,8.7e-07,144912.0,0.12607344
VIB/BTC,1608669684493,2020-12-22T20:41:24.493Z,buy,8.8e-07,32923.0,0.02897224
VIB/BTC,1608669866162,2020-12-22T20:44:26.162Z,sell,8.7e-07,288378.0,0.25088886
VIB/BTC,1608669895551,2020-12-22T20:44:55.551Z,sell,8.7e-07,288378.0,0.25088886
VIB/BTC,1608669969131,2020-12-22T20:46:09.131Z,sell,8.7e-07,1000.0,0.00087
VIB/BTC,1608669972603,2020-12-22T20:46:12.603Z,buy,8.8e-07,95235.0,0.0838068
VIB/BTC,1608669975358,2020-12-22T20:46:15.358Z,buy,8.8e-07,202443.0,0.17814984
VIB/BTC,1608669978086,2020-12-22T20:46:18.086Z,buy,8.8e-07,63769.0,0.05611672
VIB/BTC,1608669987032,2020-12-22T20:46:27.032Z,buy,8.8e-07,79924.0,0.07033312
VIB/BTC,1608670005282,2020-12-22T20:46:45.282Z,sell,8.7e-07,441371.0,0.38399277
VIB/BTC,1608670021966,2020-12-22T20:47:01.966Z,buy,8.8e-07,121994.0,0.10735472
VIB/BTC,1608670026560,2020-12-22T20:47:06.560Z,buy,8.8e-07,185024.0,0.16282112
VIB/BTC,1608670046724,2020-12-22T20:47:26.724Z,buy,8.8e-07,2049.0,0.00180312
VIB/BTC,1608670097586,2020-12-22T20:48:17.586Z,sell,8.7e-07,1000.0,0.00087
VIB/BTC,1608670097708,2020-12-22T20:48:17.708Z,sell,8.7e-07,1000.0,0.00087
VIB/BTC,1608670113195,2020-12-22T20:48:33.195Z,sell,8.7e-07,476.0,0.00041412
VIB/BTC,1608670119515,2020-12-22T20:48:39.515Z,sell,8.7e-07,2630.0,0.0022881
VIB/BTC,1608670122396,2020-12-22T20:48:42.396Z,sell,8.7e-07,1000.0,0.00087
VIB/BTC,1608670130554,2020-12-22T20:48:50.554Z,sell,8.7e-07,53800.0,0.046806
VIB/BTC,1608670130700,2020-12-22T20:48:50.700Z,sell,8.7e-07,23044.0,0.02004828
VIB/BTC,1608670161276,2020-12-22T20:49:21.276Z,sell,8.7e-07,218708.0,0.19027596
VIB/BTC,1608670165472,2020-12-22T20:49:25.472Z,buy,8.8e-07,316173.0,0.27823224
VIB/BTC,1608670169348,2020-12-22T20:49:29.348Z,buy,8.8e-07,56911.0,0.05008168
VIB/BTC,1608670264211,2020-12-22T20:51:04.211Z,buy,8.8e-07,1671.0,0.00147048
VIB/BTC,1608670299209,2020-12-22T20:51:39.209Z,sell,8.7e-07,2391.0,0.00208017
VIB/BTC,1608670303212,2020-12-22T20:51:43.212Z,sell,8.7e-07,1930.0,0.0016791
VIB/BTC,1608670305286,2020-12-22T20:51:45.286Z,sell,8.7e-07,2544.0,0.00221328
VIB/BTC,1608670305749,2020-12-22T20:51:45.749Z,buy,8.8e-07,64709.0,0.05694392
VIB/BTC,1608670315219,2020-12-22T20:51:55.219Z,sell,8.7e-07,3610.0,0.0031407
VIB/BTC,1608670315240,2020-12-22T20:51:55.240Z,sell,8.7e-07,2349.0,0.00204363
VIB/BTC,1608670319268,2020-12-22T20:51:59.268Z,sell,8.7e-07,968.0,0.00084216
VIB/BTC,1608670323268,2020-12-22T20:52:03.268Z,sell,8.7e-07,2349.0,0.00204363
VIB/BTC,1608670326194,2020-12-22T20:52:06.194Z,sell,8.7e-07,8172.0,0.00710964
VIB/BTC,1608670327284,2020-12-22T20:52:07.284Z,sell,8.7e-07,2202.0,0.00191574
VIB/BTC,1608670495298,2020-12-22T20:54:55.298Z,sell,8.7e-07,3817.0,0.00332079
VIB/BTC,1608670539989,2020-12-22T20:55:39.989Z,sell,8.7e-07,338.0,0.00029406
VIB/BTC,1608670617469,2020-12-22T20:56:57.469Z,sell,8.7e-07,7180.0,0.0062466
VIB/BTC,1608670617480,2020-12-22T20:56:57.480Z,sell,8.7e-07,7180.0,0.0062466
VIB/BTC,1608670617510,2020-12-22T20:56:57.510Z,sell,8.7e-07,7180.0,0.0062466
VIB/BTC,1608670617525,2020-12-22T20:56:57.525Z,sell,8.7e-07,7180.0,0.0062466
VIB/BTC,1608670617544,2020-12-22T20:56:57.544Z,sell,8.7e-07,7180.0,0.0062466
VIB/BTC,1608670617554,2020-12-22T20:56:57.554Z,sell,8.7e-07,7180.0,0.0062466
VIB/BTC,1608670617569,2020-12-22T20:56:57.569Z,sell,8.7e-07,7180.0,0.0062466
VIB/BTC,1608670617594,2020-12-22T20:56:57.594Z,sell,8.7e-07,7176.0,0.00624312
VIB/BTC,1608670617609,2020-12-22T20:56:57.609Z,sell,8.7e-07,7177.0,0.00624399
VIB/BTC,1608670617630,2020-12-22T20:56:57.630Z,sell,8.7e-07,7177.0,0.00624399
VIB/BTC,1608670617640,2020-12-22T20:56:57.640Z,sell,8.7e-07,7176.0,0.00624312
VIB/BTC,1608670617654,2020-12-22T20:56:57.654Z,sell,8.7e-07,7177.0,0.00624399
VIB/BTC,1608670617673,2020-12-22T20:56:57.673Z,sell,8.7e-07,7177.0,0.00624399
VIB/BTC,1608670617688,2020-12-22T20:56:57.688Z,sell,8.7e-07,7177.0,0.00624399
VIB/BTC,1608670617704,2020-12-22T20:56:57.704Z,sell,8.7e-07,7177.0,0.00624399
VIB/BTC,1608670617720,2020-12-22T20:56:57.720Z,sell,8.7e-07,7176.0,0.00624312
VIB/BTC,1608670617737,2020-12-22T20:56:57.737Z,sell,8.7e-07,7177.0,0.00624399
VIB/BTC,1608670617752,2020-12-22T20:56:57.752Z,sell,8.7e-07,7177.0,0.00624399
VIB/BTC,1608670617788,2020-12-22T20:56:57.788Z,sell,8.7e-07,7177.0,0.00624399
VIB/BTC,1608670617841,2020-12-22T20:56:57.841Z,sell,8.7e-07,7176.0,0.00624312
VIB/BTC,1608670617865,2020-12-22T20:56:57.865Z,sell,8.7e-07,60330.0,0.0524871
VIB/BTC,1608670617888,2020-12-22T20:56:57.888Z,sell,8.7e-07,3941.0,0.00342867
VIB/BTC,1608670688279,2020-12-22T20:58:08.279Z,sell,8.7e-07,40452.0,0.03519324
VIB/BTC,1608670691095,2020-12-22T20:58:11.095Z,sell,8.7e-07,76858.0,0.06686646
VIB/BTC,1608670692006,2020-12-22T20:58:12.006Z,sell,8.7e-07,9908.0,0.00861996
VIB/BTC,1608670710876,2020-12-22T20:58:30.876Z,sell,8.7e-07,41503.0,0.03610761
VIB/BTC,1608670717241,2020-12-22T20:58:37.241Z,sell,8.7e-07,28436.0,0.02473932
VIB/BTC,1608670720136,2020-12-22T20:58:40.136Z,sell,8.7e-07,800.0,0.000696
VIB/BTC,1608670741613,2020-12-22T20:59:01.613Z,buy,8.8e-07,288520.0,0.2538976
VIB/BTC,1608670752893,2020-12-22T20:59:12.893Z,sell,8.7e-07,56324.0,0.04900188
VIB/BTC,1608670758520,2020-12-22T20:59:18.520Z,sell,8.7e-07,44121.0,0.03838527
VIB/BTC,1608670775107,2020-12-22T20:59:35.107Z,sell,8.7e-07,21842.0,0.01900254
VIB/BTC,1608670789597,2020-12-22T20:59:49.597Z,sell,8.6e-07,441132.0,0.37937352
VIB/BTC,1608670789597,2020-12-22T20:59:49.597Z,sell,8.5e-07,223283.0,0.18979055
VIB/BTC,1608670789607,2020-12-22T20:59:49.607Z,buy,8.5e-07,183225.0,0.15574125
VIB/BTC,1608670797229,2020-12-22T20:59:57.229Z,buy,8.6e-07,190464.0,0.16379904
VIB/BTC,1608670802099,2020-12-22T21:00:02.099Z,sell,8.5e-07,5287.0,0.00449395
VIB/BTC,1608670803716,2020-12-22T21:00:03.716Z,sell,8.5e-07,2008.0,0.0017068
VIB/BTC,1608670833706,2020-12-22T21:00:33.706Z,buy,8.6e-07,1057969.0,0.90985334
VIB/BTC,1608670839754,2020-12-22T21:00:39.754Z,sell,8.5e-07,834.0,0.0007089
VIB/BTC,1608670844913,2020-12-22T21:00:44.913Z,buy,8.6e-07,35727.0,0.03072522
VIB/BTC,1608670849333,2020-12-22T21:00:49.333Z,buy,8.6e-07,47635.0,0.0409661
VIB/BTC,1608670849720,2020-12-22T21:00:49.720Z,sell,8.5e-07,5297.0,0.00450245
VIB/BTC,1608670853784,2020-12-22T21:00:53.784Z,buy,8.6e-07,35727.0,0.03072522
VIB/BTC,1608670860147,2020-12-22T21:01:00.147Z,buy,8.6e-07,264.0,0.00022704
VIB/BTC,1608670873552,2020-12-22T21:01:13.552Z,buy,8.6e-07,1191150.0,1.024389
VIB/BTC,1608670880318,2020-12-22T21:01:20.318Z,buy,8.6e-07,95623.0,0.08223578
VIB/BTC,1608670888182,2020-12-22T21:01:28.182Z,buy,8.6e-07,855863.0,0.73604218
VIB/BTC,1608670903231,2020-12-22T21:01:43.231Z,buy,8.6e-07,415371.0,0.35721906
VIB/BTC,1608670908588,2020-12-22T21:01:48.588Z,buy,8.6e-07,68206.0,0.05865716
VIB/BTC,1608670912644,2020-12-22T21:01:52.644Z,buy,8.6e-07,22735.0,0.0195521
VIB/BTC,1608670937147,2020-12-22T21:02:17.147Z,buy,8.6e-07,500.0,0.00043
VIB/BTC,1608670938994,2020-12-22T21:02:18.994Z,buy,8.6e-07,500.0,0.00043
VIB/BTC,1608670940959,2020-12-22T21:02:20.959Z,buy,8.6e-07,500.0,0.00043
VIB/BTC,1608670942713,2020-12-22T21:02:22.713Z,buy,8.6e-07,500.0,0.00043
VIB/BTC,1608670944511,2020-12-22T21:02:24.511Z,buy,8.6e-07,500.0,0.00043
VIB/BTC,1608670946549,2020-12-22T21:02:26.549Z,buy,8.6e-07,500.0,0.00043
VIB/BTC,1608670948169,2020-12-22T21:02:28.169Z,buy,8.6e-07,500.0,0.00043
VIB/BTC,1608670949996,2020-12-22T21:02:29.996Z,buy,8.6e-07,500.0,0.00043
VIB/BTC,1608670951411,2020-12-22T21:02:31.411Z,buy,8.6e-07,500.0,0.00043
VIB/BTC,1608670952787,2020-12-22T21:02:32.787Z,buy,8.6e-07,500.0,0.00043
VIB/BTC,1608670954280,2020-12-22T21:02:34.280Z,buy,8.6e-07,500.0,0.00043
VIB/BTC,1608670955852,2020-12-22T21:02:35.852Z,buy,8.6e-07,500.0,0.00043
VIB/BTC,1608670957139,2020-12-22T21:02:37.139Z,buy,8.6e-07,500.0,0.00043
VIB/BTC,1608670958624,2020-12-22T21:02:38.624Z,buy,8.6e-07,500.0,0.00043
VIB/BTC,1608670959984,2020-12-22T21:02:39.984Z,buy,8.6e-07,500.0,0.00043
VIB/BTC,1608670961284,2020-12-22T21:02:41.284Z,buy,8.6e-07,500.0,0.00043
VIB/BTC,1608670962649,2020-12-22T21:02:42.649Z,buy,8.6e-07,500.0,0.00043
VIB/BTC,1608670963932,2020-12-22T21:02:43.932Z,buy,8.6e-07,500.0,0.00043
VIB/BTC,1608670965280,2020-12-22T21:02:45.280Z,buy,8.6e-07,500.0,0.00043
VIB/BTC,1608670966677,2020-12-22T21:02:46.677Z,buy,8.6e-07,500.0,0.00043
VIB/BTC,1608670968048,2020-12-22T21:02:48.048Z,buy,8.6e-07,500.0,0.00043
VIB/BTC,1608670969543,2020-12-22T21:02:49.543Z,buy,8.6e-07,500.0,0.00043
VIB/BTC,1608670971074,2020-12-22T21:02:51.074Z,buy,8.6e-07,500.0,0.00043
VIB/BTC,1608670972328,2020-12-22T21:02:52.328Z,buy,8.6e-07,500.0,0.00043
VIB/BTC,1608670973626,2020-12-22T21:02:53.626Z,buy,8.6e-07,500.0,0.00043
VIB/BTC,1608670974970,2020-12-22T21:02:54.970Z,buy,8.6e-07,500.0,0.00043
VIB/BTC,1608670976815,2020-12-22T21:02:56.815Z,buy,8.6e-07,500.0,0.00043
VIB/BTC,1608670980704,2020-12-22T21:03:00.704Z,buy,8.6e-07,131.0,0.00011266
VIB/BTC,1608670980963,2020-12-22T21:03:00.963Z,buy,8.6e-07,117.0,0.00010062
VIB/BTC,1608671050388,2020-12-22T21:04:10.388Z,buy,8.6e-07,10000.0,0.0086
VIB/BTC,1608671099593,2020-12-22T21:04:59.593Z,buy,8.6e-07,2880.0,0.0024768
VIB/BTC,1608671168833,2020-12-22T21:06:08.833Z,buy,8.6e-07,1136586.0,0.97746396
VIB/BTC,1608671180326,2020-12-22T21:06:20.326Z,buy,8.6e-07,21987.0,0.01890882
VIB/BTC,1608671183410,2020-12-22T21:06:23.410Z,buy,8.6e-07,500.0,0.00043
VIB/BTC,1608671184799,2020-12-22T21:06:24.799Z,buy,8.6e-07,500.0,0.00043
VIB/BTC,1608671186605,2020-12-22T21:06:26.605Z,buy,8.6e-07,500.0,0.00043
VIB/BTC,1608671188666,2020-12-22T21:06:28.666Z,buy,8.6e-07,500.0,0.00043
VIB/BTC,1608671190057,2020-12-22T21:06:30.057Z,buy,8.6e-07,500.0,0.00043
VIB/BTC,1608671191454,2020-12-22T21:06:31.454Z,buy,8.6e-07,500.0,0.00043
VIB/BTC,1608671193177,2020-12-22T21:06:33.177Z,buy,8.6e-07,500.0,0.00043
VIB/BTC,1608671194535,2020-12-22T21:06:34.535Z,buy,8.6e-07,500.0,0.00043
VIB/BTC,1608671195892,2020-12-22T21:06:35.892Z,buy,8.6e-07,500.0,0.00043
VIB/BTC,1608671197639,2020-12-22T21:06:37.639Z,buy,8.6e-07,500.0,0.00043
VIB/BTC,1608671198985,2020-12-22T21:06:38.985Z,buy,8.6e-07,500.0,0.00043
VIB/BTC,1608671200500,2020-12-22T21:06:40.500Z,buy,8.6e-07,500.0,0.00043
VIB/BTC,1608671202144,2020-12-22T21:06:42.144Z,buy,8.6e-07,500.0,0.00043
VIB/BTC,1608671203819,2020-12-22T21:06:43.819Z,buy,8.6e-07,500.0,0.00043
VIB/BTC,1608671205288,2020-12-22T21:06:45.288Z,buy,8.6e-07,500.0,0.00043
VIB/BTC,1608671206647,2020-12-22T21:06:46.647Z,buy,8.6e-07,500.0,0.00043
VIB/BTC,1608671207913,2020-12-22T21:06:47.913Z,buy,8.6e-07,500.0,0.00043
VIB/BTC,1608671209144,2020-12-22T21:06:49.144Z,buy,8.6e-07,500.0,0.00043
VIB/BTC,1608671210400,2020-12-22T21:06:50.400Z,buy,8.6e-07,500.0,0.00043
VIB/BTC,1608671211882,2020-12-22T21:06:51.882Z,buy,8.6e-07,500.0,0.00043
VIB/BTC,1608671213015,2020-12-22T21:06:53.015Z,buy,8.6e-07,500.0,0.00043
VIB/BTC,1608671214203,2020-12-22T21:06:54.203Z,buy,8.6e-07,500.0,0.00043
VIB/BTC,1608671215552,2020-12-22T21:06:55.552Z,buy,8.6e-07,500.0,0.00043
VIB/BTC,1608671216765,2020-12-22T21:06:56.765Z,buy,8.6e-07,500.0,0.00043
VIB/BTC,1608671218039,2020-12-22T21:06:58.039Z,buy,8.6e-07,500.0,0.00043
VIB/BTC,1608671219589,2020-12-22T21:06:59.589Z,buy,8.6e-07,500.0,0.00043
VIB/BTC,1608671221037,2020-12-22T21:07:01.037Z,buy,8.6e-07,500.0,0.00043
VIB/BTC,1608671222252,2020-12-22T21:07:02.252Z,buy,8.6e-07,500.0,0.00043
VIB/BTC,1608671224255,2020-12-22T21:07:04.255Z,buy,8.6e-07,500.0,0.00043
VIB/BTC,1608671226046,2020-12-22T21:07:06.046Z,buy,8.6e-07,500.0,0.00043
VIB/BTC,1608671227449,2020-12-22T21:07:07.449Z,buy,8.6e-07,500.0,0.00043
VIB/BTC,1608671228655,2020-12-22T21:07:08.655Z,buy,8.6e-07,500.0,0.00043
VIB/BTC,1608671229926,2020-12-22T21:07:09.926Z,buy,8.6e-07,500.0,0.00043
VIB/BTC,1608671231745,2020-12-22T21:07:11.745Z,buy,8.6e-07,500.0,0.00043
VIB/BTC,1608671234360,2020-12-22T21:07:14.360Z,buy,8.6e-07,421.0,0.00036206
VIB/BTC,1608671236776,2020-12-22T21:07:16.776Z,buy,8.6e-07,421.0,0.00036206
VIB/BTC,1608671239108,2020-12-22T21:07:19.108Z,buy,8.6e-07,875.0,0.0007525
VIB/BTC,1608671243674,2020-12-22T21:07:23.674Z,buy,8.6e-07,478.0,0.00041108
VIB/BTC,1608671246432,2020-12-22T21:07:26.432Z,buy,8.6e-07,1024.0,0.00088064
VIB/BTC,1608671249516,2020-12-22T21:07:29.516Z,buy,8.6e-07,2345.0,0.0020167
VIB/BTC,1608671249516,2020-12-22T21:07:29.516Z,buy,8.6e-07,2345.0,0.0020167
VIB/BTC,1608671252360,2020-12-22T21:07:32.360Z,buy,8.6e-07,1245.0,0.0010707
VIB/BTC,1608671255557,2020-12-22T21:07:35.557Z,buy,8.6e-07,875.0,0.0007525
VIB/BTC,1608671259273,2020-12-22T21:07:39.273Z,buy,8.6e-07,982.0,0.00084452
VIB/BTC,1608671261807,2020-12-22T21:07:41.807Z,buy,8.6e-07,442.0,0.00038012
VIB/BTC,1608671264633,2020-12-22T21:07:44.633Z,buy,8.6e-07,354.0,0.00030444
VIB/BTC,1608671266426,2020-12-22T21:07:46.426Z,buy,8.6e-07,487.0,0.00041882
VIB/BTC,1608671269081,2020-12-22T21:07:49.081Z,buy,8.6e-07,772.0,0.00066392
VIB/BTC,1608671271618,2020-12-22T21:07:51.618Z,buy,8.6e-07,785.0,0.0006751
VIB/BTC,1608671274935,2020-12-22T21:07:54.935Z,buy,8.6e-07,795.0,0.0006837
VIB/BTC,1608671277734,2020-12-22T21:07:57.734Z,buy,8.6e-07,982.0,0.00084452
VIB/BTC,1608671280275,2020-12-22T21:08:00.275Z,buy,8.6e-07,752.0,0.00064672
VIB/BTC,1608671282838,2020-12-22T21:08:02.838Z,buy,8.6e-07,1024.0,0.00088064
VIB/BTC,1608671287391,2020-12-22T21:08:07.391Z,buy,8.6e-07,735.0,0.0006321
VIB/BTC,1608671289691,2020-12-22T21:08:09.691Z,buy,8.6e-07,642.0,0.00055212
VIB/BTC,1608671293880,2020-12-22T21:08:13.880Z,buy,8.6e-07,1421.0,0.00122206
VIB/BTC,1608671296436,2020-12-22T21:08:16.436Z,buy,8.6e-07,4721.0,0.00406006
VIB/BTC,1608671299798,2020-12-22T21:08:19.798Z,buy,8.6e-07,540.0,0.0004644
VIB/BTC,1608671302563,2020-12-22T21:08:22.563Z,buy,8.6e-07,452.0,0.00038872
VIB/BTC,1608671305875,2020-12-22T21:08:25.875Z,buy,8.6e-07,365.0,0.0003139
VIB/BTC,1608671309008,2020-12-22T21:08:29.008Z,buy,8.6e-07,2487.0,0.00213882
VIB/BTC,1608671311487,2020-12-22T21:08:31.487Z,buy,8.6e-07,5421.0,0.00466206
VIB/BTC,1608671314912,2020-12-22T21:08:34.912Z,buy,8.6e-07,562.0,0.00048332
VIB/BTC,1608671317962,2020-12-22T21:08:37.962Z,buy,8.6e-07,845.0,0.0007267
VIB/BTC,1608671320241,2020-12-22T21:08:40.241Z,buy,8.6e-07,478.0,0.00041108
VIB/BTC,1608671322929,2020-12-22T21:08:42.929Z,buy,8.6e-07,798.0,0.00068628
VIB/BTC,1608671326033,2020-12-22T21:08:46.033Z,buy,8.6e-07,782.0,0.00067252
VIB/BTC,1608671328903,2020-12-22T21:08:48.903Z,buy,8.6e-07,542.0,0.00046612
VIB/BTC,1608671331356,2020-12-22T21:08:51.356Z,buy,8.6e-07,478.0,0.00041108
VIB/BTC,1608671333840,2020-12-22T21:08:53.840Z,buy,8.6e-07,344.0,0.00029584
VIB/BTC,1608671337959,2020-12-22T21:08:57.959Z,buy,8.6e-07,2435.0,0.0020941
VIB/BTC,1608671341560,2020-12-22T21:09:01.560Z,buy,8.6e-07,124.0,0.00010664
VIB/BTC,1608671343933,2020-12-22T21:09:03.933Z,buy,8.6e-07,500.0,0.00043
VIB/BTC,1608671346708,2020-12-22T21:09:06.708Z,buy,8.6e-07,1478.0,0.00127108
VIB/BTC,1608671352163,2020-12-22T21:09:12.163Z,buy,8.6e-07,2271.0,0.00195306
VIB/BTC,1608671354951,2020-12-22T21:09:14.951Z,buy,8.6e-07,872.0,0.00074992
VIB/BTC,1608671357592,2020-12-22T21:09:17.592Z,buy,8.6e-07,987.0,0.00084882
VIB/BTC,1608671373597,2020-12-22T21:09:33.597Z,buy,8.6e-07,785.0,0.0006751
VIB/BTC,1608671376322,2020-12-22T21:09:36.322Z,buy,8.6e-07,7852.0,0.00675272
VIB/BTC,1608671379475,2020-12-22T21:09:39.475Z,buy,8.6e-07,457.0,0.00039302
VIB/BTC,1608671381854,2020-12-22T21:09:41.854Z,buy,8.6e-07,982.0,0.00084452
VIB/BTC,1608671385409,2020-12-22T21:09:45.409Z,buy,8.6e-07,745.0,0.0006407
VIB/BTC,1608671386648,2020-12-22T21:09:46.648Z,buy,8.6e-07,80000.0,0.0688
VIB/BTC,1608671388258,2020-12-22T21:09:48.258Z,buy,8.6e-07,542.0,0.00046612
VIB/BTC,1608671679548,2020-12-22T21:14:39.548Z,buy,8.6e-07,1121.0,0.00096406
VIB/BTC,1608671874586,2020-12-22T21:17:54.586Z,sell,8.5e-07,44770.0,0.0380545
VIB/BTC,1608671889477,2020-12-22T21:18:09.477Z,sell,8.5e-07,479244.0,0.4073574
VIB/BTC,1608671889485,2020-12-22T21:18:09.485Z,buy,8.5e-07,9835.0,0.00835975
VIB/BTC,1608671889596,2020-12-22T21:18:09.596Z,buy,8.5e-07,1034.0,0.0008789
VIB/BTC,1608671910615,2020-12-22T21:18:30.615Z,sell,8.4e-07,49280.0,0.0413952
VIB/BTC,1608671910615,2020-12-22T21:18:30.615Z,sell,8.4e-07,236.0,0.00019824
VIB/BTC,1608671918225,2020-12-22T21:18:38.225Z,sell,8.4e-07,32500.0,0.0273
VIB/BTC,1608671919264,2020-12-22T21:18:39.264Z,sell,8.4e-07,5990.0,0.0050316
VIB/BTC,1608671941867,2020-12-22T21:19:01.867Z,buy,8.5e-07,142.0,0.0001207
VIB/BTC,1608672343336,2020-12-22T21:25:43.336Z,sell,8.4e-07,212228.0,0.17827152
VIB/BTC,1608672346988,2020-12-22T21:25:46.988Z,sell,8.4e-07,40627.0,0.03412668
VIB/BTC,1608672347219,2020-12-22T21:25:47.219Z,buy,8.4e-07,2508.0,0.00210672
VIB/BTC,1608672349176,2020-12-22T21:25:49.176Z,buy,8.4e-07,15262.0,0.01282008
VIB/BTC,1608672351258,2020-12-22T21:25:51.258Z,buy,8.4e-07,400.0,0.000336
VIB/BTC,1608672351873,2020-12-22T21:25:51.873Z,buy,8.4e-07,401.0,0.00033684
VIB/BTC,1608672352796,2020-12-22T21:25:52.796Z,buy,8.4e-07,401.0,0.00033684
VIB/BTC,1608672353289,2020-12-22T21:25:53.289Z,buy,8.4e-07,401.0,0.00033684
VIB/BTC,1608672353870,2020-12-22T21:25:53.870Z,buy,8.4e-07,401.0,0.00033684
VIB/BTC,1608672354355,2020-12-22T21:25:54.355Z,buy,8.4e-07,401.0,0.00033684
VIB/BTC,1608672357433,2020-12-22T21:25:57.433Z,buy,8.4e-07,276.0,0.00023184
VIB/BTC,1608672427877,2020-12-22T21:27:07.877Z,buy,8.4e-07,120.0,0.0001008
VIB/BTC,1608672596630,2020-12-22T21:29:56.630Z,buy,8.4e-07,44817.0,0.03764628
VIB/BTC,1608672893768,2020-12-22T21:34:53.768Z,buy,8.4e-07,44841.0,0.03766644
VIB/BTC,1608673241978,2020-12-22T21:40:41.978Z,buy,8.4e-07,262.0,0.00022008
VIB/BTC,1608673303289,2020-12-22T21:41:43.289Z,buy,8.4e-07,5059.0,0.00424956
VIB/BTC,1608673617751,2020-12-22T21:46:57.751Z,buy,8.4e-07,1112.0,0.00093408
VIB/BTC,1608673666478,2020-12-22T21:47:46.478Z,buy,8.4e-07,19690.0,0.0165396
VIB/BTC,1608673717333,2020-12-22T21:48:37.333Z,sell,8.3e-07,56091.0,0.04655553
VIB/BTC,1608673717333,2020-12-22T21:48:37.333Z,sell,8.2e-07,327324.0,0.26840568
VIB/BTC,1608673717333,2020-12-22T21:48:37.333Z,sell,8.1e-07,233360.0,0.1890215999999999
VIB/BTC,1608673717333,2020-12-22T21:48:37.333Z,sell,8e-07,405779.0,0.3246232
VIB/BTC,1608673717333,2020-12-22T21:48:37.333Z,sell,8e-07,5088.0,0.0040704
VIB/BTC,1608673717333,2020-12-22T21:48:37.333Z,sell,8e-07,839.0,0.0006711999999999
VIB/BTC,1608673717333,2020-12-22T21:48:37.333Z,sell,8e-07,1755.0,0.0014039999999999
VIB/BTC,1608673717333,2020-12-22T21:48:37.333Z,sell,8e-07,907.0,0.0007256
VIB/BTC,1608673717333,2020-12-22T21:48:37.333Z,sell,8e-07,6624.0,0.0052992
VIB/BTC,1608673717333,2020-12-22T21:48:37.333Z,sell,8e-07,551.0,0.0004408
VIB/BTC,1608673717333,2020-12-22T21:48:37.333Z,sell,8e-07,886.0,0.0007088
VIB/BTC,1608673717333,2020-12-22T21:48:37.333Z,sell,8e-07,714.0,0.0005712
VIB/BTC,1608673717333,2020-12-22T21:48:37.333Z,sell,8e-07,477.0,0.0003816
VIB/BTC,1608673717671,2020-12-22T21:48:37.671Z,buy,8.1e-07,770.0,0.0006236999999999
VIB/BTC,1608673717671,2020-12-22T21:48:37.671Z,buy,8.3e-07,6749.0,0.0056016699999999
VIB/BTC,1608673717893,2020-12-22T21:48:37.893Z,buy,8.2e-07,2107.0,0.00172774
VIB/BTC,1608673717982,2020-12-22T21:48:37.982Z,sell,8.2e-07,11893.0,0.00975226
VIB/BTC,1608673718995,2020-12-22T21:48:38.995Z,sell,8.1e-07,10005.0,0.00810405
VIB/BTC,1608673719222,2020-12-22T21:48:39.222Z,buy,8.2e-07,3610.0,0.0029602
VIB/BTC,1608673719310,2020-12-22T21:48:39.310Z,sell,8.1e-07,1579.0,0.00127899
VIB/BTC,1608673719439,2020-12-22T21:48:39.439Z,buy,8.2e-07,1341.0,0.00109962
VIB/BTC,1608673719615,2020-12-22T21:48:39.615Z,sell,8.1e-07,1026.0,0.00083106
VIB/BTC,1608673719918,2020-12-22T21:48:39.918Z,sell,8.1e-07,223.0,0.0001806299999999
VIB/BTC,1608673719968,2020-12-22T21:48:39.968Z,buy,8.2e-07,400.0,0.000328
VIB/BTC,1608673720212,2020-12-22T21:48:40.212Z,buy,8.2e-07,2418.0,0.00198276
VIB/BTC,1608673720594,2020-12-22T21:48:40.594Z,buy,8.2e-07,400.0,0.000328
VIB/BTC,1608673721029,2020-12-22T21:48:41.029Z,buy,8.2e-07,238.0,0.00019516
VIB/BTC,1608673724352,2020-12-22T21:48:44.352Z,buy,8.2e-07,2418.0,0.00198276
VIB/BTC,1608673727838,2020-12-22T21:48:47.838Z,buy,8.2e-07,1415.0,0.0011603
VIB/BTC,1608673747821,2020-12-22T21:49:07.821Z,sell,8.1e-07,2111.0,0.00170991
VIB/BTC,1608673748031,2020-12-22T21:49:08.031Z,buy,8.1e-07,1935.0,0.00156735
VIB/BTC,1608673748309,2020-12-22T21:49:08.309Z,buy,8.1e-07,1358.0,0.00109998
VIB/BTC,1608673748321,2020-12-22T21:49:08.321Z,buy,8.1e-07,577.0,0.00046737
VIB/BTC,1608673748551,2020-12-22T21:49:08.551Z,buy,8.1e-07,1935.0,0.00156735
VIB/BTC,1608673748767,2020-12-22T21:49:08.767Z,buy,8.1e-07,1935.0,0.00156735
VIB/BTC,1608673748915,2020-12-22T21:49:08.915Z,buy,8.1e-07,1358.0,0.00109998
VIB/BTC,1608673748967,2020-12-22T21:49:08.967Z,buy,8.1e-07,1935.0,0.00156735
VIB/BTC,1608673749095,2020-12-22T21:49:09.095Z,buy,8.1e-07,577.0,0.00046737
VIB/BTC,1608673756010,2020-12-22T21:49:16.010Z,buy,8.1e-07,292.0,0.00023652
VIB/BTC,1608673807955,2020-12-22T21:50:07.955Z,buy,8.1e-07,124.0,0.00010044
VIB/BTC,1608673857989,2020-12-22T21:50:57.989Z,buy,8.1e-07,1076.0,0.00087156
VIB/BTC,1608673877262,2020-12-22T21:51:17.262Z,sell,8e-07,26677.0,0.0213416
VIB/BTC,1608673877262,2020-12-22T21:51:17.262Z,sell,8e-07,1069.0,0.0008552
VIB/BTC,1608673877467,2020-12-22T21:51:17.467Z,sell,8e-07,303.0,0.0002423999999999
VIB/BTC,1608673878443,2020-12-22T21:51:18.443Z,sell,8e-07,730.0,0.000584
VIB/BTC,1608673886027,2020-12-22T21:51:26.027Z,sell,8e-07,2743.0,0.0021944
VIB/BTC,1608673898747,2020-12-22T21:51:38.747Z,sell,8e-07,28735.0,0.0229879999999999
VIB/BTC,1608673903535,2020-12-22T21:51:43.535Z,sell,8e-07,10830.0,0.008664
VIB/BTC,1608673905770,2020-12-22T21:51:45.770Z,sell,8e-07,106226.0,0.0849808
VIB/BTC,1608673925422,2020-12-22T21:52:05.422Z,buy,8.1e-07,1288.0,0.00104328
VIB/BTC,1608673925426,2020-12-22T21:52:05.426Z,buy,8.1e-07,19465.0,0.01576665
VIB/BTC,1608673926697,2020-12-22T21:52:06.697Z,sell,8e-07,2880.0,0.002304
VIB/BTC,1608673959323,2020-12-22T21:52:39.323Z,sell,8e-07,581.0,0.0004647999999999
VIB/BTC,1608673970045,2020-12-22T21:52:50.045Z,sell,8e-07,221.0,0.0001768
VIB/BTC,1608673989905,2020-12-22T21:53:09.905Z,buy,8.1e-07,31250.0,0.0253124999999999
VIB/BTC,1608673994420,2020-12-22T21:53:14.420Z,buy,8.1e-07,3337.0,0.00270297
VIB/BTC,1608674014554,2020-12-22T21:53:34.554Z,buy,8.1e-07,432.0,0.00034992
VIB/BTC,1608674027193,2020-12-22T21:53:47.193Z,buy,8.1e-07,15239.0,0.01234359
VIB/BTC,1608674054234,2020-12-22T21:54:14.234Z,buy,8.1e-07,7620.0,0.0061722
VIB/BTC,1608674084061,2020-12-22T21:54:44.061Z,buy,8.1e-07,173.0,0.00014013
VIB/BTC,1608674090369,2020-12-22T21:54:50.369Z,buy,8.1e-07,7620.0,0.0061722
VIB/BTC,1608674509742,2020-12-22T22:01:49.742Z,buy,8.1e-07,172.0,0.00013932
VIB/BTC,1608674599010,2020-12-22T22:03:19.010Z,buy,8.1e-07,10200.0,0.008262
VIB/BTC,1608674844389,2020-12-22T22:07:24.389Z,buy,8.1e-07,2949.0,0.0023886899999999
VIB/BTC,1608674844389,2020-12-22T22:07:24.389Z,buy,8.1e-07,2949.0,0.0023886899999999
VIB/BTC,1608675039772,2020-12-22T22:10:39.772Z,buy,8.1e-07,303.0,0.00024543
VIB/BTC,1608675041513,2020-12-22T22:10:41.513Z,buy,8.1e-07,245.0,0.00019845
VIB/BTC,1608675173882,2020-12-22T22:12:53.882Z,buy,8.1e-07,3366.0,0.00272646
VIB/BTC,1608675677335,2020-12-22T22:21:17.335Z,buy,8.1e-07,122.0,9.882e-05
VIB/BTC,1608675992989,2020-12-22T22:26:32.989Z,sell,8e-07,17056.0,0.0136447999999999
VIB/BTC,1608676088803,2020-12-22T22:28:08.803Z,sell,8e-07,1584.0,0.0012672
VIB/BTC,1608676532522,2020-12-22T22:35:32.522Z,buy,8.1e-07,12839.0,0.01039959
VIB/BTC,1608676598443,2020-12-22T22:36:38.443Z,buy,8.2e-07,9189.0,0.00753498
VIB/BTC,1608676598485,2020-12-22T22:36:38.485Z,buy,8.2e-07,2743.0,0.00224926
VIB/BTC,1608676637026,2020-12-22T22:37:17.026Z,sell,8.1e-07,2500.0,0.002025
VIB/BTC,1608676914338,2020-12-22T22:41:54.338Z,sell,8.1e-07,1119.0,0.00090639
VIB/BTC,1608677091335,2020-12-22T22:44:51.335Z,buy,8.2e-07,35.0,2.87e-05
VIB/BTC,1608677091374,2020-12-22T22:44:51.374Z,sell,8.1e-07,125.0,0.00010125
VIB/BTC,1608677334906,2020-12-22T22:48:54.906Z,sell,8.1e-07,244258.0,0.1978489799999999
VIB/BTC,1608677498831,2020-12-22T22:51:38.831Z,sell,8.1e-07,2949.0,0.0023886899999999
VIB/BTC,1608677797245,2020-12-22T22:56:37.245Z,buy,8.2e-07,1386.0,0.00113652
VIB/BTC,1608677797245,2020-12-22T22:56:37.245Z,buy,8.2e-07,1386.0,0.00113652
VIB/BTC,1608679008603,2020-12-22T23:16:48.603Z,sell,8.1e-07,14086.0,0.01140966
VIB/BTC,1608679353578,2020-12-22T23:22:33.578Z,buy,8.2e-07,236.0,0.00019352
VIB/BTC,1608680617899,2020-12-22T23:43:37.899Z,buy,8.2e-07,114951.0,0.09425982
VIB/BTC,1608680617899,2020-12-22T23:43:37.899Z,buy,8.2e-07,114951.0,0.09425982
VIB/BTC,1608681688814,2020-12-23T00:01:28.814Z,sell,8.1e-07,12342.0,0.0099970199999999
VIB/BTC,1608681703919,2020-12-23T00:01:43.919Z,sell,8.1e-07,8022.0,0.00649782
VIB/BTC,1608681703946,2020-12-23T00:01:43.946Z,sell,8.1e-07,6353.0,0.00514593
VIB/BTC,1608681708948,2020-12-23T00:01:48.948Z,sell,8.1e-07,6353.0,0.00514593
VIB/BTC,1608681709100,2020-12-23T00:01:49.100Z,sell,8.1e-07,6290.0,0.0050948999999999
VIB/BTC,1608681971187,2020-12-23T00:06:11.187Z,buy,8.2e-07,42.0,3.444e-05
VIB/BTC,1608682123479,2020-12-23T00:08:43.479Z,buy,8.2e-07,124.0,0.00010168
VIB/BTC,1608682236189,2020-12-23T00:10:36.189Z,sell,8.1e-07,124.0,0.00010044
VIB/BTC,1608683435619,2020-12-23T00:30:35.619Z,sell,8.1e-07,16963.0,0.01374003
VIB/BTC,1608683529737,2020-12-23T00:32:09.737Z,buy,8.2e-07,2662.0,0.00218284
VIB/BTC,1608683734364,2020-12-23T00:35:34.364Z,sell,8.1e-07,12591.0,0.01019871
VIB/BTC,1608683744681,2020-12-23T00:35:44.681Z,sell,8.1e-07,6228.0,0.00504468
VIB/BTC,1608683978398,2020-12-23T00:39:38.398Z,sell,8.1e-07,12590.0,0.0101979
VIB/BTC,1608683981540,2020-12-23T00:39:41.540Z,buy,8.1e-07,407.0,0.00032967
VIB/BTC,1608683981540,2020-12-23T00:39:41.540Z,buy,8.1e-07,407.0,0.00032967
VIB/BTC,1608684285507,2020-12-23T00:44:45.507Z,sell,8e-07,144000.0,0.1152
VIB/BTC,1608684295953,2020-12-23T00:44:55.953Z,sell,7.9e-07,608.0,0.0004803199999999
VIB/BTC,1608684295953,2020-12-23T00:44:55.953Z,sell,7.9e-07,444.0,0.00035076
VIB/BTC,1608684295953,2020-12-23T00:44:55.953Z,sell,7.9e-07,287.0,0.00022673
VIB/BTC,1608684296391,2020-12-23T00:44:56.391Z,sell,7.9e-07,66955.0,0.0528944499999999
VIB/BTC,1608684298401,2020-12-23T00:44:58.401Z,sell,7.9e-07,69999.0,0.0552992099999999
VIB/BTC,1608684380681,2020-12-23T00:46:20.681Z,buy,8e-07,19216.0,0.0153727999999999
VIB/BTC,1608684436447,2020-12-23T00:47:16.447Z,buy,8e-07,131.0,0.0001048
VIB/BTC,1608684488819,2020-12-23T00:48:08.819Z,buy,8e-07,250.0,0.0001999999999999
VIB/BTC,1608684508180,2020-12-23T00:48:28.180Z,buy,8e-07,128.0,0.0001024
VIB/BTC,1608684572471,2020-12-23T00:49:32.471Z,buy,8e-07,131.0,0.0001048
VIB/BTC,1608685254586,2020-12-23T01:00:54.586Z,sell,7.9e-07,3750.0,0.0029625
VIB/BTC,1608685315550,2020-12-23T01:01:55.550Z,sell,7.9e-07,2787.0,0.00220173
VIB/BTC,1608685743678,2020-12-23T01:09:03.678Z,sell,7.9e-07,623.0,0.00049217
VIB/BTC,1608685886878,2020-12-23T01:11:26.878Z,sell,7.9e-07,2804.0,0.00221516
VIB/BTC,1608686082668,2020-12-23T01:14:42.668Z,buy,8e-07,375.0,0.0003
VIB/BTC,1608686208284,2020-12-23T01:16:48.284Z,buy,8e-07,612.0,0.0004896
VIB/BTC,1608686355728,2020-12-23T01:19:15.728Z,sell,7.9e-07,119621.0,0.09450059
VIB/BTC,1608686359150,2020-12-23T01:19:19.150Z,sell,7.8e-07,2008.0,0.00156624
VIB/BTC,1608686359150,2020-12-23T01:19:19.150Z,sell,7.8e-07,2687.0,0.00209586
VIB/BTC,1608686359150,2020-12-23T01:19:19.150Z,sell,7.8e-07,24481.0,0.01909518
VIB/BTC,1608686359150,2020-12-23T01:19:19.150Z,sell,7.8e-07,34849.0,0.02718222
VIB/BTC,1608686359150,2020-12-23T01:19:19.150Z,sell,7.8e-07,9199.0,0.00717522
VIB/BTC,1608686359150,2020-12-23T01:19:19.150Z,sell,7.8e-07,1176.0,0.00091728
VIB/BTC,1608686359150,2020-12-23T01:19:19.150Z,sell,7.8e-07,779.0,0.00060762
VIB/BTC,1608686359150,2020-12-23T01:19:19.150Z,sell,7.8e-07,1256.0,0.00097968
VIB/BTC,1608686564867,2020-12-23T01:22:44.867Z,buy,7.9e-07,13098.0,0.01034742
VIB/BTC,1608686672319,2020-12-23T01:24:32.319Z,buy,7.9e-07,132.0,0.00010428
VIB/BTC,1608687500411,2020-12-23T01:38:20.411Z,sell,7.8e-07,3094.0,0.00241332
VIB/BTC,1608687573562,2020-12-23T01:39:33.562Z,sell,7.8e-07,2500.0,0.00195
VIB/BTC,1608687573562,2020-12-23T01:39:33.562Z,sell,7.8e-07,2500.0,0.00195
VIB/BTC,1608687645618,2020-12-23T01:40:45.618Z,buy,7.9e-07,250.0,0.0001974999999999
VIB/BTC,1608688074696,2020-12-23T01:47:54.696Z,buy,7.9e-07,7781.0,0.00614699
VIB/BTC,1608688074730,2020-12-23T01:47:54.730Z,buy,7.9e-07,7781.0,0.00614699
VIB/BTC,1608688074743,2020-12-23T01:47:54.743Z,buy,7.9e-07,13074.0,0.01032846
VIB/BTC,1608688074766,2020-12-23T01:47:54.766Z,buy,7.9e-07,5294.0,0.00418226
VIB/BTC,1608688074776,2020-12-23T01:47:54.776Z,sell,7.8e-07,1286.0,0.00100308
VIB/BTC,1608689024647,2020-12-23T02:03:44.647Z,buy,7.9e-07,697.0,0.00055063
VIB/BTC,1608689214406,2020-12-23T02:06:54.406Z,buy,7.9e-07,475.0,0.00037525
VIB/BTC,1608690040531,2020-12-23T02:20:40.531Z,buy,7.9e-07,128.0,0.00010112
VIB/BTC,1608690851273,2020-12-23T02:34:11.273Z,buy,7.9e-07,523.0,0.00041317
VIB/BTC,1608690851675,2020-12-23T02:34:11.675Z,buy,7.9e-07,3093.0,0.0024434699999999
VIB/BTC,1608690851790,2020-12-23T02:34:11.790Z,buy,7.9e-07,1896.0,0.0014978399999999
VIB/BTC,1608690851790,2020-12-23T02:34:11.790Z,buy,7.9e-07,1896.0,0.0014978399999999
VIB/BTC,1608692385342,2020-12-23T02:59:45.342Z,buy,7.9e-07,190021.0,0.15011659
VIB/BTC,1608692385425,2020-12-23T02:59:45.425Z,sell,7.9e-07,1014.0,0.0008010599999999
VIB/BTC,1608692385428,2020-12-23T02:59:45.428Z,sell,7.9e-07,3514.0,0.00277606
VIB/BTC,1608692385491,2020-12-23T02:59:45.491Z,sell,7.9e-07,1085.0,0.00085715
VIB/BTC,1608692385496,2020-12-23T02:59:45.496Z,sell,7.9e-07,341.0,0.00026939
VIB/BTC,1608692433008,2020-12-23T03:00:33.008Z,buy,8e-07,2530.0,0.0020239999999999
VIB/BTC,1608692479931,2020-12-23T03:01:19.931Z,sell,7.9e-07,2500.0,0.0019749999999999
VIB/BTC,1608692748018,2020-12-23T03:05:48.018Z,buy,8e-07,132.0,0.0001055999999999
VIB/BTC,1608692862425,2020-12-23T03:07:42.425Z,sell,7.9e-07,246096.0,0.1944158399999999
VIB/BTC,1608692862922,2020-12-23T03:07:42.922Z,sell,7.9e-07,237927.0,0.1879623299999999
VIB/BTC,1608693542187,2020-12-23T03:19:02.187Z,buy,7.9e-07,1920.0,0.0015168
VIB/BTC,1608693939376,2020-12-23T03:25:39.376Z,sell,7.8e-07,50830.0,0.0396474
VIB/BTC,1608693939376,2020-12-23T03:25:39.376Z,sell,7.8e-07,50830.0,0.0396474
VIB/BTC,1608694696602,2020-12-23T03:38:16.602Z,sell,7.8e-07,2329.0,0.00181662
VIB/BTC,1608694892751,2020-12-23T03:41:32.751Z,sell,7.8e-07,2696.0,0.00210288
VIB/BTC,1608695307289,2020-12-23T03:48:27.289Z,buy,7.9e-07,1745.0,0.0013785499999999
VIB/BTC,1608695357125,2020-12-23T03:49:17.125Z,buy,7.9e-07,1765.0,0.00139435
VIB/BTC,1608695432186,2020-12-23T03:50:32.186Z,buy,7.9e-07,1786.0,0.0014109399999999
VIB/BTC,1608695545113,2020-12-23T03:52:25.113Z,sell,7.8e-07,2500.0,0.00195
VIB/BTC,1608696426923,2020-12-23T04:07:06.923Z,buy,7.9e-07,149.0,0.00011771
VIB/BTC,1608696444899,2020-12-23T04:07:24.899Z,sell,7.8e-07,611.0,0.00047658
VIB/BTC,1608696728129,2020-12-23T04:12:08.129Z,sell,7.8e-07,988.0,0.00077064
VIB/BTC,1608696808201,2020-12-23T04:13:28.201Z,sell,7.8e-07,655.0,0.0005109
VIB/BTC,1608696912062,2020-12-23T04:15:12.062Z,buy,7.9e-07,4968.0,0.00392472
VIB/BTC,1608697310627,2020-12-23T04:21:50.627Z,sell,7.8e-07,173.0,0.00013494
VIB/BTC,1608697310627,2020-12-23T04:21:50.627Z,sell,7.8e-07,173.0,0.00013494
VIB/BTC,1608698980760,2020-12-23T04:49:40.760Z,sell,7.8e-07,4694.0,0.00366132
VIB/BTC,1608699005890,2020-12-23T04:50:05.890Z,sell,7.8e-07,4602.0,0.00358956
VIB/BTC,1608699006539,2020-12-23T04:50:06.539Z,sell,7.8e-07,2877.0,0.00224406
VIB/BTC,1608699910193,2020-12-23T05:05:10.193Z,sell,7.8e-07,18037.0,0.01406886
VIB/BTC,1608699993160,2020-12-23T05:06:33.160Z,buy,7.9e-07,44.0,3.476e-05
VIB/BTC,1608700245083,2020-12-23T05:10:45.083Z,buy,7.9e-07,515.0,0.00040685
VIB/BTC,1608700297448,2020-12-23T05:11:37.448Z,sell,7.8e-07,1909.0,0.00148902
VIB/BTC,1608700368357,2020-12-23T05:12:48.357Z,sell,7.8e-07,3000.0,0.00234
VIB/BTC,1608700521334,2020-12-23T05:15:21.334Z,sell,7.8e-07,5000.0,0.0039
VIB/BTC,1608700524242,2020-12-23T05:15:24.242Z,sell,7.8e-07,199.0,0.00015522
VIB/BTC,1608700761058,2020-12-23T05:19:21.058Z,sell,7.8e-07,49680.0,0.0387504
VIB/BTC,1608700903788,2020-12-23T05:21:43.788Z,buy,7.8e-07,5000.0,0.0039
VIB/BTC,1608700909190,2020-12-23T05:21:49.190Z,sell,7.7e-07,487.0,0.00037499
VIB/BTC,1608700909190,2020-12-23T05:21:49.190Z,sell,7.7e-07,349.0,0.00026873
VIB/BTC,1608700909190,2020-12-23T05:21:49.190Z,sell,7.7e-07,297.0,0.00022869
VIB/BTC,1608700909190,2020-12-23T05:21:49.190Z,sell,7.7e-07,298.0,0.00022946
VIB/BTC,1608700909190,2020-12-23T05:21:49.190Z,sell,7.7e-07,487.0,0.00037499
VIB/BTC,1608700909190,2020-12-23T05:21:49.190Z,sell,7.7e-07,349.0,0.00026873
VIB/BTC,1608700909190,2020-12-23T05:21:49.190Z,sell,7.7e-07,297.0,0.00022869
VIB/BTC,1608700909190,2020-12-23T05:21:49.190Z,sell,7.7e-07,298.0,0.00022946
VIB/BTC,1608700928731,2020-12-23T05:22:08.731Z,buy,7.8e-07,1298.0,0.00101244
VIB/BTC,1608700933183,2020-12-23T05:22:13.183Z,sell,7.7e-07,158.0,0.00012166
VIB/BTC,1608700938769,2020-12-23T05:22:18.769Z,sell,7.7e-07,158.0,0.00012166
VIB/BTC,1608700956843,2020-12-23T05:22:36.843Z,sell,7.7e-07,158.0,0.00012166
VIB/BTC,1608700969044,2020-12-23T05:22:49.044Z,sell,7.7e-07,158.0,0.00012166
VIB/BTC,1608700984120,2020-12-23T05:23:04.120Z,sell,7.7e-07,158.0,0.00012166
VIB/BTC,1608700985665,2020-12-23T05:23:05.665Z,buy,7.8e-07,130.0,0.0001014
VIB/BTC,1608700988023,2020-12-23T05:23:08.023Z,buy,7.8e-07,6187.0,0.00482586
VIB/BTC,1608700988702,2020-12-23T05:23:08.702Z,buy,7.8e-07,256.0,0.00019968
VIB/BTC,1608700992371,2020-12-23T05:23:12.371Z,sell,7.7e-07,158.0,0.00012166
VIB/BTC,1608701000327,2020-12-23T05:23:20.327Z,sell,7.7e-07,158.0,0.00012166
VIB/BTC,1608701005712,2020-12-23T05:23:25.712Z,buy,7.8e-07,1299.0,0.00101322
VIB/BTC,1608701023130,2020-12-23T05:23:43.130Z,sell,7.7e-07,158.0,0.00012166
VIB/BTC,1608701060025,2020-12-23T05:24:20.025Z,sell,7.7e-07,158.0,0.00012166
VIB/BTC,1608701084857,2020-12-23T05:24:44.857Z,sell,7.7e-07,158.0,0.00012166
VIB/BTC,1608701151201,2020-12-23T05:25:51.201Z,sell,7.7e-07,158.0,0.00012166
VIB/BTC,1608701173928,2020-12-23T05:26:13.928Z,sell,7.7e-07,158.0,0.00012166
VIB/BTC,1608701200402,2020-12-23T05:26:40.402Z,sell,7.7e-07,158.0,0.00012166
VIB/BTC,1608701214414,2020-12-23T05:26:54.414Z,sell,7.7e-07,158.0,0.00012166
VIB/BTC,1608701223505,2020-12-23T05:27:03.505Z,buy,7.8e-07,134.0,0.00010452
VIB/BTC,1608701228269,2020-12-23T05:27:08.269Z,sell,7.7e-07,158.0,0.00012166
VIB/BTC,1608701261958,2020-12-23T05:27:41.958Z,sell,7.7e-07,158.0,0.00012166
VIB/BTC,1608701268387,2020-12-23T05:27:48.387Z,sell,7.7e-07,500.0,0.000385
VIB/BTC,1608701470800,2020-12-23T05:31:10.800Z,sell,7.7e-07,158.0,0.00012166
VIB/BTC,1608701643023,2020-12-23T05:34:03.023Z,sell,7.7e-07,158.0,0.00012166
VIB/BTC,1608701877093,2020-12-23T05:37:57.093Z,sell,7.7e-07,158.0,0.00012166
VIB/BTC,1608701880228,2020-12-23T05:38:00.228Z,sell,7.7e-07,3985.0,0.00306845
VIB/BTC,1608701880333,2020-12-23T05:38:00.333Z,sell,7.7e-07,163.0,0.00012551
VIB/BTC,1608701883641,2020-12-23T05:38:03.641Z,sell,7.7e-07,158.0,0.00012166
VIB/BTC,1608702192072,2020-12-23T05:43:12.072Z,sell,7.7e-07,163.0,0.00012551
VIB/BTC,1608702706790,2020-12-23T05:51:46.790Z,sell,7.7e-07,112000.0,0.08624
VIB/BTC,1608702708883,2020-12-23T05:51:48.883Z,sell,7.7e-07,140.0,0.0001078
VIB/BTC,1608702759571,2020-12-23T05:52:39.571Z,buy,7.8e-07,1920.0,0.0014976
VIB/BTC,1608702875245,2020-12-23T05:54:35.245Z,buy,7.8e-07,1000.0,0.00078
VIB/BTC,1608703060627,2020-12-23T05:57:40.627Z,sell,7.7e-07,158.0,0.00012166
VIB/BTC,1608703299296,2020-12-23T06:01:39.296Z,sell,7.7e-07,114846.0,0.08843142
VIB/BTC,1608703584166,2020-12-23T06:06:24.166Z,sell,7.7e-07,158.0,0.00012166
VIB/BTC,1608704165312,2020-12-23T06:16:05.312Z,buy,7.8e-07,1298.0,0.00101244
VIB/BTC,1608704412461,2020-12-23T06:20:12.461Z,buy,7.8e-07,100365.0,0.0782847
VIB/BTC,1608704421693,2020-12-23T06:20:21.693Z,sell,7.7e-07,158.0,0.00012166
VIB/BTC,1608704424974,2020-12-23T06:20:24.974Z,sell,7.7e-07,158.0,0.00012166
VIB/BTC,1608704431324,2020-12-23T06:20:31.324Z,sell,7.7e-07,163.0,0.00012551
VIB/BTC,1608704440083,2020-12-23T06:20:40.083Z,sell,7.7e-07,175.0,0.00013475
VIB/BTC,1608704444001,2020-12-23T06:20:44.001Z,sell,7.7e-07,544.0,0.00041888
VIB/BTC,1608704444001,2020-12-23T06:20:44.001Z,sell,7.7e-07,544.0,0.00041888
VIB/BTC,1608704529469,2020-12-23T06:22:09.469Z,sell,7.7e-07,10357.0,0.00797489
VIB/BTC,1608705042372,2020-12-23T06:30:42.372Z,sell,7.7e-07,50913.0,0.03920301
VIB/BTC,1608705842378,2020-12-23T06:44:02.378Z,buy,7.8e-07,56902.0,0.04438356
VIB/BTC,1608706313852,2020-12-23T06:51:53.852Z,sell,7.7e-07,291.0,0.00022407
VIB/BTC,1608706876013,2020-12-23T07:01:16.013Z,sell,7.7e-07,5023.0,0.00386771
VIB/BTC,1608706977934,2020-12-23T07:02:57.934Z,sell,7.7e-07,3455.0,0.00266035
VIB/BTC,1608706978629,2020-12-23T07:02:58.629Z,sell,7.7e-07,14374.0,0.01106798
VIB/BTC,1608706983002,2020-12-23T07:03:03.002Z,sell,7.7e-07,584.0,0.00044968
VIB/BTC,1608706983133,2020-12-23T07:03:03.133Z,sell,7.7e-07,8903.0,0.00685531
VIB/BTC,1608706983214,2020-12-23T07:03:03.214Z,sell,7.7e-07,4458.0,0.00343266
VIB/BTC,1608706983389,2020-12-23T07:03:03.389Z,sell,7.7e-07,7898.0,0.00608146
VIB/BTC,1608706983794,2020-12-23T07:03:03.794Z,sell,7.7e-07,4337.0,0.00333949
VIB/BTC,1608706983869,2020-12-23T07:03:03.869Z,sell,7.7e-07,2721.0,0.00209517
VIB/BTC,1608706984940,2020-12-23T07:03:04.940Z,sell,7.7e-07,2360.0,0.0018172
VIB/BTC,1608706990092,2020-12-23T07:03:10.092Z,sell,7.7e-07,4481.0,0.00345037
VIB/BTC,1608706997348,2020-12-23T07:03:17.348Z,sell,7.7e-07,3976.0,0.00306152
VIB/BTC,1608707004130,2020-12-23T07:03:24.130Z,sell,7.7e-07,5876.0,0.00452452
VIB/BTC,1608707039128,2020-12-23T07:03:59.128Z,sell,7.7e-07,3504.0,0.00269808
VIB/BTC,1608707046255,2020-12-23T07:04:06.255Z,sell,7.7e-07,3898.0,0.00300146
VIB/BTC,1608707112529,2020-12-23T07:05:12.529Z,sell,7.7e-07,8295.0,0.00638715
VIB/BTC,1608707112695,2020-12-23T07:05:12.695Z,sell,7.7e-07,4663.0,0.00359051
VIB/BTC,1608707616885,2020-12-23T07:13:36.885Z,sell,7.7e-07,4064.0,0.00312928
VIB/BTC,1608707629419,2020-12-23T07:13:49.419Z,buy,7.8e-07,23793.0,0.01855854
VIB/BTC,1608707629419,2020-12-23T07:13:49.419Z,buy,7.8e-07,23793.0,0.01855854
VIB/BTC,1608708073418,2020-12-23T07:21:13.418Z,sell,7.7e-07,23001.0,0.01771077
VIB/BTC,1608708215202,2020-12-23T07:23:35.202Z,buy,7.8e-07,184.0,0.00014352
VIB/BTC,1608708613520,2020-12-23T07:30:13.520Z,sell,7.7e-07,515.0,0.00039655
VIB/BTC,1608708901411,2020-12-23T07:35:01.411Z,buy,7.8e-07,6058.0,0.00472524
VIB/BTC,1608709292373,2020-12-23T07:41:32.373Z,sell,7.7e-07,298655.0,0.22996435
VIB/BTC,1608709292385,2020-12-23T07:41:32.385Z,buy,7.7e-07,1702.0,0.00131054
VIB/BTC,1608709292419,2020-12-23T07:41:32.419Z,buy,7.7e-07,2903.0,0.00223531
VIB/BTC,1608709295170,2020-12-23T07:41:35.170Z,buy,7.7e-07,2446.0,0.00188342
VIB/BTC,1608709295874,2020-12-23T07:41:35.874Z,buy,7.7e-07,6410.0,0.0049357
VIB/BTC,1608709429050,2020-12-23T07:43:49.050Z,sell,7.7e-07,36906.0,0.02841762
VIB/BTC,1608709614795,2020-12-23T07:46:54.795Z,sell,7.7e-07,561.0,0.00043197
VIB/BTC,1608709941746,2020-12-23T07:52:21.746Z,buy,7.8e-07,7600.0,0.005928
VIB/BTC,1608709947967,2020-12-23T07:52:27.967Z,buy,7.8e-07,7600.0,0.005928
VIB/BTC,1608710081894,2020-12-23T07:54:41.894Z,buy,7.8e-07,18027.0,0.01406106
VIB/BTC,1608710282698,2020-12-23T07:58:02.698Z,sell,7.7e-07,797.0,0.00061369
VIB/BTC,1608710382157,2020-12-23T07:59:42.157Z,sell,7.7e-07,19062.0,0.01467774
VIB/BTC,1608710401312,2020-12-23T08:00:01.312Z,buy,7.7e-07,130.0,0.0001001
VIB/BTC,1608710468193,2020-12-23T08:01:08.193Z,sell,7.6e-07,10008.0,0.00760608
VIB/BTC,1608710468193,2020-12-23T08:01:08.193Z,sell,7.6e-07,4027.0,0.00306052
VIB/BTC,1608710468193,2020-12-23T08:01:08.193Z,sell,7.6e-07,117063.0,0.08896788
VIB/BTC,1608711079568,2020-12-23T08:11:19.568Z,buy,7.7e-07,7473.0,0.00575421
VIB/BTC,1608711091445,2020-12-23T08:11:31.445Z,buy,7.7e-07,2361.0,0.00181797
VIB/BTC,1608711206124,2020-12-23T08:13:26.124Z,sell,7.6e-07,53173.0,0.04041148
VIB/BTC,1608711206124,2020-12-23T08:13:26.124Z,sell,7.6e-07,53173.0,0.04041148
VIB/BTC,1608711364830,2020-12-23T08:16:04.830Z,buy,7.7e-07,2399.0,0.00184723
VIB/BTC,1608711421878,2020-12-23T08:17:01.878Z,buy,7.7e-07,2399.0,0.00184723
VIB/BTC,1608711520760,2020-12-23T08:18:40.760Z,buy,7.7e-07,18577.0,0.01430429
VIB/BTC,1608711557881,2020-12-23T08:19:17.881Z,buy,7.7e-07,32504.0,0.02502808
VIB/BTC,1608712468429,2020-12-23T08:34:28.429Z,buy,7.7e-07,450.0,0.0003465
VIB/BTC,1608712736189,2020-12-23T08:38:56.189Z,sell,7.6e-07,70147.0,0.05331172
VIB/BTC,1608712776145,2020-12-23T08:39:36.145Z,sell,7.6e-07,28262.0,0.02147912
VIB/BTC,1608712776158,2020-12-23T08:39:36.158Z,buy,7.6e-07,678.0,0.00051528
VIB/BTC,1608712776191,2020-12-23T08:39:36.191Z,buy,7.6e-07,832.0,0.00063232
VIB/BTC,1608712776206,2020-12-23T08:39:36.206Z,buy,7.6e-07,831.0,0.00063156
VIB/BTC,1608712776215,2020-12-23T08:39:36.215Z,buy,7.6e-07,1000.0,0.00076
VIB/BTC,1608712776373,2020-12-23T08:39:36.373Z,buy,7.6e-07,680.0,0.0005168
VIB/BTC,1608712776462,2020-12-23T08:39:36.462Z,buy,7.6e-07,635992.0,0.48335392
VIB/BTC,1608712777086,2020-12-23T08:39:37.086Z,sell,7.6e-07,1178.0,0.00089528
VIB/BTC,1608712777283,2020-12-23T08:39:37.283Z,sell,7.6e-07,1348.0,0.00102448
VIB/BTC,1608712786258,2020-12-23T08:39:46.258Z,sell,7.6e-07,41236.0,0.03133936
VIB/BTC,1608712786678,2020-12-23T08:39:46.678Z,buy,7.6e-07,533430.0,0.4054068
VIB/BTC,1608712786698,2020-12-23T08:39:46.698Z,buy,7.7e-07,1039.0,0.00080003
VIB/BTC,1608712787169,2020-12-23T08:39:47.169Z,sell,7.6e-07,32814.0,0.02493864
VIB/BTC,1608712825911,2020-12-23T08:40:25.911Z,sell,7.6e-07,10000.0,0.0076
VIB/BTC,1608712826342,2020-12-23T08:40:26.342Z,buy,7.6e-07,579466.0,0.44039416
VIB/BTC,1608712827196,2020-12-23T08:40:27.196Z,buy,7.6e-07,8019.0,0.00609444
VIB/BTC,1608712864227,2020-12-23T08:41:04.227Z,sell,7.6e-07,173890.0,0.1321564
VIB/BTC,1608712864529,2020-12-23T08:41:04.529Z,buy,7.6e-07,489423.0,0.37196148
VIB/BTC,1608712864549,2020-12-23T08:41:04.549Z,buy,7.7e-07,17693.0,0.01362361
VIB/BTC,1608713087598,2020-12-23T08:44:47.598Z,buy,7.7e-07,48719.0,0.03751363
VIB/BTC,1608713090597,2020-12-23T08:44:50.597Z,buy,7.7e-07,48719.0,0.03751363
VIB/BTC,1608713093596,2020-12-23T08:44:53.596Z,buy,7.7e-07,48719.0,0.03751363
VIB/BTC,1608713096595,2020-12-23T08:44:56.595Z,buy,7.7e-07,32901.0,0.02533377
VIB/BTC,1608713111152,2020-12-23T08:45:11.152Z,buy,7.7e-07,573318.0,0.44145486
VIB/BTC,1608713124410,2020-12-23T08:45:24.410Z,buy,7.7e-07,500.0,0.000385
VIB/BTC,1608713126556,2020-12-23T08:45:26.556Z,buy,7.7e-07,500.0,0.000385
VIB/BTC,1608713128659,2020-12-23T08:45:28.659Z,buy,7.7e-07,500.0,0.000385
VIB/BTC,1608713130092,2020-12-23T08:45:30.092Z,buy,7.7e-07,500.0,0.000385
VIB/BTC,1608713132897,2020-12-23T08:45:32.897Z,buy,7.7e-07,500.0,0.000385
VIB/BTC,1608713134324,2020-12-23T08:45:34.324Z,buy,7.7e-07,500.0,0.000385
VIB/BTC,1608713136026,2020-12-23T08:45:36.026Z,buy,7.7e-07,500.0,0.000385
VIB/BTC,1608713137687,2020-12-23T08:45:37.687Z,buy,7.7e-07,500.0,0.000385
VIB/BTC,1608713141020,2020-12-23T08:45:41.020Z,buy,7.7e-07,500.0,0.000385
VIB/BTC,1608713142794,2020-12-23T08:45:42.794Z,buy,7.7e-07,500.0,0.000385
VIB/BTC,1608713144159,2020-12-23T08:45:44.159Z,buy,7.7e-07,500.0,0.000385
VIB/BTC,1608713145583,2020-12-23T08:45:45.583Z,buy,7.7e-07,500.0,0.000385
VIB/BTC,1608713147561,2020-12-23T08:45:47.561Z,buy,7.7e-07,500.0,0.000385
VIB/BTC,1608713149557,2020-12-23T08:45:49.557Z,buy,7.7e-07,500.0,0.000385
VIB/BTC,1608713151208,2020-12-23T08:45:51.208Z,buy,7.7e-07,500.0,0.000385
VIB/BTC,1608713152462,2020-12-23T08:45:52.462Z,buy,7.7e-07,500.0,0.000385
VIB/BTC,1608713154307,2020-12-23T08:45:54.307Z,buy,7.7e-07,500.0,0.000385
VIB/BTC,1608713155767,2020-12-23T08:45:55.767Z,buy,7.7e-07,500.0,0.000385
VIB/BTC,1608713157375,2020-12-23T08:45:57.375Z,buy,7.7e-07,500.0,0.000385
VIB/BTC,1608713158702,2020-12-23T08:45:58.702Z,buy,7.7e-07,500.0,0.000385
VIB/BTC,1608713160372,2020-12-23T08:46:00.372Z,buy,7.7e-07,500.0,0.000385
VIB/BTC,1608713161742,2020-12-23T08:46:01.742Z,buy,7.7e-07,500.0,0.000385
VIB/BTC,1608713163061,2020-12-23T08:46:03.061Z,buy,7.7e-07,500.0,0.000385
VIB/BTC,1608713164524,2020-12-23T08:46:04.524Z,buy,7.7e-07,500.0,0.000385
VIB/BTC,1608713165767,2020-12-23T08:46:05.767Z,buy,7.7e-07,500.0,0.000385
VIB/BTC,1608713167012,2020-12-23T08:46:07.012Z,buy,7.7e-07,500.0,0.000385
VIB/BTC,1608713168355,2020-12-23T08:46:08.355Z,buy,7.7e-07,500.0,0.000385
VIB/BTC,1608713169969,2020-12-23T08:46:09.969Z,buy,7.7e-07,500.0,0.000385
VIB/BTC,1608713171173,2020-12-23T08:46:11.173Z,buy,7.7e-07,500.0,0.000385
VIB/BTC,1608713172315,2020-12-23T08:46:12.315Z,buy,7.7e-07,500.0,0.000385
VIB/BTC,1608713173461,2020-12-23T08:46:13.461Z,buy,7.7e-07,500.0,0.000385
VIB/BTC,1608713174701,2020-12-23T08:46:14.701Z,buy,7.7e-07,500.0,0.000385
VIB/BTC,1608713175885,2020-12-23T08:46:15.885Z,buy,7.7e-07,500.0,0.000385
VIB/BTC,1608713177155,2020-12-23T08:46:17.155Z,buy,7.7e-07,500.0,0.000385
VIB/BTC,1608713178402,2020-12-23T08:46:18.402Z,buy,7.7e-07,500.0,0.000385
VIB/BTC,1608713179910,2020-12-23T08:46:19.910Z,buy,7.7e-07,500.0,0.000385
VIB/BTC,1608713181336,2020-12-23T08:46:21.336Z,buy,7.7e-07,500.0,0.000385
VIB/BTC,1608713182450,2020-12-23T08:46:22.450Z,buy,7.7e-07,500.0,0.000385
VIB/BTC,1608713183618,2020-12-23T08:46:23.618Z,buy,7.7e-07,500.0,0.000385
VIB/BTC,1608713184810,2020-12-23T08:46:24.810Z,buy,7.7e-07,500.0,0.000385
VIB/BTC,1608713186099,2020-12-23T08:46:26.099Z,buy,7.7e-07,500.0,0.000385
VIB/BTC,1608713187362,2020-12-23T08:46:27.362Z,buy,7.7e-07,500.0,0.000385
VIB/BTC,1608713188884,2020-12-23T08:46:28.884Z,buy,7.7e-07,500.0,0.000385
VIB/BTC,1608713190056,2020-12-23T08:46:30.056Z,buy,7.7e-07,500.0,0.000385
VIB/BTC,1608713191217,2020-12-23T08:46:31.217Z,buy,7.7e-07,500.0,0.000385
VIB/BTC,1608713192498,2020-12-23T08:46:32.498Z,buy,7.7e-07,500.0,0.000385
VIB/BTC,1608713196360,2020-12-23T08:46:36.360Z,buy,7.7e-07,5275.0,0.00406175
VIB/BTC,1608713199215,2020-12-23T08:46:39.215Z,buy,7.7e-07,500.0,0.000385
VIB/BTC,1608713200765,2020-12-23T08:46:40.765Z,buy,7.7e-07,500.0,0.000385
VIB/BTC,1608713202310,2020-12-23T08:46:42.310Z,buy,7.7e-07,500.0,0.000385
VIB/BTC,1608713203501,2020-12-23T08:46:43.501Z,buy,7.7e-07,500.0,0.000385
VIB/BTC,1608713204946,2020-12-23T08:46:44.946Z,buy,7.7e-07,500.0,0.000385
VIB/BTC,1608713207676,2020-12-23T08:46:47.676Z,buy,7.7e-07,2997.0,0.00230769
VIB/BTC,1608713212835,2020-12-23T08:46:52.835Z,buy,7.7e-07,1318.0,0.00101486
VIB/BTC,1608713217838,2020-12-23T08:46:57.838Z,buy,7.7e-07,731.0,0.00056287
VIB/BTC,1608713220252,2020-12-23T08:47:00.252Z,sell,7.6e-07,23793.0,0.01808268
VIB/BTC,1608713222217,2020-12-23T08:47:02.217Z,buy,7.7e-07,995.0,0.00076615
VIB/BTC,1608713228710,2020-12-23T08:47:08.710Z,buy,7.7e-07,1079.0,0.00083083
VIB/BTC,1608713554095,2020-12-23T08:52:34.095Z,sell,7.6e-07,36673.0,0.02787148
VIB/BTC,1608713560516,2020-12-23T08:52:40.516Z,sell,7.6e-07,68945.0,0.0523982
VIB/BTC,1608713567500,2020-12-23T08:52:47.500Z,sell,7.6e-07,60671.0,0.04610996
VIB/BTC,1608713579481,2020-12-23T08:52:59.481Z,sell,7.6e-07,57840.0,0.0439584
VIB/BTC,1608713611924,2020-12-23T08:53:31.924Z,buy,7.7e-07,681683.0,0.52489591
VIB/BTC,1608713624913,2020-12-23T08:53:44.913Z,buy,7.7e-07,478768.0,0.36865136
VIB/BTC,1608713634892,2020-12-23T08:53:54.892Z,buy,7.7e-07,443342.0,0.34137334
VIB/BTC,1608713641892,2020-12-23T08:54:01.892Z,buy,7.7e-07,665012.0,0.51205924
VIB/BTC,1608713662774,2020-12-23T08:54:22.774Z,sell,7.6e-07,66501.0,0.05054076
VIB/BTC,1608713665518,2020-12-23T08:54:25.518Z,sell,7.6e-07,35911.0,0.02729236
VIB/BTC,1608713668773,2020-12-23T08:54:28.773Z,sell,7.6e-07,56260.0,0.0427576
VIB/BTC,1608713678818,2020-12-23T08:54:38.818Z,sell,7.6e-07,35444.0,0.02693744
VIB/BTC,1608713694716,2020-12-23T08:54:54.716Z,buy,7.7e-07,500.0,0.000385
VIB/BTC,1608713696141,2020-12-23T08:54:56.141Z,buy,7.7e-07,500.0,0.000385
VIB/BTC,1608713698540,2020-12-23T08:54:58.540Z,buy,7.7e-07,500.0,0.000385
VIB/BTC,1608713700001,2020-12-23T08:55:00.001Z,buy,7.7e-07,500.0,0.000385
VIB/BTC,1608713701542,2020-12-23T08:55:01.542Z,buy,7.7e-07,500.0,0.000385
VIB/BTC,1608713702911,2020-12-23T08:55:02.911Z,buy,7.7e-07,500.0,0.000385
VIB/BTC,1608713704756,2020-12-23T08:55:04.756Z,buy,7.7e-07,500.0,0.000385
VIB/BTC,1608713706041,2020-12-23T08:55:06.041Z,buy,7.7e-07,500.0,0.000385
VIB/BTC,1608713707546,2020-12-23T08:55:07.546Z,buy,7.7e-07,500.0,0.000385
VIB/BTC,1608713709082,2020-12-23T08:55:09.082Z,buy,7.7e-07,500.0,0.000385
VIB/BTC,1608713710528,2020-12-23T08:55:10.528Z,buy,7.7e-07,500.0,0.000385
VIB/BTC,1608713711847,2020-12-23T08:55:11.847Z,buy,7.7e-07,500.0,0.000385
VIB/BTC,1608713713360,2020-12-23T08:55:13.360Z,buy,7.7e-07,500.0,0.000385
VIB/BTC,1608713715130,2020-12-23T08:55:15.130Z,buy,7.7e-07,500.0,0.000385
VIB/BTC,1608713716532,2020-12-23T08:55:16.532Z,buy,7.7e-07,500.0,0.000385
VIB/BTC,1608713718308,2020-12-23T08:55:18.308Z,buy,7.7e-07,500.0,0.000385
VIB/BTC,1608713719596,2020-12-23T08:55:19.596Z,buy,7.7e-07,500.0,0.000385
VIB/BTC,1608713721048,2020-12-23T08:55:21.048Z,buy,7.7e-07,500.0,0.000385
VIB/BTC,1608713722501,2020-12-23T08:55:22.501Z,buy,7.7e-07,500.0,0.000385
VIB/BTC,1608713723807,2020-12-23T08:55:23.807Z,buy,7.7e-07,500.0,0.000385
VIB/BTC,1608713725110,2020-12-23T08:55:25.110Z,buy,7.7e-07,500.0,0.000385
VIB/BTC,1608713726632,2020-12-23T08:55:26.632Z,buy,7.7e-07,500.0,0.000385
VIB/BTC,1608713731330,2020-12-23T08:55:31.330Z,buy,7.7e-07,500.0,0.000385
VIB/BTC,1608713733037,2020-12-23T08:55:33.037Z,buy,7.7e-07,500.0,0.000385
VIB/BTC,1608713734918,2020-12-23T08:55:34.918Z,buy,7.7e-07,500.0,0.000385
VIB/BTC,1608713736147,2020-12-23T08:55:36.147Z,buy,7.7e-07,500.0,0.000385
VIB/BTC,1608713738033,2020-12-23T08:55:38.033Z,buy,7.7e-07,500.0,0.000385
VIB/BTC,1608713739269,2020-12-23T08:55:39.269Z,buy,7.7e-07,500.0,0.000385
VIB/BTC,1608713740476,2020-12-23T08:55:40.476Z,buy,7.7e-07,500.0,0.000385
VIB/BTC,1608713741756,2020-12-23T08:55:41.756Z,buy,7.7e-07,500.0,0.000385
VIB/BTC,1608713743498,2020-12-23T08:55:43.498Z,buy,7.7e-07,500.0,0.000385
VIB/BTC,1608713744943,2020-12-23T08:55:44.943Z,buy,7.7e-07,500.0,0.000385
VIB/BTC,1608713746318,2020-12-23T08:55:46.318Z,buy,7.7e-07,500.0,0.000385
VIB/BTC,1608713747619,2020-12-23T08:55:47.619Z,buy,7.7e-07,500.0,0.000385
VIB/BTC,1608713787298,2020-12-23T08:56:27.298Z,buy,7.7e-07,500.0,0.000385
VIB/BTC,1608713788832,2020-12-23T08:56:28.832Z,buy,7.7e-07,500.0,0.000385
VIB/BTC,1608713790212,2020-12-23T08:56:30.212Z,buy,7.7e-07,500.0,0.000385
VIB/BTC,1608713791638,2020-12-23T08:56:31.638Z,buy,7.7e-07,500.0,0.000385
VIB/BTC,1608713792931,2020-12-23T08:56:32.931Z,buy,7.7e-07,500.0,0.000385
VIB/BTC,1608713794245,2020-12-23T08:56:34.245Z,buy,7.7e-07,500.0,0.000385
VIB/BTC,1608713795632,2020-12-23T08:56:35.632Z,buy,7.7e-07,500.0,0.000385
VIB/BTC,1608713796923,2020-12-23T08:56:36.923Z,buy,7.7e-07,500.0,0.000385
VIB/BTC,1608713798449,2020-12-23T08:56:38.449Z,buy,7.7e-07,500.0,0.000385
VIB/BTC,1608713800480,2020-12-23T08:56:40.480Z,buy,7.7e-07,500.0,0.000385
VIB/BTC,1608713802378,2020-12-23T08:56:42.378Z,buy,7.7e-07,500.0,0.000385
VIB/BTC,1608713807304,2020-12-23T08:56:47.304Z,buy,7.7e-07,473.0,0.00036421
VIB/BTC,1608713811449,2020-12-23T08:56:51.449Z,buy,7.7e-07,785.0,0.00060445
VIB/BTC,1608713813715,2020-12-23T08:56:53.715Z,buy,7.7e-07,982.0,0.00075614
VIB/BTC,1608713816691,2020-12-23T08:56:56.691Z,buy,7.7e-07,732.0,0.00056364
VIB/BTC,1608713819916,2020-12-23T08:56:59.916Z,buy,7.7e-07,1244.0,0.00095788
VIB/BTC,1608713822535,2020-12-23T08:57:02.535Z,buy,7.7e-07,2488.0,0.00191576
VIB/BTC,1608713825282,2020-12-23T08:57:05.282Z,buy,7.7e-07,300.0,0.000231
VIB/BTC,1608713828185,2020-12-23T08:57:08.185Z,buy,7.7e-07,785.0,0.00060445
VIB/BTC,1608713831385,2020-12-23T08:57:11.385Z,buy,7.7e-07,542.0,0.00041734
VIB/BTC,1608713834556,2020-12-23T08:57:14.556Z,buy,7.7e-07,3485.0,0.00268345
VIB/BTC,1608713840222,2020-12-23T08:57:20.222Z,buy,7.7e-07,468.0,0.00036036
VIB/BTC,1608713849844,2020-12-23T08:57:29.844Z,buy,7.7e-07,475.0,0.00036575
VIB/BTC,1608713852643,2020-12-23T08:57:32.643Z,buy,7.7e-07,985.0,0.00075845
VIB/BTC,1608713855192,2020-12-23T08:57:35.192Z,buy,7.7e-07,785.0,0.00060445
VIB/BTC,1608713857427,2020-12-23T08:57:37.427Z,buy,7.7e-07,357.0,0.00027489
VIB/BTC,1608713860088,2020-12-23T08:57:40.088Z,buy,7.7e-07,1278.0,0.00098406
VIB/BTC,1608713863806,2020-12-23T08:57:43.806Z,buy,7.7e-07,46374.0,0.03570798
VIB/BTC,1608713865078,2020-12-23T08:57:45.078Z,buy,7.7e-07,5721.0,0.00440517
VIB/BTC,1608713904233,2020-12-23T08:58:24.233Z,buy,7.7e-07,796.0,0.00061292
VIB/BTC,1608714459455,2020-12-23T09:07:39.455Z,sell,7.6e-07,70832.0,0.05383232
VIB/BTC,1608714466546,2020-12-23T09:07:46.546Z,sell,7.6e-07,4995.0,0.0037962
VIB/BTC,1608714485819,2020-12-23T09:08:05.819Z,buy,7.7e-07,67143.0,0.05170011
VIB/BTC,1608714485819,2020-12-23T09:08:05.819Z,buy,7.7e-07,67143.0,0.05170011
VIB/BTC,1608715064553,2020-12-23T09:17:44.553Z,buy,7.7e-07,500.0,0.000385
VIB/BTC,1608715066762,2020-12-23T09:17:46.762Z,buy,7.7e-07,500.0,0.000385
VIB/BTC,1608715068216,2020-12-23T09:17:48.216Z,buy,7.7e-07,500.0,0.000385
VIB/BTC,1608715069695,2020-12-23T09:17:49.695Z,buy,7.7e-07,500.0,0.000385
VIB/BTC,1608715071107,2020-12-23T09:17:51.107Z,buy,7.7e-07,500.0,0.000385
VIB/BTC,1608715072495,2020-12-23T09:17:52.495Z,buy,7.7e-07,500.0,0.000385
VIB/BTC,1608715073887,2020-12-23T09:17:53.887Z,buy,7.7e-07,500.0,0.000385
VIB/BTC,1608715075323,2020-12-23T09:17:55.323Z,buy,7.7e-07,500.0,0.000385
VIB/BTC,1608715076642,2020-12-23T09:17:56.642Z,buy,7.7e-07,500.0,0.000385
VIB/BTC,1608715077929,2020-12-23T09:17:57.929Z,buy,7.7e-07,500.0,0.000385
VIB/BTC,1608715079251,2020-12-23T09:17:59.251Z,buy,7.7e-07,500.0,0.000385
VIB/BTC,1608715227743,2020-12-23T09:20:27.743Z,sell,7.6e-07,1652.0,0.00125552
VIB/BTC,1608715227743,2020-12-23T09:20:27.743Z,sell,7.6e-07,1265.0,0.0009614
VIB/BTC,1608715435270,2020-12-23T09:23:55.270Z,sell,7.6e-07,35097.0,0.02667372
VIB/BTC,1608715435506,2020-12-23T09:23:55.506Z,buy,7.6e-07,799.0,0.00060724
VIB/BTC,1608715435533,2020-12-23T09:23:55.533Z,buy,7.6e-07,798.0,0.00060648
VIB/BTC,1608715435578,2020-12-23T09:23:55.578Z,buy,7.6e-07,798.0,0.00060648
VIB/BTC,1608715438886,2020-12-23T09:23:58.886Z,buy,7.6e-07,6494.0,0.00493544
VIB/BTC,1608715441134,2020-12-23T09:24:01.134Z,buy,7.6e-07,6494.0,0.00493544
VIB/BTC,1608715459650,2020-12-23T09:24:19.650Z,buy,7.6e-07,1233.0,0.00093708
VIB/BTC,1608715492892,2020-12-23T09:24:52.892Z,buy,7.6e-07,1000.0,0.00076
VIB/BTC,1608715981526,2020-12-23T09:33:01.526Z,sell,7.5e-07,53651.0,0.04023825
VIB/BTC,1608715981526,2020-12-23T09:33:01.526Z,sell,7.5e-07,1164.0,0.000873
VIB/BTC,1608715981526,2020-12-23T09:33:01.526Z,sell,7.5e-07,3692.0,0.002769
VIB/BTC,1608715981526,2020-12-23T09:33:01.526Z,sell,7.5e-07,22472.0,0.016854
VIB/BTC,1608715981526,2020-12-23T09:33:01.526Z,sell,7.5e-07,20225.0,0.01516875
VIB/BTC,1608715981526,2020-12-23T09:33:01.526Z,sell,7.5e-07,2247.0,0.00168525
VIB/BTC,1608715981526,2020-12-23T09:33:01.526Z,sell,7.5e-07,5617.0,0.00421275
VIB/BTC,1608715981526,2020-12-23T09:33:01.526Z,sell,7.5e-07,528.0,0.000396
VIB/BTC,1608715981526,2020-12-23T09:33:01.526Z,sell,7.5e-07,2000.0,0.0015
VIB/BTC,1608715981526,2020-12-23T09:33:01.526Z,sell,7.5e-07,3800.0,0.00285
VIB/BTC,1608716150123,2020-12-23T09:35:50.123Z,buy,7.6e-07,3558.0,0.00270408
VIB/BTC,1608716156168,2020-12-23T09:35:56.168Z,buy,7.6e-07,1578.0,0.00119928
VIB/BTC,1608716157930,2020-12-23T09:35:57.930Z,buy,7.6e-07,697.0,0.00052972
VIB/BTC,1608716534100,2020-12-23T09:42:14.100Z,sell,7.5e-07,16893.0,0.01266975
VIB/BTC,1608717021159,2020-12-23T09:50:21.159Z,sell,7.5e-07,396.0,0.000297
VIB/BTC,1608717064085,2020-12-23T09:51:04.085Z,sell,7.5e-07,2524.0,0.001893
VIB/BTC,1608717518555,2020-12-23T09:58:38.555Z,sell,7.5e-07,174248.0,0.130686
VIB/BTC,1608717887724,2020-12-23T10:04:47.724Z,sell,7.5e-07,1000.0,0.00075
VIB/BTC,1608717887724,2020-12-23T10:04:47.724Z,sell,7.5e-07,1000.0,0.00075
VIB/BTC,1608718327854,2020-12-23T10:12:07.854Z,sell,7.5e-07,80736.0,0.060552
VIB/BTC,1608718327854,2020-12-23T10:12:07.854Z,sell,7.4e-07,686206.0,0.50779244
VIB/BTC,1608718327854,2020-12-23T10:12:07.854Z,sell,7.3e-07,256.0,0.00018688
VIB/BTC,1608718327854,2020-12-23T10:12:07.854Z,sell,7.3e-07,8922.0,0.00651306
VIB/BTC,1608718327862,2020-12-23T10:12:07.862Z,buy,7.4e-07,205933.0,0.15239042
VIB/BTC,1608718328101,2020-12-23T10:12:08.101Z,buy,7.4e-07,29000.0,0.02146
VIB/BTC,1608718328102,2020-12-23T10:12:08.102Z,buy,7.4e-07,29000.0,0.02146
VIB/BTC,1608718328106,2020-12-23T10:12:08.106Z,buy,7.4e-07,38000.0,0.02812
VIB/BTC,1608718387884,2020-12-23T10:13:07.884Z,sell,7.3e-07,5811.0,0.00424203
VIB/BTC,1608718426296,2020-12-23T10:13:46.296Z,sell,7.3e-07,7299.0,0.00532827
VIB/BTC,1608718515529,2020-12-23T10:15:15.529Z,buy,7.4e-07,2271.0,0.00168054
VIB/BTC,1608718541472,2020-12-23T10:15:41.472Z,buy,7.4e-07,512.0,0.00037888
VIB/BTC,1608718703701,2020-12-23T10:18:23.701Z,buy,7.4e-07,2000.0,0.00148
VIB/BTC,1608718770658,2020-12-23T10:19:30.658Z,buy,7.4e-07,34210.0,0.0253154
VIB/BTC,1608719012078,2020-12-23T10:23:32.078Z,buy,7.4e-07,35654.0,0.02638396
VIB/BTC,1608719012251,2020-12-23T10:23:32.251Z,sell,7.4e-07,6524.0,0.00482776
VIB/BTC,1608719073201,2020-12-23T10:24:33.201Z,buy,7.5e-07,2632.0,0.001974
VIB/BTC,1608719115334,2020-12-23T10:25:15.334Z,sell,7.4e-07,2500.0,0.00185
VIB/BTC,1608719173573,2020-12-23T10:26:13.573Z,sell,7.4e-07,13221.0,0.00978354
VIB/BTC,1608719173728,2020-12-23T10:26:13.728Z,sell,7.4e-07,15415.0,0.0114071
VIB/BTC,1608719173843,2020-12-23T10:26:13.843Z,sell,7.4e-07,6290.0,0.0046546
VIB/BTC,1608719173886,2020-12-23T10:26:13.886Z,sell,7.4e-07,6622.0,0.00490028
VIB/BTC,1608719173990,2020-12-23T10:26:13.990Z,sell,7.4e-07,11177.0,0.00827098
VIB/BTC,1608719173990,2020-12-23T10:26:13.990Z,sell,7.3e-07,4085.0,0.00298205
VIB/BTC,1608719174006,2020-12-23T10:26:14.006Z,sell,7.3e-07,6671.0,0.00486983
VIB/BTC,1608719174009,2020-12-23T10:26:14.009Z,sell,7.3e-07,6605.0,0.00482165
VIB/BTC,1608719174541,2020-12-23T10:26:14.541Z,sell,7.3e-07,12830.0,0.0093659
VIB/BTC,1608719193333,2020-12-23T10:26:33.333Z,sell,7.3e-07,7022.0,0.00512606
VIB/BTC,1608719195696,2020-12-23T10:26:35.696Z,sell,7.3e-07,6723.0,0.00490779
VIB/BTC,1608719486996,2020-12-23T10:31:26.996Z,buy,7.5e-07,150.0,0.0001125
VIB/BTC,1608719523391,2020-12-23T10:32:03.391Z,buy,7.5e-07,994.0,0.0007455
VIB/BTC,1608719523449,2020-12-23T10:32:03.449Z,buy,7.5e-07,994.0,0.0007455
VIB/BTC,1608719529432,2020-12-23T10:32:09.432Z,sell,7.4e-07,150.0,0.000111
VIB/BTC,1608719698108,2020-12-23T10:34:58.108Z,buy,7.4e-07,154.0,0.00011396
VIB/BTC,1608719780129,2020-12-23T10:36:20.129Z,buy,7.4e-07,15011.0,0.01110814
VIB/BTC,1608719821193,2020-12-23T10:37:01.193Z,buy,7.4e-07,31442.0,0.02326708
VIB/BTC,1608720041972,2020-12-23T10:40:41.972Z,buy,7.4e-07,346.0,0.00025604
VIB/BTC,1608720108942,2020-12-23T10:41:48.942Z,sell,7.3e-07,2484.0,0.00181332
VIB/BTC,1608720261394,2020-12-23T10:44:21.394Z,sell,7.3e-07,412.0,0.00030076
VIB/BTC,1608720382569,2020-12-23T10:46:22.569Z,buy,7.4e-07,675.0,0.0004995
VIB/BTC,1608720651907,2020-12-23T10:50:51.907Z,sell,7.3e-07,1564.0,0.00114172
VIB/BTC,1608720651907,2020-12-23T10:50:51.907Z,sell,7.3e-07,1564.0,0.00114172
VIB/BTC,1608721563875,2020-12-23T11:06:03.875Z,sell,7.3e-07,148.0,0.00010804
VIB/BTC,1608721666882,2020-12-23T11:07:46.882Z,buy,7.4e-07,15000.0,0.0111
VIB/BTC,1608721668142,2020-12-23T11:07:48.142Z,buy,7.4e-07,3000.0,0.00222
VIB/BTC,1608721821266,2020-12-23T11:10:21.266Z,buy,7.4e-07,100000.0,0.074
VIB/BTC,1608721934667,2020-12-23T11:12:14.667Z,sell,7.3e-07,15290.0,0.0111617
VIB/BTC,1608721941255,2020-12-23T11:12:21.255Z,sell,7.3e-07,64283.0,0.04692659
VIB/BTC,1608722065500,2020-12-23T11:14:25.500Z,sell,7.3e-07,6819.0,0.00497787
VIB/BTC,1608722091901,2020-12-23T11:14:51.901Z,sell,7.3e-07,18214.0,0.01329622
VIB/BTC,1608722236664,2020-12-23T11:17:16.664Z,sell,7.3e-07,25000.0,0.01825
VIB/BTC,1608722652510,2020-12-23T11:24:12.510Z,buy,7.4e-07,220.0,0.0001628
VIB/BTC,1608722935724,2020-12-23T11:28:55.724Z,sell,7.3e-07,147.0,0.00010731
VIB/BTC,1608722938451,2020-12-23T11:28:58.451Z,buy,7.4e-07,43.0,3.1820000000000004e-05
VIB/BTC,1608723073277,2020-12-23T11:31:13.277Z,buy,7.4e-07,1001.0,0.00074074
VIB/BTC,1608723177594,2020-12-23T11:32:57.594Z,buy,7.4e-07,36539.0,0.02703886
VIB/BTC,1608723196118,2020-12-23T11:33:16.118Z,buy,7.5e-07,113220.0,0.084915
VIB/BTC,1608723209357,2020-12-23T11:33:29.357Z,buy,7.5e-07,6660.0,0.004995
VIB/BTC,1608723210523,2020-12-23T11:33:30.523Z,buy,7.5e-07,2690.0,0.0020175
VIB/BTC,1608723245266,2020-12-23T11:34:05.266Z,sell,7.4e-07,2042.0,0.00151108
VIB/BTC,1608723896474,2020-12-23T11:44:56.474Z,buy,7.5e-07,50.0,3.75e-05
VIB/BTC,1608723896474,2020-12-23T11:44:56.474Z,buy,7.5e-07,50.0,3.75e-05
VIB/BTC,1608724269434,2020-12-23T11:51:09.434Z,buy,7.5e-07,45.0,3.375e-05
VIB/BTC,1608724537518,2020-12-23T11:55:37.518Z,sell,7.4e-07,152.0,0.00011248
VIB/BTC,1608724806123,2020-12-23T12:00:06.123Z,sell,7.4e-07,2963.0,0.00219262
VIB/BTC,1608725047976,2020-12-23T12:04:07.976Z,sell,7.4e-07,1891.0,0.00139934
VIB/BTC,1608725111110,2020-12-23T12:05:11.110Z,sell,7.4e-07,4765.0,0.0035261
VIB/BTC,1608725441111,2020-12-23T12:10:41.111Z,sell,7.4e-07,10000.0,0.0074
VIB/BTC,1608726016970,2020-12-23T12:20:16.970Z,buy,7.5e-07,8267.0,0.00620025
VIB/BTC,1608726017018,2020-12-23T12:20:17.018Z,buy,7.5e-07,8267.0,0.00620025
VIB/BTC,1608726017082,2020-12-23T12:20:17.082Z,buy,7.5e-07,3467.0,0.00260025
VIB/BTC,1608726728256,2020-12-23T12:32:08.256Z,buy,7.5e-07,1500.0,0.001125
VIB/BTC,1608726735531,2020-12-23T12:32:15.531Z,sell,7.4e-07,2129.0,0.00157546
VIB/BTC,1608726738429,2020-12-23T12:32:18.429Z,buy,7.5e-07,1713.0,0.00128475
VIB/BTC,1608727060507,2020-12-23T12:37:40.507Z,sell,7.4e-07,155.0,0.0001147
VIB/BTC,1608727073994,2020-12-23T12:37:53.994Z,sell,7.4e-07,6742.0,0.00498908
VIB/BTC,1608727332679,2020-12-23T12:42:12.679Z,buy,7.5e-07,150.0,0.0001125
VIB/BTC,1608727372570,2020-12-23T12:42:52.570Z,buy,7.5e-07,200.0,0.00015
VIB/BTC,1608727380786,2020-12-23T12:43:00.786Z,sell,7.4e-07,350.0,0.000259
VIB/BTC,1608727411968,2020-12-23T12:43:31.968Z,sell,7.4e-07,13100.0,0.009694
VIB/BTC,1608727411968,2020-12-23T12:43:31.968Z,sell,7.4e-07,13100.0,0.009694
VIB/BTC,1608727579001,2020-12-23T12:46:19.001Z,sell,7.4e-07,3428.0,0.00253672
VIB/BTC,1608727705295,2020-12-23T12:48:25.295Z,sell,7.4e-07,4444.0,0.00328856
VIB/BTC,1608727705753,2020-12-23T12:48:25.753Z,sell,7.4e-07,1767.0,0.00130758
VIB/BTC,1608727706173,2020-12-23T12:48:26.173Z,sell,7.4e-07,6053.0,0.00447922
VIB/BTC,1608727946061,2020-12-23T12:52:26.061Z,sell,7.4e-07,2690.0,0.0019906
VIB/BTC,1608728755719,2020-12-23T13:05:55.719Z,sell,7.4e-07,26402.0,0.01953748
VIB/BTC,1608729220758,2020-12-23T13:13:40.758Z,sell,7.4e-07,4968.0,0.00367632
VIB/BTC,1608729246544,2020-12-23T13:14:06.544Z,sell,7.4e-07,115761.0,0.08566314
VIB/BTC,1608729878681,2020-12-23T13:24:38.681Z,sell,7.4e-07,3031.0,0.00224294
VIB/BTC,1608730150028,2020-12-23T13:29:10.028Z,sell,7.4e-07,12798.0,0.00947052
VIB/BTC,1608730150028,2020-12-23T13:29:10.028Z,sell,7.4e-07,12798.0,0.00947052
VIB/BTC,1608731608942,2020-12-23T13:53:28.942Z,sell,7.4e-07,11776.0,0.00871424
VIB/BTC,1608731651946,2020-12-23T13:54:11.946Z,sell,7.4e-07,61017.0,0.04515258
VIB/BTC,1608731652797,2020-12-23T13:54:12.797Z,sell,7.4e-07,3879.0,0.00287046
VIB/BTC,1608731652797,2020-12-23T13:54:12.797Z,sell,7.4e-07,3879.0,0.00287046
VIB/BTC,1608734406714,2020-12-23T14:40:06.714Z,sell,7.3e-07,3732.0,0.00272436
VIB/BTC,1608734907181,2020-12-23T14:48:27.181Z,buy,7.4e-07,5016.0,0.00371184
VIB/BTC,1608734941064,2020-12-23T14:49:01.064Z,buy,7.4e-07,1582.0,0.00117068
VIB/BTC,1608734998918,2020-12-23T14:49:58.918Z,sell,7.3e-07,150806.0,0.11008838
VIB/BTC,1608734998918,2020-12-23T14:49:58.918Z,sell,7.3e-07,150806.0,0.11008838
VIB/BTC,1608735363674,2020-12-23T14:56:03.674Z,sell,7.3e-07,450.0,0.0003285
VIB/BTC,1608736117644,2020-12-23T15:08:37.644Z,sell,7.3e-07,4583.0,0.00334559
VIB/BTC,1608737004158,2020-12-23T15:23:24.158Z,sell,7.3e-07,1398.0,0.00102054
VIB/BTC,1608737089786,2020-12-23T15:24:49.786Z,sell,7.3e-07,93333.0,0.06813309
VIB/BTC,1608737089786,2020-12-23T15:24:49.786Z,sell,7.3e-07,93333.0,0.06813309
VIB/BTC,1608738709533,2020-12-23T15:51:49.533Z,sell,7.3e-07,18900.0,0.013797
VIB/BTC,1608738779951,2020-12-23T15:52:59.951Z,sell,7.3e-07,55.0,4.015e-05
VIB/BTC,1608738779951,2020-12-23T15:52:59.951Z,sell,7.2e-07,433558.0,0.31216176
VIB/BTC,1608738779951,2020-12-23T15:52:59.951Z,sell,7.2e-07,4135.0,0.0029772
VIB/BTC,1608738789255,2020-12-23T15:53:09.255Z,buy,7.3e-07,1351.0,0.00098623
VIB/BTC,1608738789540,2020-12-23T15:53:09.540Z,buy,7.3e-07,1351.0,0.00098623
VIB/BTC,1608738794504,2020-12-23T15:53:14.504Z,sell,7.2e-07,6646.0,0.00478512
VIB/BTC,1608738796085,2020-12-23T15:53:16.085Z,sell,7.2e-07,112993.0,0.08135496
VIB/BTC,1608738805260,2020-12-23T15:53:25.260Z,buy,7.3e-07,1351.0,0.00098623
VIB/BTC,1608738805499,2020-12-23T15:53:25.499Z,buy,7.3e-07,1351.0,0.00098623
VIB/BTC,1608738826287,2020-12-23T15:53:46.287Z,buy,7.3e-07,1351.0,0.00098623
VIB/BTC,1608738826620,2020-12-23T15:53:46.620Z,buy,7.3e-07,1351.0,0.00098623
VIB/BTC,1608738840680,2020-12-23T15:54:00.680Z,sell,7.2e-07,6508.0,0.00468576
VIB/BTC,1608738871262,2020-12-23T15:54:31.262Z,buy,7.3e-07,1351.0,0.00098623
VIB/BTC,1608738871495,2020-12-23T15:54:31.495Z,buy,7.3e-07,1351.0,0.00098623
VIB/BTC,1608739350327,2020-12-23T16:02:30.327Z,sell,7.2e-07,13560.0,0.0097632
VIB/BTC,1608739351297,2020-12-23T16:02:31.297Z,buy,7.3e-07,1351.0,0.00098623
VIB/BTC,1608739351545,2020-12-23T16:02:31.545Z,buy,7.3e-07,1351.0,0.00098623
VIB/BTC,1608739493044,2020-12-23T16:04:53.044Z,buy,7.3e-07,11624.0,0.00848552
VIB/BTC,1608739938308,2020-12-23T16:12:18.308Z,buy,7.3e-07,23095.0,0.01685935
VIB/BTC,1608740030568,2020-12-23T16:13:50.568Z,buy,7.3e-07,2874.0,0.00209802
VIB/BTC,1608740489749,2020-12-23T16:21:29.749Z,buy,7.3e-07,5350.0,0.0039055
VIB/BTC,1608740489749,2020-12-23T16:21:29.749Z,buy,7.3e-07,5350.0,0.0039055
VIB/BTC,1608740704695,2020-12-23T16:25:04.695Z,buy,7.3e-07,11361.0,0.00829353
VIB/BTC,1608740705502,2020-12-23T16:25:05.502Z,buy,7.3e-07,16539.0,0.01207347
VIB/BTC,1608740718726,2020-12-23T16:25:18.726Z,buy,7.3e-07,5681.0,0.00414713
VIB/BTC,1608740734318,2020-12-23T16:25:34.318Z,buy,7.3e-07,8025.0,0.00585825
VIB/BTC,1608740740836,2020-12-23T16:25:40.836Z,buy,7.3e-07,214.0,0.00015622
VIB/BTC,1608740770351,2020-12-23T16:26:10.351Z,buy,7.3e-07,1351.0,0.00098623
VIB/BTC,1608740853193,2020-12-23T16:27:33.193Z,buy,7.3e-07,1351.0,0.00098623
VIB/BTC,1608740853201,2020-12-23T16:27:33.201Z,buy,7.3e-07,1351.0,0.00098623
VIB/BTC,1608741121672,2020-12-23T16:32:01.672Z,sell,7.2e-07,56845.0,0.0409284
VIB/BTC,1608741242703,2020-12-23T16:34:02.703Z,sell,7.2e-07,71644.0,0.05158368
VIB/BTC,1608741242703,2020-12-23T16:34:02.703Z,sell,7.1e-07,86356.0,0.06131276
VIB/BTC,1608741242703,2020-12-23T16:34:02.703Z,sell,7.1e-07,7148.0,0.00507508
VIB/BTC,1608741242703,2020-12-23T16:34:02.703Z,sell,7e-07,8715.0,0.0061005
VIB/BTC,1608741242703,2020-12-23T16:34:02.703Z,sell,7e-07,7931.0,0.0055517
VIB/BTC,1608741242703,2020-12-23T16:34:02.703Z,sell,7e-07,572.0,0.0004004
VIB/BTC,1608741242703,2020-12-23T16:34:02.703Z,sell,7e-07,1585.0,0.0011095
VIB/BTC,1608741242703,2020-12-23T16:34:02.703Z,sell,7e-07,1586.0,0.0011102
VIB/BTC,1608741257218,2020-12-23T16:34:17.218Z,sell,7.1e-07,2593.0,0.00184103
VIB/BTC,1608741299247,2020-12-23T16:34:59.247Z,buy,7.2e-07,1408.0,0.00101376
VIB/BTC,1608741373056,2020-12-23T16:36:13.056Z,buy,7.2e-07,25982.0,0.01870704
VIB/BTC,1608741555623,2020-12-23T16:39:15.623Z,buy,7.2e-07,305.0,0.0002196
VIB/BTC,1608741555779,2020-12-23T16:39:15.779Z,buy,7.2e-07,251.0,0.00018072
VIB/BTC,1608741657703,2020-12-23T16:40:57.703Z,buy,7.2e-07,62875.0,0.04527
VIB/BTC,1608742203004,2020-12-23T16:50:03.004Z,buy,7.2e-07,146.0,0.00010512
VIB/BTC,1608743274952,2020-12-23T17:07:54.952Z,sell,7.1e-07,28310.0,0.0201001
VIB/BTC,1608743275017,2020-12-23T17:07:55.017Z,buy,7.1e-07,52.0,3.692e-05
VIB/BTC,1608743275357,2020-12-23T17:07:55.357Z,buy,7.1e-07,1956.0,0.00138876
VIB/BTC,1608743287966,2020-12-23T17:08:07.966Z,buy,7.1e-07,141.0,0.00010011
VIB/BTC,1608743445204,2020-12-23T17:10:45.204Z,sell,7e-07,4731.0,0.0033117
VIB/BTC,1608743487217,2020-12-23T17:11:27.217Z,buy,7.1e-07,2138.0,0.00151798
VIB/BTC,1608743638060,2020-12-23T17:13:58.060Z,buy,7.1e-07,9092.0,0.00645532
VIB/BTC,1608743638094,2020-12-23T17:13:58.094Z,buy,7.1e-07,9092.0,0.00645532
VIB/BTC,1608743638124,2020-12-23T17:13:58.124Z,buy,7.1e-07,3230.0,0.0022933
VIB/BTC,1608743914987,2020-12-23T17:18:34.987Z,buy,7.1e-07,170.0,0.0001206999999999
VIB/BTC,1608744003854,2020-12-23T17:20:03.854Z,buy,7.1e-07,3530.0,0.0025063
VIB/BTC,1608744003854,2020-12-23T17:20:03.854Z,buy,7.1e-07,3530.0,0.0025063
VIB/BTC,1608744148258,2020-12-23T17:22:28.258Z,buy,7.1e-07,677.0,0.00048067
VIB/BTC,1608744302471,2020-12-23T17:25:02.471Z,buy,7.1e-07,220.0,0.0001562
VIB/BTC,1608744468688,2020-12-23T17:27:48.688Z,sell,7e-07,2496.0,0.0017472
VIB/BTC,1608744487096,2020-12-23T17:28:07.096Z,buy,7.1e-07,9092.0,0.00645532
VIB/BTC,1608744487124,2020-12-23T17:28:07.124Z,buy,7.1e-07,9092.0,0.00645532
VIB/BTC,1608744487161,2020-12-23T17:28:07.161Z,buy,7.1e-07,4319.0,0.00306649
VIB/BTC,1608744487178,2020-12-23T17:28:07.178Z,buy,7.1e-07,4317.0,0.00306507
VIB/BTC,1608744567042,2020-12-23T17:29:27.042Z,buy,7.1e-07,141.0,0.00010011
VIB/BTC,1608744640323,2020-12-23T17:30:40.323Z,buy,7.1e-07,141.0,0.00010011
VIB/BTC,1608744922549,2020-12-23T17:35:22.549Z,buy,7.1e-07,9092.0,0.00645532
VIB/BTC,1608744922652,2020-12-23T17:35:22.652Z,buy,7.1e-07,18359.0,0.01303489
VIB/BTC,1608745198760,2020-12-23T17:39:58.760Z,buy,7.1e-07,211267.0,0.14999957
VIB/BTC,1608745324490,2020-12-23T17:42:04.490Z,buy,7.1e-07,6144.0,0.00436224
VIB/BTC,1608745350024,2020-12-23T17:42:30.024Z,buy,7.1e-07,7992.0,0.00567432
VIB/BTC,1608745350026,2020-12-23T17:42:30.026Z,buy,7.1e-07,17714.0,0.01257694
VIB/BTC,1608745350126,2020-12-23T17:42:30.126Z,buy,7.1e-07,3232.0,0.00229472
VIB/BTC,1608745413104,2020-12-23T17:43:33.104Z,buy,7.1e-07,61628.0,0.04375588
VIB/BTC,1608745512103,2020-12-23T17:45:12.103Z,buy,7.1e-07,20413.0,0.01449323
VIB/BTC,1608745690880,2020-12-23T17:48:10.880Z,buy,7.1e-07,3103.0,0.0022031299999999
VIB/BTC,1608745990374,2020-12-23T17:53:10.374Z,buy,7.1e-07,743.0,0.00052753
VIB/BTC,1608746026089,2020-12-23T17:53:46.089Z,sell,7e-07,2999.0,0.0020992999999999
VIB/BTC,1608746060119,2020-12-23T17:54:20.119Z,buy,7.1e-07,7097.0,0.00503887
VIB/BTC,1608746197317,2020-12-23T17:56:37.317Z,buy,7.1e-07,10000.0,0.0070999999999999
VIB/BTC,1608746285751,2020-12-23T17:58:05.751Z,sell,7e-07,41334.0,0.0289338
VIB/BTC,1608746285949,2020-12-23T17:58:05.949Z,sell,7e-07,151.0,0.0001057
VIB/BTC,1608746417095,2020-12-23T18:00:17.095Z,sell,7e-07,7089.0,0.0049622999999999
VIB/BTC,1608746588737,2020-12-23T18:03:08.737Z,sell,7e-07,3099.0,0.0021693
VIB/BTC,1608746718054,2020-12-23T18:05:18.054Z,buy,7.1e-07,979.0,0.00069509
VIB/BTC,1608747352659,2020-12-23T18:15:52.659Z,buy,7.1e-07,78683.0,0.05586493
VIB/BTC,1608747488200,2020-12-23T18:18:08.200Z,sell,7e-07,70725.0,0.0495074999999999
VIB/BTC,1608747488217,2020-12-23T18:18:08.217Z,buy,7e-07,2634.0,0.0018437999999999
VIB/BTC,1608747488298,2020-12-23T18:18:08.298Z,buy,7e-07,4605.0,0.0032235
VIB/BTC,1608747488321,2020-12-23T18:18:08.321Z,buy,7e-07,640.0,0.000448
VIB/BTC,1608747488417,2020-12-23T18:18:08.417Z,buy,7e-07,1814.0,0.0012698
VIB/BTC,1608747488417,2020-12-23T18:18:08.417Z,buy,7e-07,1814.0,0.0012698
VIB/BTC,1608747787949,2020-12-23T18:23:07.949Z,buy,7.1e-07,17735.0,0.01259185
VIB/BTC,1608747787954,2020-12-23T18:23:07.954Z,buy,7.1e-07,9092.0,0.00645532
VIB/BTC,1608747881866,2020-12-23T18:24:41.866Z,buy,7.1e-07,50.0,3.55e-05
VIB/BTC,1608748561207,2020-12-23T18:36:01.207Z,buy,7.1e-07,168.0,0.00011928
VIB/BTC,1608749266760,2020-12-23T18:47:46.760Z,sell,7e-07,726.0,0.0005082
VIB/BTC,1608749860879,2020-12-23T18:57:40.879Z,sell,7e-07,420.0,0.000294
VIB/BTC,1608750286662,2020-12-23T19:04:46.662Z,buy,7.1e-07,555.0,0.00039405
VIB/BTC,1608750286662,2020-12-23T19:04:46.662Z,buy,7.1e-07,555.0,0.00039405
VIB/BTC,1608751745033,2020-12-23T19:29:05.033Z,buy,7.1e-07,2648.0,0.00188008
VIB/BTC,1608751889464,2020-12-23T19:31:29.464Z,buy,7.1e-07,2188.0,0.0015534799999999
VIB/BTC,1608752948682,2020-12-23T19:49:08.682Z,sell,7e-07,211267.0,0.1478869
VIB/BTC,1608753749903,2020-12-23T20:02:29.903Z,sell,7e-07,47786.0,0.0334502
VIB/BTC,1608753749903,2020-12-23T20:02:29.903Z,sell,7e-07,47786.0,0.0334502
VIB/BTC,1608754567908,2020-12-23T20:16:07.908Z,sell,7e-07,9898.0,0.0069286
VIB/BTC,1608755232996,2020-12-23T20:27:12.996Z,buy,7.1e-07,36272.0,0.02575312
VIB/BTC,1608755557560,2020-12-23T20:32:37.560Z,buy,7.1e-07,3500.0,0.002485
VIB/BTC,1608755885528,2020-12-23T20:38:05.528Z,sell,7e-07,4363.0,0.0030540999999999
VIB/BTC,1608756042717,2020-12-23T20:40:42.717Z,buy,7.1e-07,162.0,0.0001150199999999
VIB/BTC,1608756119234,2020-12-23T20:41:59.234Z,buy,7.1e-07,142441.0,0.10113311
VIB/BTC,1608756233618,2020-12-23T20:43:53.618Z,buy,7.1e-07,900704.0,0.6394998399999999
VIB/BTC,1608756240911,2020-12-23T20:44:00.911Z,buy,7.1e-07,867405.0,0.61585755
VIB/BTC,1608756248889,2020-12-23T20:44:08.889Z,buy,7.1e-07,780152.0,0.55390792
VIB/BTC,1608756255985,2020-12-23T20:44:15.985Z,buy,7.1e-07,939327.0,0.66692217
VIB/BTC,1608756259799,2020-12-23T20:44:19.799Z,buy,7.1e-07,206652.0,0.14672292
VIB/BTC,1608756267878,2020-12-23T20:44:27.878Z,buy,7.1e-07,939327.0,0.66692217
VIB/BTC,1608756271538,2020-12-23T20:44:31.538Z,buy,7.1e-07,206652.0,0.14672292
VIB/BTC,1608756278498,2020-12-23T20:44:38.498Z,buy,7.1e-07,929934.0,0.66025314
VIB/BTC,1608756281085,2020-12-23T20:44:41.085Z,buy,7.1e-07,178472.0,0.12671512
VIB/BTC,1608756285303,2020-12-23T20:44:45.303Z,buy,7.1e-07,75146.0,0.05335366
VIB/BTC,1608756306070,2020-12-23T20:45:06.070Z,buy,7.1e-07,1002.0,0.0007114199999999
VIB/BTC,1608756311308,2020-12-23T20:45:11.308Z,buy,7.1e-07,1000.0,0.00071
VIB/BTC,1608756315818,2020-12-23T20:45:15.818Z,buy,7.1e-07,479.0,0.00034009
VIB/BTC,1608756455231,2020-12-23T20:47:35.231Z,buy,7.1e-07,47256.0,0.03355176
VIB/BTC,1608756458245,2020-12-23T20:47:38.245Z,buy,7.1e-07,47256.0,0.03355176
VIB/BTC,1608756461250,2020-12-23T20:47:41.250Z,buy,7.1e-07,11545.0,0.00819695
VIB/BTC,1608756463945,2020-12-23T20:47:43.945Z,sell,7.1e-07,6152.0,0.00436792
VIB/BTC,1608756464397,2020-12-23T20:47:44.397Z,sell,7.1e-07,3552.0,0.00252192
VIB/BTC,1608756483108,2020-12-23T20:48:03.108Z,sell,7.1e-07,1582.0,0.0011232199999999
VIB/BTC,1608756483486,2020-12-23T20:48:03.486Z,buy,7.1e-07,946867.0,0.6722755699999999
VIB/BTC,1608756486981,2020-12-23T20:48:06.981Z,buy,7.1e-07,56907.0,0.04040397
VIB/BTC,1608756488943,2020-12-23T20:48:08.943Z,buy,7.1e-07,28453.0,0.0202016299999999
VIB/BTC,1608756493525,2020-12-23T20:48:13.525Z,buy,7.1e-07,66391.0,0.0471376099999999
VIB/BTC,1608756498651,2020-12-23T20:48:18.651Z,buy,7.1e-07,948449.0,0.67339879
VIB/BTC,1608756501058,2020-12-23T20:48:21.058Z,buy,7.1e-07,151752.0,0.1077439199999999
VIB/BTC,1608756501170,2020-12-23T20:48:21.170Z,buy,7.1e-07,43562.0,0.0309290199999999
VIB/BTC,1608756504177,2020-12-23T20:48:24.177Z,buy,7.1e-07,40515.0,0.02876565
VIB/BTC,1608756510223,2020-12-23T20:48:30.223Z,buy,7.2e-07,2568.0,0.00184896
VIB/BTC,1608756558278,2020-12-23T20:49:18.278Z,sell,7e-07,2500.0,0.0017499999999999
VIB/BTC,1608756770730,2020-12-23T20:52:50.730Z,sell,7e-07,12671.0,0.0088697
VIB/BTC,1608756812369,2020-12-23T20:53:32.369Z,buy,7.1e-07,31324.0,0.02224004
VIB/BTC,1608756816960,2020-12-23T20:53:36.960Z,buy,7.1e-07,3206.0,0.00227626
VIB/BTC,1608756895376,2020-12-23T20:54:55.376Z,sell,7e-07,25400.0,0.01778
VIB/BTC,1608756915693,2020-12-23T20:55:15.693Z,sell,7e-07,76988.0,0.0538916
VIB/BTC,1608756917136,2020-12-23T20:55:17.136Z,sell,7e-07,9396.0,0.0065772
VIB/BTC,1608756918182,2020-12-23T20:55:18.182Z,sell,7e-07,51142.0,0.0357993999999999
VIB/BTC,1608756920311,2020-12-23T20:55:20.311Z,sell,7e-07,77736.0,0.0544152
VIB/BTC,1608756928326,2020-12-23T20:55:28.326Z,sell,7e-07,54010.0,0.037807
VIB/BTC,1608756992591,2020-12-23T20:56:32.591Z,sell,7e-07,4093.0,0.0028650999999999
VIB/BTC,1608757014904,2020-12-23T20:56:54.904Z,sell,7e-07,154847.0,0.1083929
VIB/BTC,1608757015344,2020-12-23T20:56:55.344Z,buy,7e-07,704343.0,0.4930401
VIB/BTC,1608757035381,2020-12-23T20:57:15.381Z,sell,7e-07,21130.0,0.0147909999999999
VIB/BTC,1608757038101,2020-12-23T20:57:18.101Z,sell,7e-07,35217.0,0.0246518999999999
VIB/BTC,1608757148550,2020-12-23T20:59:08.550Z,sell,7e-07,13375.0,0.0093625
VIB/BTC,1608757148554,2020-12-23T20:59:08.554Z,sell,7e-07,16709.0,0.0116963
VIB/BTC,1608757195597,2020-12-23T20:59:55.597Z,sell,7e-07,7122.0,0.0049854
VIB/BTC,1608757195724,2020-12-23T20:59:55.724Z,sell,7e-07,7122.0,0.0049854
VIB/BTC,1608757195759,2020-12-23T20:59:55.759Z,sell,7e-07,14114.0,0.0098798
VIB/BTC,1608757214593,2020-12-23T21:00:14.593Z,sell,7e-07,3206.0,0.0022442
VIB/BTC,1608757244134,2020-12-23T21:00:44.134Z,sell,7e-07,2000.0,0.0014
VIB/BTC,1608757345449,2020-12-23T21:02:25.449Z,sell,7e-07,846.0,0.0005922
VIB/BTC,1608757345449,2020-12-23T21:02:25.449Z,sell,7e-07,846.0,0.0005922
VIB/BTC,1608757400756,2020-12-23T21:03:20.756Z,buy,7.1e-07,1886.0,0.00133906
VIB/BTC,1608757518940,2020-12-23T21:05:18.940Z,sell,7e-07,161609.0,0.1131263
VIB/BTC,1608757518951,2020-12-23T21:05:18.951Z,buy,7e-07,149.0,0.0001043
VIB/BTC,1608757518979,2020-12-23T21:05:18.979Z,buy,7e-07,1000.0,0.0007
VIB/BTC,1608757519273,2020-12-23T21:05:19.273Z,buy,7e-07,612251.0,0.4285757
VIB/BTC,1608757528115,2020-12-23T21:05:28.115Z,sell,7e-07,94125.0,0.0658875
VIB/BTC,1608757528534,2020-12-23T21:05:28.534Z,buy,7e-07,682188.0,0.4775316
VIB/BTC,1608757541295,2020-12-23T21:05:41.295Z,sell,7e-07,290944.0,0.2036608
VIB/BTC,1608757541708,2020-12-23T21:05:41.708Z,buy,7e-07,479813.0,0.3358691
VIB/BTC,1608757542149,2020-12-23T21:05:42.149Z,sell,7e-07,91959.0,0.0643712999999999
VIB/BTC,1608757553384,2020-12-23T21:05:53.384Z,sell,7e-07,34509.0,0.0241563
VIB/BTC,1608757556719,2020-12-23T21:05:56.719Z,sell,7e-07,8627.0,0.0060389
VIB/BTC,1608757558327,2020-12-23T21:05:58.327Z,sell,7e-07,17254.0,0.0120778
VIB/BTC,1608757564437,2020-12-23T21:06:04.437Z,sell,7e-07,7254.0,0.0050777999999999
VIB/BTC,1608757567839,2020-12-23T21:06:07.839Z,sell,7e-07,4917.0,0.0034419
VIB/BTC,1608757571906,2020-12-23T21:06:11.906Z,sell,7e-07,7241.0,0.0050687
VIB/BTC,1608757577423,2020-12-23T21:06:17.423Z,sell,7e-07,8627.0,0.0060389
VIB/BTC,1608757581191,2020-12-23T21:06:21.191Z,sell,7e-07,4121.0,0.0028847
VIB/BTC,1608757585665,2020-12-23T21:06:25.665Z,sell,7e-07,552.0,0.0003863999999999
VIB/BTC,1608757589470,2020-12-23T21:06:29.470Z,sell,7e-07,6257.0,0.0043799
VIB/BTC,1608757593273,2020-12-23T21:06:33.273Z,sell,7e-07,3019.0,0.0021133
VIB/BTC,1608757597391,2020-12-23T21:06:37.391Z,sell,7e-07,1380.0,0.000966
VIB/BTC,1608757601988,2020-12-23T21:06:41.988Z,sell,7e-07,2846.0,0.0019922
VIB/BTC,1608757607609,2020-12-23T21:06:47.609Z,sell,7e-07,5002.0,0.0035014
VIB/BTC,1608757613444,2020-12-23T21:06:53.444Z,sell,7e-07,34509.0,0.0241563
VIB/BTC,1608757616774,2020-12-23T21:06:56.774Z,sell,7e-07,17254.0,0.0120778
VIB/BTC,1608757626472,2020-12-23T21:07:06.472Z,sell,7e-07,2881.0,0.0020166999999999
VIB/BTC,1608757631838,2020-12-23T21:07:11.838Z,sell,7e-07,1763.0,0.0012341
VIB/BTC,1608757634936,2020-12-23T21:07:14.936Z,sell,7e-07,4509.0,0.0031563
VIB/BTC,1608757640274,2020-12-23T21:07:20.274Z,sell,7e-07,5289.0,0.0037023
VIB/BTC,1608757643897,2020-12-23T21:07:23.897Z,sell,7e-07,4104.0,0.0028728
VIB/BTC,1608757648155,2020-12-23T21:07:28.155Z,sell,7e-07,2243.0,0.0015700999999999
VIB/BTC,1608757651254,2020-12-23T21:07:31.254Z,sell,7e-07,9407.0,0.0065848999999999
VIB/BTC,1608757654519,2020-12-23T21:07:34.519Z,sell,7e-07,21567.0,0.0150969
VIB/BTC,1608757658572,2020-12-23T21:07:38.572Z,sell,7e-07,9017.0,0.0063119
VIB/BTC,1608757664522,2020-12-23T21:07:44.522Z,sell,7e-07,3450.0,0.002415
VIB/BTC,1608757668507,2020-12-23T21:07:48.507Z,sell,7e-07,500.0,0.00035
VIB/BTC,1608757670139,2020-12-23T21:07:50.139Z,sell,7e-07,500.0,0.00035
VIB/BTC,1608757671784,2020-12-23T21:07:51.784Z,sell,7e-07,550.0,0.000385
VIB/BTC,1608757673755,2020-12-23T21:07:53.755Z,sell,7e-07,500.0,0.00035
VIB/BTC,1608757675711,2020-12-23T21:07:55.711Z,sell,7e-07,500.0,0.00035
VIB/BTC,1608757677240,2020-12-23T21:07:57.240Z,sell,7e-07,500.0,0.00035
VIB/BTC,1608757679006,2020-12-23T21:07:59.006Z,sell,7e-07,500.0,0.00035
VIB/BTC,1608757680585,2020-12-23T21:08:00.585Z,sell,7e-07,500.0,0.00035
VIB/BTC,1608757681891,2020-12-23T21:08:01.891Z,sell,7e-07,500.0,0.00035
VIB/BTC,1608757683407,2020-12-23T21:08:03.407Z,sell,7e-07,500.0,0.00035
VIB/BTC,1608757684800,2020-12-23T21:08:04.800Z,sell,7e-07,500.0,0.00035
VIB/BTC,1608757686376,2020-12-23T21:08:06.376Z,sell,7e-07,500.0,0.00035
VIB/BTC,1608757688017,2020-12-23T21:08:08.017Z,sell,7e-07,500.0,0.00035
VIB/BTC,1608757689493,2020-12-23T21:08:09.493Z,sell,7e-07,500.0,0.00035
VIB/BTC,1608757690774,2020-12-23T21:08:10.774Z,sell,7e-07,500.0,0.00035
VIB/BTC,1608757692478,2020-12-23T21:08:12.478Z,sell,7e-07,500.0,0.00035
VIB/BTC,1608757693733,2020-12-23T21:08:13.733Z,sell,7e-07,500.0,0.00035
VIB/BTC,1608757694925,2020-12-23T21:08:14.925Z,sell,7e-07,500.0,0.00035
VIB/BTC,1608757696279,2020-12-23T21:08:16.279Z,sell,7e-07,500.0,0.00035
VIB/BTC,1608757697596,2020-12-23T21:08:17.596Z,sell,7e-07,500.0,0.00035
VIB/BTC,1608757702926,2020-12-23T21:08:22.926Z,sell,7e-07,899.0,0.0006293
VIB/BTC,1608757702983,2020-12-23T21:08:22.983Z,sell,7e-07,29014.0,0.0203098
VIB/BTC,1608757717301,2020-12-23T21:08:37.301Z,buy,7.1e-07,182.0,0.0001292199999999
VIB/BTC,1608757721472,2020-12-23T21:08:41.472Z,buy,7.1e-07,200.0,0.0001419999999999
VIB/BTC,1608757722681,2020-12-23T21:08:42.681Z,buy,7.1e-07,200.0,0.0001419999999999
VIB/BTC,1608757724018,2020-12-23T21:08:44.018Z,buy,7.1e-07,200.0,0.0001419999999999
VIB/BTC,1608757725338,2020-12-23T21:08:45.338Z,buy,7.1e-07,200.0,0.0001419999999999
VIB/BTC,1608757733706,2020-12-23T21:08:53.706Z,buy,7.1e-07,200.0,0.0001419999999999
VIB/BTC,1608757735026,2020-12-23T21:08:55.026Z,buy,7.1e-07,200.0,0.0001419999999999
VIB/BTC,1608757736442,2020-12-23T21:08:56.442Z,buy,7.1e-07,200.0,0.0001419999999999
VIB/BTC,1608757737755,2020-12-23T21:08:57.755Z,buy,7.1e-07,200.0,0.0001419999999999
VIB/BTC,1608757739188,2020-12-23T21:08:59.188Z,buy,7.1e-07,200.0,0.0001419999999999
VIB/BTC,1608757740365,2020-12-23T21:09:00.365Z,buy,7.1e-07,200.0,0.0001419999999999
VIB/BTC,1608757741684,2020-12-23T21:09:01.684Z,buy,7.1e-07,200.0,0.0001419999999999
VIB/BTC,1608757742982,2020-12-23T21:09:02.982Z,buy,7.1e-07,200.0,0.0001419999999999
VIB/BTC,1608757744249,2020-12-23T21:09:04.249Z,buy,7.1e-07,200.0,0.0001419999999999
VIB/BTC,1608757746219,2020-12-23T21:09:06.219Z,buy,7.1e-07,200.0,0.0001419999999999
VIB/BTC,1608757747755,2020-12-23T21:09:07.755Z,buy,7.1e-07,200.0,0.0001419999999999
VIB/BTC,1608757751991,2020-12-23T21:09:11.991Z,buy,7.1e-07,200.0,0.0001419999999999
VIB/BTC,1608757753518,2020-12-23T21:09:13.518Z,buy,7.1e-07,200.0,0.0001419999999999
VIB/BTC,1608757754749,2020-12-23T21:09:14.749Z,buy,7.1e-07,200.0,0.0001419999999999
VIB/BTC,1608757756078,2020-12-23T21:09:16.078Z,buy,7.1e-07,200.0,0.0001419999999999
VIB/BTC,1608757757342,2020-12-23T21:09:17.342Z,buy,7.1e-07,200.0,0.0001419999999999
VIB/BTC,1608757758541,2020-12-23T21:09:18.541Z,buy,7.1e-07,200.0,0.0001419999999999
VIB/BTC,1608757759894,2020-12-23T21:09:19.894Z,buy,7.1e-07,200.0,0.0001419999999999
VIB/BTC,1608757761184,2020-12-23T21:09:21.184Z,buy,7.1e-07,200.0,0.0001419999999999
VIB/BTC,1608757762361,2020-12-23T21:09:22.361Z,buy,7.1e-07,200.0,0.0001419999999999
VIB/BTC,1608757765898,2020-12-23T21:09:25.898Z,buy,7.1e-07,200.0,0.0001419999999999
VIB/BTC,1608757767486,2020-12-23T21:09:27.486Z,buy,7.1e-07,200.0,0.0001419999999999
VIB/BTC,1608757768656,2020-12-23T21:09:28.656Z,buy,7.1e-07,200.0,0.0001419999999999
VIB/BTC,1608757770035,2020-12-23T21:09:30.035Z,buy,7.1e-07,200.0,0.0001419999999999
VIB/BTC,1608757771222,2020-12-23T21:09:31.222Z,buy,7.1e-07,200.0,0.0001419999999999
VIB/BTC,1608757772569,2020-12-23T21:09:32.569Z,buy,7.1e-07,200.0,0.0001419999999999
VIB/BTC,1608758172575,2020-12-23T21:16:12.575Z,sell,7e-07,62902.0,0.0440314
VIB/BTC,1608758231796,2020-12-23T21:17:11.796Z,sell,7e-07,143.0,0.0001001
VIB/BTC,1608758588326,2020-12-23T21:23:08.326Z,sell,6.9e-07,447.0,0.00030843
VIB/BTC,1608758588326,2020-12-23T21:23:08.326Z,sell,6.9e-07,14000.0,0.00966
VIB/BTC,1608758588326,2020-12-23T21:23:08.326Z,sell,6.9e-07,1299.0,0.00089631
VIB/BTC,1608758695407,2020-12-23T21:24:55.407Z,sell,6.9e-07,1470.0,0.0010142999999999
VIB/BTC,1608758751408,2020-12-23T21:25:51.408Z,buy,7e-07,144100.0,0.10087
VIB/BTC,1608758779070,2020-12-23T21:26:19.070Z,buy,7e-07,1408.0,0.0009855999999999
VIB/BTC,1608758779668,2020-12-23T21:26:19.668Z,buy,7e-07,203.0,0.0001420999999999
VIB/BTC,1608758793309,2020-12-23T21:26:33.309Z,sell,6.9e-07,2764.0,0.00190716
VIB/BTC,1608758822497,2020-12-23T21:27:02.497Z,buy,7e-07,2598.0,0.0018185999999999
VIB/BTC,1608758871073,2020-12-23T21:27:51.073Z,sell,6.9e-07,222406.0,0.15346014
VIB/BTC,1608758984879,2020-12-23T21:29:44.879Z,buy,6.9e-07,4286.0,0.0029573399999999
VIB/BTC,1608759001167,2020-12-23T21:30:01.167Z,buy,7e-07,256229.0,0.1793603
VIB/BTC,1608759068840,2020-12-23T21:31:08.840Z,sell,6.9e-07,145.0,0.0001000499999999
VIB/BTC,1608759068840,2020-12-23T21:31:08.840Z,sell,6.8e-07,11137.0,0.00757316
VIB/BTC,1608759095678,2020-12-23T21:31:35.678Z,sell,6.8e-07,196773.0,0.13380564
VIB/BTC,1608759116469,2020-12-23T21:31:56.469Z,buy,6.9e-07,1730.0,0.0011937
VIB/BTC,1608759384749,2020-12-23T21:36:24.749Z,sell,6.8e-07,200000.0,0.1359999999999999
VIB/BTC,1608759606115,2020-12-23T21:40:06.115Z,buy,6.9e-07,41042.0,0.0283189799999999
VIB/BTC,1608759757124,2020-12-23T21:42:37.124Z,sell,6.8e-07,122833.0,0.08352644
VIB/BTC,1608759757144,2020-12-23T21:42:37.144Z,buy,6.8e-07,3823.0,0.00259964
VIB/BTC,1608759757176,2020-12-23T21:42:37.176Z,buy,6.8e-07,4676.0,0.00317968
VIB/BTC,1608759757583,2020-12-23T21:42:37.583Z,buy,6.8e-07,3501.0,0.0023806799999999
VIB/BTC,1608759758138,2020-12-23T21:42:38.138Z,buy,6.8e-07,2765.0,0.0018801999999999
VIB/BTC,1608759770071,2020-12-23T21:42:50.071Z,buy,6.8e-07,14971.0,0.01018028
VIB/BTC,1608759776083,2020-12-23T21:42:56.083Z,buy,6.8e-07,18113.0,0.0123168399999999
VIB/BTC,1608759842826,2020-12-23T21:44:02.826Z,buy,6.8e-07,520.0,0.0003536
VIB/BTC,1608759843183,2020-12-23T21:44:03.183Z,buy,6.8e-07,980.0,0.0006663999999999
VIB/BTC,1608759861495,2020-12-23T21:44:21.495Z,buy,6.8e-07,17403.0,0.0118340399999999
VIB/BTC,1608759872501,2020-12-23T21:44:32.501Z,buy,6.8e-07,153.0,0.0001040399999999
VIB/BTC,1608759941245,2020-12-23T21:45:41.245Z,sell,6.7e-07,84269.0,0.05646023
VIB/BTC,1608760045347,2020-12-23T21:47:25.347Z,buy,6.8e-07,176.0,0.0001196799999999
VIB/BTC,1608760132021,2020-12-23T21:48:52.021Z,sell,6.7e-07,21209.0,0.01421003
VIB/BTC,1608760147538,2020-12-23T21:49:07.538Z,buy,6.8e-07,256.0,0.00017408
VIB/BTC,1608760218605,2020-12-23T21:50:18.605Z,buy,6.8e-07,174.0,0.0001183199999999
VIB/BTC,1608760227099,2020-12-23T21:50:27.099Z,buy,6.8e-07,1367.0,0.00092956
VIB/BTC,1608760227099,2020-12-23T21:50:27.099Z,buy,6.8e-07,1367.0,0.00092956
VIB/BTC,1608761444012,2020-12-23T22:10:44.012Z,buy,6.8e-07,205.0,0.0001394
VIB/BTC,1608761466194,2020-12-23T22:11:06.194Z,buy,6.8e-07,1408.0,0.0009574399999999
VIB/BTC,1608761562878,2020-12-23T22:12:42.878Z,sell,6.7e-07,362.0,0.00024254
VIB/BTC,1608761572708,2020-12-23T22:12:52.708Z,sell,6.7e-07,7693.0,0.00515431
VIB/BTC,1608761572742,2020-12-23T22:12:52.742Z,sell,6.7e-07,7541.0,0.00505247
VIB/BTC,1608761572779,2020-12-23T22:12:52.779Z,sell,6.7e-07,7541.0,0.00505247
VIB/BTC,1608761572790,2020-12-23T22:12:52.790Z,sell,6.7e-07,7730.0,0.0051791
VIB/BTC,1608761572810,2020-12-23T22:12:52.810Z,sell,6.7e-07,9957.0,0.00667119
VIB/BTC,1608761578007,2020-12-23T22:12:58.007Z,sell,6.7e-07,14215.0,0.00952405
VIB/BTC,1608761599299,2020-12-23T22:13:19.299Z,sell,6.7e-07,7653.0,0.00512751
VIB/BTC,1608761599303,2020-12-23T22:13:19.303Z,sell,6.7e-07,17403.0,0.01166001
VIB/BTC,1608761649693,2020-12-23T22:14:09.693Z,sell,6.7e-07,18113.0,0.01213571
VIB/BTC,1608761678521,2020-12-23T22:14:38.521Z,sell,6.7e-07,14648.0,0.00981416
VIB/BTC,1608761681495,2020-12-23T22:14:41.495Z,buy,6.8e-07,4602.0,0.00312936
VIB/BTC,1608761744332,2020-12-23T22:15:44.332Z,buy,6.8e-07,11166.0,0.00759288
VIB/BTC,1608761786386,2020-12-23T22:16:26.386Z,sell,6.7e-07,14879.0,0.00996893
VIB/BTC,1608761786386,2020-12-23T22:16:26.386Z,sell,6.6e-07,46749.0,0.03085434
VIB/BTC,1608761795172,2020-12-23T22:16:35.172Z,buy,6.7e-07,17579.0,0.01177793
VIB/BTC,1608761805547,2020-12-23T22:16:45.547Z,buy,6.7e-07,15816.0,0.01059672
VIB/BTC,1608761812926,2020-12-23T22:16:52.926Z,buy,6.7e-07,2454.0,0.00164418
VIB/BTC,1608761816524,2020-12-23T22:16:56.524Z,buy,6.7e-07,2455.0,0.00164485
VIB/BTC,1608761820572,2020-12-23T22:17:00.572Z,buy,6.7e-07,2454.0,0.00164418
VIB/BTC,1608761824562,2020-12-23T22:17:04.562Z,buy,6.7e-07,2455.0,0.00164485
VIB/BTC,1608761828625,2020-12-23T22:17:08.625Z,buy,6.7e-07,2452.0,0.00164284
VIB/BTC,1608761832553,2020-12-23T22:17:12.553Z,buy,6.7e-07,2452.0,0.00164284
VIB/BTC,1608761832873,2020-12-23T22:17:12.873Z,buy,6.7e-07,1685.0,0.00112895
VIB/BTC,1608761836603,2020-12-23T22:17:16.603Z,buy,6.7e-07,1158.0,0.00077586
VIB/BTC,1608761931385,2020-12-23T22:18:51.385Z,buy,6.7e-07,248.0,0.00016616
VIB/BTC,1608761953121,2020-12-23T22:19:13.121Z,buy,6.7e-07,2816.0,0.00188672
VIB/BTC,1608762047110,2020-12-23T22:20:47.110Z,buy,6.6e-07,756.0,0.00049896
VIB/BTC,1608762056556,2020-12-23T22:20:56.556Z,buy,6.6e-07,1849.0,0.00122034
VIB/BTC,1608762101091,2020-12-23T22:21:41.091Z,buy,6.6e-07,152.0,0.00010032
VIB/BTC,1608762120577,2020-12-23T22:22:00.577Z,sell,6.5e-07,13510.0,0.0087815
VIB/BTC,1608762120577,2020-12-23T22:22:00.577Z,sell,6.5e-07,6000.0,0.0039
VIB/BTC,1608762128480,2020-12-23T22:22:08.480Z,sell,6.5e-07,23072.0,0.0149968
VIB/BTC,1608762130021,2020-12-23T22:22:10.021Z,sell,6.5e-07,4166.0,0.0027079
VIB/BTC,1608762130699,2020-12-23T22:22:10.699Z,buy,6.6e-07,3209.0,0.00211794
VIB/BTC,1608762140200,2020-12-23T22:22:20.200Z,sell,6.5e-07,2353.0,0.00152945
VIB/BTC,1608762140272,2020-12-23T22:22:20.272Z,sell,6.5e-07,6589.0,0.00428285
VIB/BTC,1608762140589,2020-12-23T22:22:20.589Z,sell,6.5e-07,16477.0,0.01071005
VIB/BTC,1608762146546,2020-12-23T22:22:26.546Z,sell,6.5e-07,2112.0,0.0013728
VIB/BTC,1608762160265,2020-12-23T22:22:40.265Z,sell,6.5e-07,3855.0,0.00250575
VIB/BTC,1608762160632,2020-12-23T22:22:40.632Z,sell,6.5e-07,2353.0,0.00152945
VIB/BTC,1608762162153,2020-12-23T22:22:42.153Z,sell,6.5e-07,2080.0,0.001352
VIB/BTC,1608762166310,2020-12-23T22:22:46.310Z,sell,6.5e-07,1835.0,0.00119275
VIB/BTC,1608762170075,2020-12-23T22:22:50.075Z,sell,6.5e-07,4770.0,0.0031005
VIB/BTC,1608762203306,2020-12-23T22:23:23.306Z,sell,6.5e-07,154.0,0.0001001
VIB/BTC,1608762203306,2020-12-23T22:23:23.306Z,sell,6.4e-07,13621.0,0.00871744
VIB/BTC,1608762277936,2020-12-23T22:24:37.936Z,buy,6.5e-07,5632.0,0.0036608
VIB/BTC,1608762360603,2020-12-23T22:26:00.603Z,buy,6.5e-07,215.0,0.00013975
VIB/BTC,1608762390066,2020-12-23T22:26:30.066Z,buy,6.5e-07,747.0,0.00048555
VIB/BTC,1608762398553,2020-12-23T22:26:38.553Z,buy,6.5e-07,2055.0,0.00133575
VIB/BTC,1608762400020,2020-12-23T22:26:40.020Z,buy,6.5e-07,1000.0,0.00065
VIB/BTC,1608762400105,2020-12-23T22:26:40.105Z,buy,6.5e-07,1001.0,0.00065065
VIB/BTC,1608762400219,2020-12-23T22:26:40.219Z,buy,6.5e-07,7151.0,0.00464815
VIB/BTC,1608762400317,2020-12-23T22:26:40.317Z,buy,6.5e-07,3000.0,0.00195
VIB/BTC,1608762400409,2020-12-23T22:26:40.409Z,buy,6.5e-07,1811.0,0.00117715
VIB/BTC,1608762406819,2020-12-23T22:26:46.819Z,buy,6.5e-07,6551.0,0.00425815
VIB/BTC,1608762408321,2020-12-23T22:26:48.321Z,buy,6.5e-07,3303.0,0.00214695
VIB/BTC,1608762410694,2020-12-23T22:26:50.694Z,buy,6.5e-07,10038.0,0.0065247
VIB/BTC,1608762551687,2020-12-23T22:29:11.687Z,sell,6.4e-07,6187.0,0.00395968
VIB/BTC,1608762569705,2020-12-23T22:29:29.705Z,buy,6.5e-07,7213.0,0.00468845
VIB/BTC,1608762639187,2020-12-23T22:30:39.187Z,buy,6.5e-07,848.0,0.0005512
VIB/BTC,1608762732415,2020-12-23T22:32:12.415Z,buy,6.5e-07,1409.0,0.00091585
VIB/BTC,1608762812610,2020-12-23T22:33:32.610Z,buy,6.5e-07,11264.0,0.0073216
VIB/BTC,1608762828687,2020-12-23T22:33:48.687Z,buy,6.5e-07,23578.0,0.0153257
VIB/BTC,1608762914091,2020-12-23T22:35:14.091Z,buy,6.5e-07,37721.0,0.02451865
VIB/BTC,1608763233561,2020-12-23T22:40:33.561Z,buy,6.5e-07,6057.0,0.00393705
VIB/BTC,1608763247374,2020-12-23T22:40:47.374Z,buy,6.5e-07,76815.0,0.04992975
VIB/BTC,1608763248584,2020-12-23T22:40:48.584Z,buy,6.6e-07,155.0,0.0001023
VIB/BTC,1608763282477,2020-12-23T22:41:22.477Z,buy,6.6e-07,2650.0,0.001749
VIB/BTC,1608763299728,2020-12-23T22:41:39.728Z,buy,6.6e-07,54508.0,0.03597528
VIB/BTC,1608763299734,2020-12-23T22:41:39.734Z,sell,6.6e-07,23872.0,0.01575552
VIB/BTC,1608763367948,2020-12-23T22:42:47.948Z,sell,6.5e-07,2500.0,0.001625
VIB/BTC,1608763414127,2020-12-23T22:43:34.127Z,buy,6.6e-07,551.0,0.00036366
VIB/BTC,1608763428637,2020-12-23T22:43:48.637Z,buy,6.6e-07,4411.0,0.00291126
VIB/BTC,1608763552978,2020-12-23T22:45:52.978Z,buy,6.7e-07,111087.0,0.07442829
VIB/BTC,1608763743497,2020-12-23T22:49:03.497Z,buy,6.7e-07,2156.0,0.00144452
VIB/BTC,1608763799287,2020-12-23T22:49:59.287Z,buy,6.7e-07,594221.0,0.39812807
VIB/BTC,1608763799316,2020-12-23T22:49:59.316Z,sell,6.7e-07,9779.0,0.00655193
VIB/BTC,1608763799400,2020-12-23T22:49:59.400Z,sell,6.7e-07,9773.0,0.00654791
VIB/BTC,1608763799478,2020-12-23T22:49:59.478Z,sell,6.7e-07,2604.0,0.00174468
VIB/BTC,1608763799478,2020-12-23T22:49:59.478Z,sell,6.7e-07,2604.0,0.00174468
VIB/BTC,1608763840078,2020-12-23T22:50:40.078Z,buy,6.8e-07,20684.0,0.0140651199999999
VIB/BTC,1608763844933,2020-12-23T22:50:44.933Z,sell,6.7e-07,523.0,0.00035041
VIB/BTC,1608763859927,2020-12-23T22:50:59.927Z,buy,6.8e-07,21556.0,0.0146580799999999
VIB/BTC,1608763871255,2020-12-23T22:51:11.255Z,sell,6.7e-07,22505.0,0.01507835
VIB/BTC,1608763922559,2020-12-23T22:52:02.559Z,buy,6.8e-07,20903.0,0.0142140399999999
VIB/BTC,1608764105171,2020-12-23T22:55:05.171Z,sell,6.7e-07,978.0,0.00065526
VIB/BTC,1608764342751,2020-12-23T22:59:02.751Z,sell,6.7e-07,25930.0,0.0173731
VIB/BTC,1608764588370,2020-12-23T23:03:08.370Z,sell,6.7e-07,291.0,0.00019497
VIB/BTC,1608764738571,2020-12-23T23:05:38.571Z,sell,6.7e-07,7075.0,0.00474025
VIB/BTC,1608764980289,2020-12-23T23:09:40.289Z,sell,6.7e-07,180.0,0.0001206
VIB/BTC,1608765832480,2020-12-23T23:23:52.480Z,buy,6.8e-07,323529.0,0.2199997199999999
VIB/BTC,1608765939157,2020-12-23T23:25:39.157Z,sell,6.7e-07,350.0,0.0002345
VIB/BTC,1608766040783,2020-12-23T23:27:20.783Z,sell,6.7e-07,1369.0,0.00091723
VIB/BTC,1608766830716,2020-12-23T23:40:30.716Z,buy,6.8e-07,5122.0,0.00348296
VIB/BTC,1608766830815,2020-12-23T23:40:30.815Z,sell,6.8e-07,2954.0,0.00200872
VIB/BTC,1608766973934,2020-12-23T23:42:53.934Z,sell,6.8e-07,375.0,0.0002549999999999
VIB/BTC,1608767334569,2020-12-23T23:48:54.569Z,sell,6.8e-07,4402.0,0.0029933599999999
VIB/BTC,1608767334768,2020-12-23T23:48:54.768Z,sell,6.8e-07,4422.0,0.00300696
VIB/BTC,1608767334768,2020-12-23T23:48:54.768Z,sell,6.8e-07,4422.0,0.00300696
VIB/BTC,1608767574511,2020-12-23T23:52:54.511Z,buy,6.8e-07,12864.0,0.00874752
VIB/BTC,1608767684057,2020-12-23T23:54:44.057Z,sell,6.7e-07,10131.0,0.00678777
VIB/BTC,1608768870742,2020-12-24T00:14:30.742Z,sell,6.7e-07,79920.0,0.0535464
VIB/BTC,1608768974828,2020-12-24T00:16:14.828Z,sell,6.7e-07,4616.0,0.00309272
VIB/BTC,1608770397362,2020-12-24T00:39:57.362Z,sell,6.7e-07,182.0,0.00012194
VIB/BTC,1608770762534,2020-12-24T00:46:02.534Z,buy,6.8e-07,25335.0,0.0172277999999999
VIB/BTC,1608770762534,2020-12-24T00:46:02.534Z,buy,6.8e-07,25335.0,0.0172277999999999
VIB/BTC,1608772159612,2020-12-24T01:09:19.612Z,buy,6.8e-07,147058.0,0.09999944
VIB/BTC,1608772930505,2020-12-24T01:22:10.505Z,buy,6.8e-07,48516.0,0.03299088
VIB/BTC,1608772994503,2020-12-24T01:23:14.503Z,buy,6.8e-07,26397.0,0.0179499599999999
VIB/BTC,1608773144378,2020-12-24T01:25:44.378Z,buy,6.8e-07,1644.0,0.00111792
VIB/BTC,1608773751085,2020-12-24T01:35:51.085Z,buy,6.8e-07,601.0,0.0004086799999999
VIB/BTC,1608773771461,2020-12-24T01:36:11.461Z,sell,6.7e-07,1935.0,0.00129645
VIB/BTC,1608773771461,2020-12-24T01:36:11.461Z,sell,6.7e-07,1935.0,0.00129645
VIB/BTC,1608774674422,2020-12-24T01:51:14.422Z,buy,6.8e-07,390.0,0.0002652
VIB/BTC,1608774689014,2020-12-24T01:51:29.014Z,buy,6.8e-07,1319.0,0.0008969199999999
VIB/BTC,1608774749827,2020-12-24T01:52:29.827Z,buy,6.8e-07,2541.0,0.0017278799999999
VIB/BTC,1608774804440,2020-12-24T01:53:24.440Z,buy,6.8e-07,36753.0,0.0249920399999999
VIB/BTC,1608775657617,2020-12-24T02:07:37.617Z,sell,6.8e-07,1112.0,0.00075616
VIB/BTC,1608776540478,2020-12-24T02:22:20.478Z,buy,6.9e-07,80000.0,0.0552
VIB/BTC,1608777138485,2020-12-24T02:32:18.485Z,buy,6.9e-07,4113.0,0.00283797
VIB/BTC,1608777138485,2020-12-24T02:32:18.485Z,buy,6.9e-07,4113.0,0.00283797
VIB/BTC,1608777919989,2020-12-24T02:45:19.989Z,sell,6.8e-07,347.0,0.0002359599999999
VIB/BTC,1608778150933,2020-12-24T02:49:10.933Z,sell,6.8e-07,5300.0,0.0036039999999999
VIB/BTC,1608778378074,2020-12-24T02:52:58.074Z,buy,6.9e-07,1954.0,0.00134826
VIB/BTC,1608778539585,2020-12-24T02:55:39.585Z,sell,6.8e-07,189.0,0.00012852
VIB/BTC,1608778956503,2020-12-24T03:02:36.503Z,sell,6.8e-07,601.0,0.0004086799999999
VIB/BTC,1608778956533,2020-12-24T03:02:36.533Z,sell,6.8e-07,1319.0,0.0008969199999999
VIB/BTC,1608778956766,2020-12-24T03:02:36.766Z,sell,6.8e-07,1644.0,0.00111792
VIB/BTC,1608779704158,2020-12-24T03:15:04.158Z,sell,6.8e-07,2000.0,0.0013599999999999
VIB/BTC,1608779757036,2020-12-24T03:15:57.036Z,sell,6.8e-07,106693.0,0.0725512399999999
VIB/BTC,1608779766752,2020-12-24T03:16:06.752Z,sell,6.8e-07,79920.0,0.0543455999999999
VIB/BTC,1608779766752,2020-12-24T03:16:06.752Z,sell,6.8e-07,79920.0,0.0543455999999999
VIB/BTC,1608784278334,2020-12-24T04:31:18.334Z,sell,6.8e-07,1160.0,0.0007888
VIB/BTC,1608784294696,2020-12-24T04:31:34.696Z,sell,6.8e-07,2863.0,0.0019468399999999
VIB/BTC,1608784294696,2020-12-24T04:31:34.696Z,sell,6.8e-07,2863.0,0.0019468399999999
VIB/BTC,1608784820368,2020-12-24T04:40:20.368Z,sell,6.7e-07,48757.0,0.03266719
VIB/BTC,1608785504868,2020-12-24T04:51:44.868Z,sell,6.7e-07,2500.0,0.001675
VIB/BTC,1608786100714,2020-12-24T05:01:40.714Z,buy,6.8e-07,174.0,0.0001183199999999
VIB/BTC,1608787283782,2020-12-24T05:21:23.782Z,sell,6.7e-07,12864.0,0.00861888
VIB/BTC,1608787402130,2020-12-24T05:23:22.130Z,buy,6.8e-07,629.0,0.00042772
VIB/BTC,1608787402130,2020-12-24T05:23:22.130Z,buy,6.8e-07,629.0,0.00042772
VIB/BTC,1608787935659,2020-12-24T05:32:15.659Z,buy,6.8e-07,31914.0,0.02170152
VIB/BTC,1608788451718,2020-12-24T05:40:51.718Z,buy,6.8e-07,176.0,0.0001196799999999
VIB/BTC,1608788610185,2020-12-24T05:43:30.185Z,buy,6.8e-07,19031.0,0.0129410799999999
VIB/BTC,1608789741283,2020-12-24T06:02:21.283Z,buy,6.8e-07,13295.0,0.0090406
VIB/BTC,1608790206357,2020-12-24T06:10:06.357Z,buy,6.8e-07,147058.0,0.09999944
VIB/BTC,1608790251733,2020-12-24T06:10:51.733Z,buy,6.8e-07,11971.0,0.00814028
VIB/BTC,1608790251733,2020-12-24T06:10:51.733Z,buy,6.8e-07,11971.0,0.00814028
VIB/BTC,1608791136217,2020-12-24T06:25:36.217Z,sell,6.8e-07,239.0,0.0001625199999999
VIB/BTC,1608791258014,2020-12-24T06:27:38.014Z,sell,6.8e-07,2495.0,0.0016966
VIB/BTC,1608791432621,2020-12-24T06:30:32.621Z,sell,6.7e-07,2450.0,0.0016415
VIB/BTC,1608792542687,2020-12-24T06:49:02.687Z,buy,6.8e-07,300.0,0.0002039999999999
VIB/BTC,1608792840381,2020-12-24T06:54:00.381Z,sell,6.7e-07,104511.0,0.07002237
VIB/BTC,1608793607013,2020-12-24T07:06:47.013Z,buy,6.8e-07,128136.0,0.08713248
VIB/BTC,1608793607013,2020-12-24T07:06:47.013Z,buy,6.8e-07,128136.0,0.08713248
VIB/BTC,1608794811138,2020-12-24T07:26:51.138Z,buy,6.9e-07,35978.0,0.0248248199999999
VIB/BTC,1608794811147,2020-12-24T07:26:51.147Z,sell,6.9e-07,36659.0,0.0252947099999999
VIB/BTC,1608794818702,2020-12-24T07:26:58.702Z,sell,6.9e-07,400.0,0.000276
VIB/BTC,1608794819187,2020-12-24T07:26:59.187Z,sell,6.9e-07,400.0,0.000276
VIB/BTC,1608794819701,2020-12-24T07:26:59.701Z,sell,6.9e-07,400.0,0.000276
VIB/BTC,1608794882323,2020-12-24T07:28:02.323Z,sell,6.9e-07,400.0,0.000276
VIB/BTC,1608794882605,2020-12-24T07:28:02.605Z,sell,6.9e-07,148.0,0.0001021199999999
VIB/BTC,1608794882915,2020-12-24T07:28:02.915Z,sell,6.9e-07,400.0,0.000276
VIB/BTC,1608794883394,2020-12-24T07:28:03.394Z,sell,6.9e-07,400.0,0.000276
VIB/BTC,1608795792656,2020-12-24T07:43:12.656Z,sell,6.9e-07,22040.0,0.0152076
VIB/BTC,1608795918271,2020-12-24T07:45:18.271Z,sell,6.9e-07,5711.0,0.00394059
VIB/BTC,1608796079648,2020-12-24T07:47:59.648Z,sell,6.9e-07,3315.0,0.00228735
VIB/BTC,1608796079648,2020-12-24T07:47:59.648Z,sell,6.8e-07,2069.0,0.0014069199999999
VIB/BTC,1608796536606,2020-12-24T07:55:36.606Z,sell,6.9e-07,195.0,0.00013455
VIB/BTC,1608797085247,2020-12-24T08:04:45.247Z,buy,6.9e-07,195.0,0.00013455
VIB/BTC,1608797085247,2020-12-24T08:04:45.247Z,buy,6.9e-07,195.0,0.00013455
VIB/BTC,1608797462440,2020-12-24T08:11:02.440Z,sell,6.9e-07,1555.0,0.00107295
VIB/BTC,1608798148918,2020-12-24T08:22:28.918Z,sell,6.9e-07,37865.0,0.02612685
VIB/BTC,1608798295736,2020-12-24T08:24:55.736Z,sell,6.9e-07,1070.0,0.0007383
VIB/BTC,1608798446843,2020-12-24T08:27:26.843Z,sell,6.9e-07,400.0,0.000276
VIB/BTC,1608799034973,2020-12-24T08:37:14.973Z,sell,6.9e-07,48881.0,0.0337278899999999
VIB/BTC,1608799125934,2020-12-24T08:38:45.934Z,sell,6.9e-07,750.0,0.0005175
VIB/BTC,1608799245347,2020-12-24T08:40:45.347Z,sell,6.9e-07,904208.0,0.6239035199999999
VIB/BTC,1608799255615,2020-12-24T08:40:55.615Z,sell,6.9e-07,147354.0,0.1016742599999999
VIB/BTC,1608799256470,2020-12-24T08:40:56.470Z,buy,6.9e-07,415363.0,0.28660047
VIB/BTC,1608799256495,2020-12-24T08:40:56.495Z,buy,7e-07,1144.0,0.0008008
VIB/BTC,1608799289177,2020-12-24T08:41:29.177Z,sell,6.9e-07,23247.0,0.0160404299999999
VIB/BTC,1608799292696,2020-12-24T08:41:32.696Z,sell,6.9e-07,46494.0,0.0320808599999999
VIB/BTC,1608799296561,2020-12-24T08:41:36.561Z,sell,6.9e-07,109070.0,0.0752583
VIB/BTC,1608799314558,2020-12-24T08:41:54.558Z,buy,7e-07,1075359.0,0.7527513
VIB/BTC,1608799314565,2020-12-24T08:41:54.565Z,sell,7e-07,38941.0,0.0272587
VIB/BTC,1608799314599,2020-12-24T08:41:54.599Z,sell,7e-07,7459.0,0.0052213
VIB/BTC,1608799316105,2020-12-24T08:41:56.105Z,sell,7e-07,400.0,0.00028
VIB/BTC,1608799317108,2020-12-24T08:41:57.108Z,sell,7e-07,400.0,0.00028
VIB/BTC,1608799317984,2020-12-24T08:41:57.984Z,sell,7e-07,400.0,0.00028
VIB/BTC,1608799319684,2020-12-24T08:41:59.684Z,sell,7e-07,400.0,0.00028
VIB/BTC,1608799319771,2020-12-24T08:41:59.771Z,sell,7e-07,25564.0,0.0178948
VIB/BTC,1608799320131,2020-12-24T08:42:00.131Z,sell,7e-07,400.0,0.00028
VIB/BTC,1608799320610,2020-12-24T08:42:00.610Z,sell,7e-07,400.0,0.00028
VIB/BTC,1608799321506,2020-12-24T08:42:01.506Z,sell,7e-07,400.0,0.00028
VIB/BTC,1608799327278,2020-12-24T08:42:07.278Z,sell,7e-07,15339.0,0.0107373
VIB/BTC,1608799327278,2020-12-24T08:42:07.278Z,sell,6.9e-07,311871.0,0.21519099
VIB/BTC,1608799329381,2020-12-24T08:42:09.381Z,buy,7e-07,415995.0,0.2911964999999999
VIB/BTC,1608799340222,2020-12-24T08:42:20.222Z,buy,7e-07,42448.0,0.0297136
VIB/BTC,1608799342971,2020-12-24T08:42:22.971Z,sell,6.9e-07,196246.0,0.13540974
VIB/BTC,1608799357524,2020-12-24T08:42:37.524Z,sell,6.9e-07,360.0,0.0002483999999999
VIB/BTC,1608799357727,2020-12-24T08:42:37.727Z,buy,7e-07,31272.0,0.0218903999999999
VIB/BTC,1608799361441,2020-12-24T08:42:41.441Z,buy,7e-07,52121.0,0.0364846999999999
VIB/BTC,1608799366692,2020-12-24T08:42:46.692Z,buy,7e-07,500.0,0.00035
VIB/BTC,1608799368484,2020-12-24T08:42:48.484Z,buy,7e-07,500.0,0.00035
VIB/BTC,1608799369818,2020-12-24T08:42:49.818Z,buy,7e-07,500.0,0.00035
VIB/BTC,1608799371991,2020-12-24T08:42:51.991Z,buy,7e-07,500.0,0.00035
VIB/BTC,1608799373925,2020-12-24T08:42:53.925Z,buy,7e-07,500.0,0.00035
VIB/BTC,1608799375601,2020-12-24T08:42:55.601Z,buy,7e-07,500.0,0.00035
VIB/BTC,1608799378013,2020-12-24T08:42:58.013Z,buy,7e-07,500.0,0.00035
VIB/BTC,1608799381678,2020-12-24T08:43:01.678Z,buy,7e-07,500.0,0.00035
VIB/BTC,1608799382915,2020-12-24T08:43:02.915Z,buy,7e-07,500.0,0.00035
VIB/BTC,1608799384331,2020-12-24T08:43:04.331Z,buy,7e-07,500.0,0.00035
VIB/BTC,1608799385492,2020-12-24T08:43:05.492Z,buy,7e-07,500.0,0.00035
VIB/BTC,1608799591834,2020-12-24T08:46:31.834Z,buy,7e-07,80000.0,0.0559999999999999
VIB/BTC,1608799644617,2020-12-24T08:47:24.617Z,sell,6.9e-07,55966.0,0.03861654
VIB/BTC,1608799646437,2020-12-24T08:47:26.437Z,sell,6.9e-07,87680.0,0.0604991999999999
VIB/BTC,1608799656909,2020-12-24T08:47:36.909Z,sell,6.9e-07,47347.0,0.03266943
VIB/BTC,1608799670466,2020-12-24T08:47:50.466Z,sell,6.9e-07,59342.0,0.04094598
VIB/BTC,1608799681206,2020-12-24T08:48:01.206Z,sell,6.9e-07,47770.0,0.0329613
VIB/BTC,1608799686615,2020-12-24T08:48:06.615Z,sell,6.9e-07,111339.0,0.07682391
VIB/BTC,1608799696830,2020-12-24T08:48:16.830Z,sell,6.9e-07,415691.0,0.28682679
VIB/BTC,1608799711125,2020-12-24T08:48:31.125Z,buy,7e-07,461052.0,0.3227364
VIB/BTC,1608799731956,2020-12-24T08:48:51.956Z,sell,6.9e-07,570680.0,0.3937692
VIB/BTC,1608799734841,2020-12-24T08:48:54.841Z,buy,7e-07,430675.0,0.3014725
VIB/BTC,1608799746489,2020-12-24T08:49:06.489Z,buy,7e-07,497307.0,0.3481149
VIB/BTC,1608799756807,2020-12-24T08:49:16.807Z,sell,6.9e-07,22217.0,0.01532973
VIB/BTC,1608799756818,2020-12-24T08:49:16.818Z,buy,6.9e-07,7768.0,0.00535992
VIB/BTC,1608799756820,2020-12-24T08:49:16.820Z,buy,6.9e-07,7755.0,0.0053509499999999
VIB/BTC,1608799770624,2020-12-24T08:49:30.624Z,buy,6.9e-07,500.0,0.000345
VIB/BTC,1608799772129,2020-12-24T08:49:32.129Z,buy,6.9e-07,500.0,0.000345
VIB/BTC,1608799774073,2020-12-24T08:49:34.073Z,buy,6.9e-07,500.0,0.000345
VIB/BTC,1608799790323,2020-12-24T08:49:50.323Z,buy,6.9e-07,500.0,0.000345
VIB/BTC,1608799791937,2020-12-24T08:49:51.937Z,buy,6.9e-07,500.0,0.000345
VIB/BTC,1608799794184,2020-12-24T08:49:54.184Z,buy,6.9e-07,500.0,0.000345
VIB/BTC,1608799797025,2020-12-24T08:49:57.025Z,buy,6.9e-07,500.0,0.000345
VIB/BTC,1608799798591,2020-12-24T08:49:58.591Z,buy,6.9e-07,500.0,0.000345
VIB/BTC,1608799799936,2020-12-24T08:49:59.936Z,buy,6.9e-07,500.0,0.000345
VIB/BTC,1608799801235,2020-12-24T08:50:01.235Z,buy,6.9e-07,500.0,0.000345
VIB/BTC,1608799803375,2020-12-24T08:50:03.375Z,buy,6.9e-07,500.0,0.000345
VIB/BTC,1608799804640,2020-12-24T08:50:04.640Z,buy,6.9e-07,500.0,0.000345
VIB/BTC,1608799805960,2020-12-24T08:50:05.960Z,buy,6.9e-07,500.0,0.000345
VIB/BTC,1608799807237,2020-12-24T08:50:07.237Z,buy,6.9e-07,500.0,0.000345
VIB/BTC,1608799808572,2020-12-24T08:50:08.572Z,buy,6.9e-07,500.0,0.000345
VIB/BTC,1608799810084,2020-12-24T08:50:10.084Z,buy,6.9e-07,500.0,0.000345
VIB/BTC,1608799812376,2020-12-24T08:50:12.376Z,buy,6.9e-07,500.0,0.000345
VIB/BTC,1608799813809,2020-12-24T08:50:13.809Z,buy,6.9e-07,500.0,0.000345
VIB/BTC,1608799815517,2020-12-24T08:50:15.517Z,buy,6.9e-07,500.0,0.000345
VIB/BTC,1608799816834,2020-12-24T08:50:16.834Z,buy,6.9e-07,500.0,0.000345
VIB/BTC,1608799818499,2020-12-24T08:50:18.499Z,buy,6.9e-07,500.0,0.000345
VIB/BTC,1608799819690,2020-12-24T08:50:19.690Z,buy,6.9e-07,500.0,0.000345
VIB/BTC,1608799824495,2020-12-24T08:50:24.495Z,buy,6.9e-07,500.0,0.000345
VIB/BTC,1608799886924,2020-12-24T08:51:26.924Z,buy,6.9e-07,1091751.0,0.7533081899999999
VIB/BTC,1608799895169,2020-12-24T08:51:35.169Z,buy,6.9e-07,901662.0,0.62214678
VIB/BTC,1608799912781,2020-12-24T08:51:52.781Z,buy,6.9e-07,26753.0,0.0184595699999999
VIB/BTC,1608799916374,2020-12-24T08:51:56.374Z,buy,6.9e-07,71340.0,0.0492246
VIB/BTC,1608799926312,2020-12-24T08:52:06.312Z,buy,6.9e-07,500.0,0.000345
VIB/BTC,1608799928016,2020-12-24T08:52:08.016Z,buy,6.9e-07,500.0,0.000345
VIB/BTC,1608799929342,2020-12-24T08:52:09.342Z,buy,6.9e-07,500.0,0.000345
VIB/BTC,1608799930685,2020-12-24T08:52:10.685Z,buy,6.9e-07,500.0,0.000345
VIB/BTC,1608799932004,2020-12-24T08:52:12.004Z,buy,6.9e-07,500.0,0.000345
VIB/BTC,1608799937520,2020-12-24T08:52:17.520Z,buy,6.9e-07,500.0,0.000345
VIB/BTC,1608799939255,2020-12-24T08:52:19.255Z,buy,6.9e-07,500.0,0.000345
VIB/BTC,1608799940956,2020-12-24T08:52:20.956Z,buy,6.9e-07,500.0,0.000345
VIB/BTC,1608799942806,2020-12-24T08:52:22.806Z,buy,6.9e-07,500.0,0.000345
VIB/BTC,1608799944243,2020-12-24T08:52:24.243Z,buy,6.9e-07,500.0,0.000345
VIB/BTC,1608799946665,2020-12-24T08:52:26.665Z,buy,6.9e-07,500.0,0.000345
VIB/BTC,1608799948153,2020-12-24T08:52:28.153Z,buy,6.9e-07,500.0,0.000345
VIB/BTC,1608799949976,2020-12-24T08:52:29.976Z,buy,6.9e-07,500.0,0.000345
VIB/BTC,1608799951719,2020-12-24T08:52:31.719Z,buy,6.9e-07,500.0,0.000345
VIB/BTC,1608799952893,2020-12-24T08:52:32.893Z,buy,6.9e-07,500.0,0.000345
VIB/BTC,1608799954287,2020-12-24T08:52:34.287Z,buy,6.9e-07,500.0,0.000345
VIB/BTC,1608799955512,2020-12-24T08:52:35.512Z,buy,6.9e-07,500.0,0.000345
VIB/BTC,1608799957038,2020-12-24T08:52:37.038Z,buy,6.9e-07,500.0,0.000345
VIB/BTC,1608799958313,2020-12-24T08:52:38.313Z,buy,6.9e-07,500.0,0.000345
VIB/BTC,1608799959766,2020-12-24T08:52:39.766Z,buy,6.9e-07,500.0,0.000345
VIB/BTC,1608799961363,2020-12-24T08:52:41.363Z,buy,6.9e-07,500.0,0.000345
VIB/BTC,1608799963419,2020-12-24T08:52:43.419Z,buy,6.9e-07,500.0,0.000345
VIB/BTC,1608799964584,2020-12-24T08:52:44.584Z,buy,6.9e-07,500.0,0.000345
VIB/BTC,1608799965916,2020-12-24T08:52:45.916Z,buy,6.9e-07,500.0,0.000345
VIB/BTC,1608799967425,2020-12-24T08:52:47.425Z,buy,6.9e-07,500.0,0.000345
VIB/BTC,1608799969820,2020-12-24T08:52:49.820Z,buy,6.9e-07,500.0,0.000345
VIB/BTC,1608799971784,2020-12-24T08:52:51.784Z,buy,6.9e-07,500.0,0.000345
VIB/BTC,1608799973588,2020-12-24T08:52:53.588Z,buy,6.9e-07,500.0,0.000345
VIB/BTC,1608799975223,2020-12-24T08:52:55.223Z,buy,6.9e-07,500.0,0.000345
VIB/BTC,1608799976411,2020-12-24T08:52:56.411Z,buy,6.9e-07,500.0,0.000345
VIB/BTC,1608799977875,2020-12-24T08:52:57.875Z,buy,6.9e-07,500.0,0.000345
VIB/BTC,1608799979395,2020-12-24T08:52:59.395Z,buy,6.9e-07,500.0,0.000345
VIB/BTC,1608799980941,2020-12-24T08:53:00.941Z,buy,6.9e-07,500.0,0.000345
VIB/BTC,1608799982413,2020-12-24T08:53:02.413Z,buy,6.9e-07,500.0,0.000345
VIB/BTC,1608799984142,2020-12-24T08:53:04.142Z,buy,6.9e-07,500.0,0.000345
VIB/BTC,1608799986583,2020-12-24T08:53:06.583Z,buy,6.9e-07,500.0,0.000345
VIB/BTC,1608799987828,2020-12-24T08:53:07.828Z,buy,6.9e-07,500.0,0.000345
VIB/BTC,1608799989455,2020-12-24T08:53:09.455Z,buy,6.9e-07,500.0,0.000345
VIB/BTC,1608799991038,2020-12-24T08:53:11.038Z,buy,6.9e-07,500.0,0.000345
VIB/BTC,1608799992297,2020-12-24T08:53:12.297Z,buy,6.9e-07,500.0,0.000345
VIB/BTC,1608799993863,2020-12-24T08:53:13.863Z,buy,6.9e-07,500.0,0.000345
VIB/BTC,1608799995879,2020-12-24T08:53:15.879Z,buy,6.9e-07,500.0,0.000345
VIB/BTC,1608799997396,2020-12-24T08:53:17.396Z,buy,6.9e-07,500.0,0.000345
VIB/BTC,1608799998715,2020-12-24T08:53:18.715Z,buy,6.9e-07,500.0,0.000345
VIB/BTC,1608799999957,2020-12-24T08:53:19.957Z,buy,6.9e-07,500.0,0.000345
VIB/BTC,1608800001331,2020-12-24T08:53:21.331Z,buy,6.9e-07,500.0,0.000345
VIB/BTC,1608800002936,2020-12-24T08:53:22.936Z,buy,6.9e-07,500.0,0.000345
VIB/BTC,1608800004096,2020-12-24T08:53:24.096Z,buy,6.9e-07,500.0,0.000345
VIB/BTC,1608800005338,2020-12-24T08:53:25.338Z,buy,6.9e-07,500.0,0.000345
VIB/BTC,1608800006657,2020-12-24T08:53:26.657Z,buy,6.9e-07,500.0,0.000345
VIB/BTC,1608800008413,2020-12-24T08:53:28.413Z,buy,6.9e-07,500.0,0.000345
VIB/BTC,1608800010084,2020-12-24T08:53:30.084Z,buy,6.9e-07,500.0,0.000345
VIB/BTC,1608800011401,2020-12-24T08:53:31.401Z,buy,6.9e-07,500.0,0.000345
VIB/BTC,1608800012619,2020-12-24T08:53:32.619Z,buy,6.9e-07,500.0,0.000345
VIB/BTC,1608800014092,2020-12-24T08:53:34.092Z,buy,6.9e-07,500.0,0.000345
VIB/BTC,1608800015370,2020-12-24T08:53:35.370Z,buy,6.9e-07,500.0,0.000345
VIB/BTC,1608800016855,2020-12-24T08:53:36.855Z,buy,6.9e-07,500.0,0.000345
VIB/BTC,1608800018166,2020-12-24T08:53:38.166Z,buy,6.9e-07,500.0,0.000345
VIB/BTC,1608800019995,2020-12-24T08:53:39.995Z,buy,6.9e-07,500.0,0.000345
VIB/BTC,1608800021341,2020-12-24T08:53:41.341Z,buy,6.9e-07,500.0,0.000345
VIB/BTC,1608800022573,2020-12-24T08:53:42.573Z,buy,6.9e-07,500.0,0.000345
VIB/BTC,1608800024302,2020-12-24T08:53:44.302Z,buy,6.9e-07,500.0,0.000345
VIB/BTC,1608800025634,2020-12-24T08:53:45.634Z,buy,6.9e-07,500.0,0.000345
VIB/BTC,1608800026961,2020-12-24T08:53:46.961Z,buy,6.9e-07,500.0,0.000345
VIB/BTC,1608800028512,2020-12-24T08:53:48.512Z,buy,6.9e-07,500.0,0.000345
VIB/BTC,1608800032262,2020-12-24T08:53:52.262Z,buy,6.9e-07,500.0,0.000345
VIB/BTC,1608800033553,2020-12-24T08:53:53.553Z,buy,6.9e-07,500.0,0.000345
VIB/BTC,1608800034791,2020-12-24T08:53:54.791Z,buy,6.9e-07,500.0,0.000345
VIB/BTC,1608800036461,2020-12-24T08:53:56.461Z,buy,6.9e-07,500.0,0.000345
VIB/BTC,1608800038264,2020-12-24T08:53:58.264Z,buy,6.9e-07,500.0,0.000345
VIB/BTC,1608800039622,2020-12-24T08:53:59.622Z,buy,6.9e-07,500.0,0.000345
VIB/BTC,1608800040866,2020-12-24T08:54:00.866Z,buy,6.9e-07,500.0,0.000345
VIB/BTC,1608800042169,2020-12-24T08:54:02.169Z,buy,6.9e-07,500.0,0.000345
VIB/BTC,1608800043389,2020-12-24T08:54:03.389Z,buy,6.9e-07,500.0,0.000345
VIB/BTC,1608800044574,2020-12-24T08:54:04.574Z,buy,6.9e-07,500.0,0.000345
VIB/BTC,1608800046136,2020-12-24T08:54:06.136Z,buy,6.9e-07,500.0,0.000345
VIB/BTC,1608800047306,2020-12-24T08:54:07.306Z,buy,6.9e-07,500.0,0.000345
VIB/BTC,1608800048580,2020-12-24T08:54:08.580Z,buy,6.9e-07,500.0,0.000345
VIB/BTC,1608800050041,2020-12-24T08:54:10.041Z,buy,6.9e-07,500.0,0.000345
VIB/BTC,1608800051897,2020-12-24T08:54:11.897Z,buy,6.9e-07,500.0,0.000345
VIB/BTC,1608800092132,2020-12-24T08:54:52.132Z,sell,6.8e-07,72783.0,0.04949244
VIB/BTC,1608800093754,2020-12-24T08:54:53.754Z,sell,6.8e-07,96697.0,0.06575396
VIB/BTC,1608800094016,2020-12-24T08:54:54.016Z,sell,6.8e-07,7743.0,0.00526524
VIB/BTC,1608800098721,2020-12-24T08:54:58.721Z,sell,6.8e-07,113136.0,0.07693248
VIB/BTC,1608800109169,2020-12-24T08:55:09.169Z,buy,6.9e-07,18981.0,0.01309689
VIB/BTC,1608800352526,2020-12-24T08:59:12.526Z,buy,6.9e-07,64389.0,0.0444284099999999
VIB/BTC,1608800444140,2020-12-24T09:00:44.140Z,sell,6.8e-07,6325.0,0.0043009999999999
VIB/BTC,1608800467833,2020-12-24T09:01:07.833Z,sell,6.8e-07,18975.0,0.012903
VIB/BTC,1608800591102,2020-12-24T09:03:11.102Z,sell,6.8e-07,432.0,0.0002937599999999
VIB/BTC,1608800656301,2020-12-24T09:04:16.301Z,sell,6.8e-07,431.0,0.00029308
VIB/BTC,1608800656301,2020-12-24T09:04:16.301Z,sell,6.8e-07,431.0,0.00029308
VIB/BTC,1608800799342,2020-12-24T09:06:39.342Z,sell,6.8e-07,431.0,0.00029308
VIB/BTC,1608800852681,2020-12-24T09:07:32.681Z,sell,6.8e-07,5756.0,0.0039140799999999
VIB/BTC,1608801045897,2020-12-24T09:10:45.897Z,buy,6.9e-07,243.0,0.00016767
VIB/BTC,1608801201789,2020-12-24T09:13:21.789Z,buy,6.9e-07,893726.0,0.61667094
VIB/BTC,1608801209168,2020-12-24T09:13:29.168Z,buy,6.9e-07,804397.0,0.55503393
VIB/BTC,1608801217771,2020-12-24T09:13:37.771Z,buy,6.9e-07,137442.0,0.09483498
VIB/BTC,1608801217782,2020-12-24T09:13:37.782Z,sell,6.9e-07,10819.0,0.00746511
VIB/BTC,1608801217878,2020-12-24T09:13:37.878Z,sell,6.9e-07,389981.0,0.2690868899999999
VIB/BTC,1608801230895,2020-12-24T09:13:50.895Z,buy,6.9e-07,73748.0,0.05088612
VIB/BTC,1608801241047,2020-12-24T09:14:01.047Z,buy,6.9e-07,68878.0,0.0475258199999999
VIB/BTC,1608801241157,2020-12-24T09:14:01.157Z,sell,6.9e-07,721279.0,0.4976825099999999
VIB/BTC,1608801508201,2020-12-24T09:18:28.201Z,buy,6.9e-07,480145.0,0.3313000499999999
VIB/BTC,1608801517172,2020-12-24T09:18:37.172Z,buy,6.9e-07,782845.0,0.54016305
VIB/BTC,1608801526390,2020-12-24T09:18:46.390Z,buy,6.9e-07,354890.0,0.2448740999999999
VIB/BTC,1608801531025,2020-12-24T09:18:51.025Z,buy,6.9e-07,500.0,0.000345
VIB/BTC,1608801532628,2020-12-24T09:18:52.628Z,buy,6.9e-07,500.0,0.000345
VIB/BTC,1608801536898,2020-12-24T09:18:56.898Z,buy,6.9e-07,500.0,0.000345
VIB/BTC,1608801538149,2020-12-24T09:18:58.149Z,buy,6.9e-07,500.0,0.000345
VIB/BTC,1608801539379,2020-12-24T09:18:59.379Z,buy,6.9e-07,500.0,0.000345
VIB/BTC,1608801544817,2020-12-24T09:19:04.817Z,buy,6.9e-07,550.0,0.0003794999999999
VIB/BTC,1608801547013,2020-12-24T09:19:07.013Z,buy,6.9e-07,500.0,0.000345
VIB/BTC,1608801548804,2020-12-24T09:19:08.804Z,buy,6.9e-07,500.0,0.000345
VIB/BTC,1608801550397,2020-12-24T09:19:10.397Z,buy,6.9e-07,500.0,0.000345
VIB/BTC,1608801555500,2020-12-24T09:19:15.500Z,buy,6.9e-07,500.0,0.000345
VIB/BTC,1608801556758,2020-12-24T09:19:16.758Z,buy,6.9e-07,500.0,0.000345
VIB/BTC,1608801558075,2020-12-24T09:19:18.075Z,buy,6.9e-07,500.0,0.000345
VIB/BTC,1608801559284,2020-12-24T09:19:19.284Z,buy,6.9e-07,500.0,0.000345
VIB/BTC,1608801560760,2020-12-24T09:19:20.760Z,buy,6.9e-07,500.0,0.000345
VIB/BTC,1608801562174,2020-12-24T09:19:22.174Z,buy,6.9e-07,500.0,0.000345
VIB/BTC,1608801563395,2020-12-24T09:19:23.395Z,buy,6.9e-07,500.0,0.000345
VIB/BTC,1608801564627,2020-12-24T09:19:24.627Z,buy,6.9e-07,500.0,0.000345
VIB/BTC,1608801565831,2020-12-24T09:19:25.831Z,buy,6.9e-07,500.0,0.000345
VIB/BTC,1608801567109,2020-12-24T09:19:27.109Z,buy,6.9e-07,500.0,0.000345
VIB/BTC,1608801568328,2020-12-24T09:19:28.328Z,buy,6.9e-07,500.0,0.000345
VIB/BTC,1608801569813,2020-12-24T09:19:29.813Z,buy,6.9e-07,500.0,0.000345
VIB/BTC,1608801571009,2020-12-24T09:19:31.009Z,buy,6.9e-07,500.0,0.000345
VIB/BTC,1608801572471,2020-12-24T09:19:32.471Z,buy,6.9e-07,500.0,0.000345
VIB/BTC,1608801573729,2020-12-24T09:19:33.729Z,buy,6.9e-07,500.0,0.000345
VIB/BTC,1608801574949,2020-12-24T09:19:34.949Z,buy,6.9e-07,500.0,0.000345
VIB/BTC,1608801576156,2020-12-24T09:19:36.156Z,buy,6.9e-07,500.0,0.000345
VIB/BTC,1608801577264,2020-12-24T09:19:37.264Z,buy,6.9e-07,500.0,0.000345
VIB/BTC,1608801578849,2020-12-24T09:19:38.849Z,buy,6.9e-07,500.0,0.000345
VIB/BTC,1608801583270,2020-12-24T09:19:43.270Z,buy,6.9e-07,500.0,0.000345
VIB/BTC,1608801584993,2020-12-24T09:19:44.993Z,buy,6.9e-07,500.0,0.000345
VIB/BTC,1608801589085,2020-12-24T09:19:49.085Z,buy,6.9e-07,500.0,0.000345
VIB/BTC,1608801590538,2020-12-24T09:19:50.538Z,buy,6.9e-07,500.0,0.000345
VIB/BTC,1608801593764,2020-12-24T09:19:53.764Z,buy,6.9e-07,2609.0,0.0018002099999999
VIB/BTC,1608801600924,2020-12-24T09:20:00.924Z,buy,6.9e-07,3235.0,0.00223215
VIB/BTC,1608801604361,2020-12-24T09:20:04.361Z,buy,6.9e-07,668.0,0.0004609199999999
VIB/BTC,1608801610347,2020-12-24T09:20:10.347Z,buy,6.9e-07,541.0,0.0003732899999999
VIB/BTC,1608801612567,2020-12-24T09:20:12.567Z,buy,6.9e-07,789.0,0.00054441
VIB/BTC,1608801614888,2020-12-24T09:20:14.888Z,buy,6.9e-07,377.0,0.0002601299999999
VIB/BTC,1608801617034,2020-12-24T09:20:17.034Z,buy,6.9e-07,745.0,0.0005140499999999
VIB/BTC,1608801619169,2020-12-24T09:20:19.169Z,buy,6.9e-07,354.0,0.00024426
VIB/BTC,1608801621620,2020-12-24T09:20:21.620Z,buy,6.9e-07,456.0,0.00031464
VIB/BTC,1608801624345,2020-12-24T09:20:24.345Z,buy,6.9e-07,785.0,0.00054165
VIB/BTC,1608801626975,2020-12-24T09:20:26.975Z,buy,6.9e-07,1054.0,0.00072726
VIB/BTC,1608801629636,2020-12-24T09:20:29.636Z,buy,6.9e-07,578.0,0.00039882
VIB/BTC,1608801633708,2020-12-24T09:20:33.708Z,buy,6.9e-07,654.0,0.00045126
VIB/BTC,1608801636234,2020-12-24T09:20:36.234Z,buy,6.9e-07,785.0,0.00054165
VIB/BTC,1608801638426,2020-12-24T09:20:38.426Z,buy,6.9e-07,1024.0,0.00070656
VIB/BTC,1608801640918,2020-12-24T09:20:40.918Z,buy,6.9e-07,457.0,0.00031533
VIB/BTC,1608801642958,2020-12-24T09:20:42.958Z,buy,6.9e-07,657.0,0.00045333
VIB/BTC,1608801644987,2020-12-24T09:20:44.987Z,buy,6.9e-07,982.0,0.00067758
VIB/BTC,1608801647882,2020-12-24T09:20:47.882Z,buy,6.9e-07,357.0,0.00024633
VIB/BTC,1608801650504,2020-12-24T09:20:50.504Z,buy,6.9e-07,4577.0,0.00315813
VIB/BTC,1608801657642,2020-12-24T09:20:57.642Z,buy,6.9e-07,3658.0,0.0025240199999999
VIB/BTC,1608801660967,2020-12-24T09:21:00.967Z,buy,6.9e-07,6158.0,0.00424902
VIB/BTC,1608801665292,2020-12-24T09:21:05.292Z,buy,6.9e-07,3131.0,0.00216039
VIB/BTC,1608801672167,2020-12-24T09:21:12.167Z,buy,6.9e-07,14613.0,0.01008297
VIB/BTC,1608801679381,2020-12-24T09:21:19.381Z,buy,6.9e-07,1124.0,0.0007755599999999
VIB/BTC,1608801681720,2020-12-24T09:21:21.720Z,buy,6.9e-07,248.0,0.00017112
VIB/BTC,1608801684486,2020-12-24T09:21:24.486Z,buy,6.9e-07,875.0,0.00060375
VIB/BTC,1608801686876,2020-12-24T09:21:26.876Z,buy,6.9e-07,789.0,0.00054441
VIB/BTC,1608801690069,2020-12-24T09:21:30.069Z,buy,6.9e-07,2488.0,0.00171672
VIB/BTC,1608801692291,2020-12-24T09:21:32.291Z,buy,6.9e-07,457.0,0.00031533
VIB/BTC,1608801694200,2020-12-24T09:21:34.200Z,buy,6.9e-07,985.0,0.00067965
VIB/BTC,1608801696267,2020-12-24T09:21:36.267Z,buy,6.9e-07,872.0,0.0006016799999999
VIB/BTC,1608801700247,2020-12-24T09:21:40.247Z,buy,6.9e-07,687.0,0.0004740299999999
VIB/BTC,1608801702915,2020-12-24T09:21:42.915Z,buy,6.9e-07,572.0,0.0003946799999999
VIB/BTC,1608801705875,2020-12-24T09:21:45.875Z,buy,6.9e-07,487.0,0.0003360299999999
VIB/BTC,1608801707959,2020-12-24T09:21:47.959Z,buy,6.9e-07,785.0,0.00054165
VIB/BTC,1608801711138,2020-12-24T09:21:51.138Z,buy,6.9e-07,445.0,0.0003070499999999
VIB/BTC,1608801713691,2020-12-24T09:21:53.691Z,buy,6.9e-07,1024.0,0.00070656
VIB/BTC,1608801715932,2020-12-24T09:21:55.932Z,buy,6.9e-07,789.0,0.00054441
VIB/BTC,1608801718981,2020-12-24T09:21:58.981Z,buy,6.9e-07,9825.0,0.00677925
VIB/BTC,1608801725831,2020-12-24T09:22:05.831Z,buy,6.9e-07,2087.0,0.00144003
VIB/BTC,1608801728386,2020-12-24T09:22:08.386Z,buy,6.9e-07,785.0,0.00054165
VIB/BTC,1608801731019,2020-12-24T09:22:11.019Z,buy,6.9e-07,4521.0,0.00311949
VIB/BTC,1608801733435,2020-12-24T09:22:13.435Z,buy,6.9e-07,574.0,0.00039606
VIB/BTC,1608801735882,2020-12-24T09:22:15.882Z,buy,6.9e-07,657.0,0.00045333
VIB/BTC,1608801738607,2020-12-24T09:22:18.607Z,buy,6.9e-07,724.0,0.00049956
VIB/BTC,1608801741183,2020-12-24T09:22:21.183Z,buy,6.9e-07,368.0,0.00025392
VIB/BTC,1608801746074,2020-12-24T09:22:26.074Z,buy,6.9e-07,7306.0,0.0050411399999999
VIB/BTC,1608801750159,2020-12-24T09:22:30.159Z,buy,6.9e-07,3066.0,0.00211554
VIB/BTC,1608801757444,2020-12-24T09:22:37.444Z,buy,6.9e-07,5402.0,0.0037273799999999
VIB/BTC,1608801762968,2020-12-24T09:22:42.968Z,buy,7e-07,500.0,0.00035
VIB/BTC,1608801764317,2020-12-24T09:22:44.317Z,buy,7e-07,500.0,0.00035
VIB/BTC,1608801941684,2020-12-24T09:25:41.684Z,sell,6.9e-07,153.0,0.00010557
VIB/BTC,1608802003710,2020-12-24T09:26:43.710Z,sell,6.9e-07,590.0,0.0004071
VIB/BTC,1608802063062,2020-12-24T09:27:43.062Z,buy,6.9e-07,149.0,0.00010281
VIB/BTC,1608802063062,2020-12-24T09:27:43.062Z,buy,7e-07,11231.0,0.0078617
VIB/BTC,1608802065729,2020-12-24T09:27:45.729Z,buy,6.9e-07,9000.0,0.0062099999999999
VIB/BTC,1608804026536,2020-12-24T10:00:26.536Z,buy,7e-07,369.0,0.0002583
VIB/BTC,1608804231340,2020-12-24T10:03:51.340Z,buy,7e-07,15028.0,0.0105195999999999
VIB/BTC,1608804231359,2020-12-24T10:03:51.359Z,sell,7e-07,4461.0,0.0031227
VIB/BTC,1608804231388,2020-12-24T10:03:51.388Z,sell,7e-07,6639.0,0.0046473
VIB/BTC,1608804231419,2020-12-24T10:03:51.419Z,sell,7e-07,2071.0,0.0014497
VIB/BTC,1608804231435,2020-12-24T10:03:51.435Z,sell,7e-07,10086.0,0.0070602
VIB/BTC,1608804243956,2020-12-24T10:04:03.956Z,sell,7e-07,1812.0,0.0012684
VIB/BTC,1608804243956,2020-12-24T10:04:03.956Z,sell,7e-07,1812.0,0.0012684
VIB/BTC,1608804302264,2020-12-24T10:05:02.264Z,sell,7e-07,2548.0,0.0017836
VIB/BTC,1608804306132,2020-12-24T10:05:06.132Z,sell,7e-07,2048.0,0.0014336
VIB/BTC,1608804311685,2020-12-24T10:05:11.685Z,sell,7e-07,11589.0,0.0081123
VIB/BTC,1608804786290,2020-12-24T10:13:06.290Z,sell,7e-07,26264.0,0.0183848
VIB/BTC,1608804878225,2020-12-24T10:14:38.225Z,sell,7e-07,4534.0,0.0031738
VIB/BTC,1608806215716,2020-12-24T10:36:55.716Z,buy,7e-07,4286.0,0.0030001999999999
VIB/BTC,1608806215858,2020-12-24T10:36:55.858Z,sell,7e-07,3192.0,0.0022344
VIB/BTC,1608806614037,2020-12-24T10:43:34.037Z,buy,7e-07,15463.0,0.0108241
VIB/BTC,1608806683740,2020-12-24T10:44:43.740Z,buy,7e-07,3237.0,0.0022659
VIB/BTC,1608806789582,2020-12-24T10:46:29.582Z,sell,7e-07,400.0,0.00028
VIB/BTC,1608806790224,2020-12-24T10:46:30.224Z,sell,7e-07,400.0,0.00028
VIB/BTC,1608806945285,2020-12-24T10:49:05.285Z,sell,7e-07,400.0,0.00028
VIB/BTC,1608806946396,2020-12-24T10:49:06.396Z,sell,7e-07,400.0,0.00028
VIB/BTC,1608807141355,2020-12-24T10:52:21.355Z,sell,7e-07,200.0,0.00014
VIB/BTC,1608807151444,2020-12-24T10:52:31.444Z,sell,7e-07,200.0,0.00014
VIB/BTC,1608807156313,2020-12-24T10:52:36.313Z,sell,7e-07,200.0,0.00014
VIB/BTC,1608807499376,2020-12-24T10:58:19.376Z,buy,7.1e-07,64979.0,0.04613509
VIB/BTC,1608807499376,2020-12-24T10:58:19.376Z,buy,7.1e-07,64979.0,0.04613509
VIB/BTC,1608808139084,2020-12-24T11:08:59.084Z,sell,7e-07,1474.0,0.0010318
VIB/BTC,1608809110629,2020-12-24T11:25:10.629Z,sell,7e-07,1000.0,0.0007
VIB/BTC,1608809117926,2020-12-24T11:25:17.926Z,sell,7e-07,1000.0,0.0007
VIB/BTC,1608809122647,2020-12-24T11:25:22.647Z,sell,7e-07,1000.0,0.0007
VIB/BTC,1608809191879,2020-12-24T11:26:31.879Z,sell,7e-07,1000.0,0.0007
VIB/BTC,1608810238278,2020-12-24T11:43:58.278Z,buy,7.1e-07,6044.0,0.00429124
VIB/BTC,1608810238278,2020-12-24T11:43:58.278Z,buy,7.1e-07,6044.0,0.00429124
VIB/BTC,1608811659943,2020-12-24T12:07:39.943Z,sell,7e-07,7500.0,0.0052499999999999
VIB/BTC,1608811705854,2020-12-24T12:08:25.854Z,sell,7e-07,11804.0,0.0082627999999999
VIB/BTC,1608811723135,2020-12-24T12:08:43.135Z,sell,7e-07,21094.0,0.0147657999999999
VIB/BTC,1608811811956,2020-12-24T12:10:11.956Z,sell,7e-07,243.0,0.0001701
VIB/BTC,1608811812502,2020-12-24T12:10:12.502Z,sell,7e-07,255.0,0.0001785
VIB/BTC,1608812404223,2020-12-24T12:20:04.223Z,sell,7e-07,147.0,0.0001029
VIB/BTC,1608812404223,2020-12-24T12:20:04.223Z,sell,7e-07,147.0,0.0001029
VIB/BTC,1608814012547,2020-12-24T12:46:52.547Z,sell,7e-07,56226.0,0.0393581999999999
VIB/BTC,1608814098482,2020-12-24T12:48:18.482Z,sell,7e-07,4286.0,0.0030001999999999
VIB/BTC,1608814292041,2020-12-24T12:51:32.041Z,sell,7e-07,31368.0,0.0219576
VIB/BTC,1608814292046,2020-12-24T12:51:32.046Z,sell,7e-07,228.0,0.0001596
VIB/BTC,1608814542020,2020-12-24T12:55:42.020Z,buy,7e-07,182.0,0.0001274
VIB/BTC,1608814757110,2020-12-24T12:59:17.110Z,buy,7e-07,2227.0,0.0015589
VIB/BTC,1608815219896,2020-12-24T13:06:59.896Z,buy,7e-07,321.0,0.0002247
VIB/BTC,1608815919072,2020-12-24T13:18:39.072Z,buy,7e-07,23271.0,0.0162897
VIB/BTC,1608815919072,2020-12-24T13:18:39.072Z,buy,7e-07,23271.0,0.0162897
VIB/BTC,1608816749992,2020-12-24T13:32:29.992Z,buy,7e-07,202.0,0.0001414
VIB/BTC,1608817317283,2020-12-24T13:41:57.283Z,buy,7.1e-07,3567.0,0.00253257
VIB/BTC,1608817322816,2020-12-24T13:42:02.816Z,buy,7.1e-07,583712.0,0.41443552
VIB/BTC,1608817444446,2020-12-24T13:44:04.446Z,buy,7.1e-07,42253.0,0.02999963
VIB/BTC,1608817444754,2020-12-24T13:44:04.754Z,buy,7.1e-07,63380.0,0.0449998
VIB/BTC,1608817712511,2020-12-24T13:48:32.511Z,sell,7e-07,20413.0,0.0142890999999999
VIB/BTC,1608817714853,2020-12-24T13:48:34.853Z,sell,7e-07,3228.0,0.0022596
VIB/BTC,1608818010914,2020-12-24T13:53:30.914Z,buy,7.1e-07,20336.0,0.01443856
VIB/BTC,1608818032867,2020-12-24T13:53:52.867Z,buy,7.1e-07,200.0,0.0001419999999999
VIB/BTC,1608818032867,2020-12-24T13:53:52.867Z,buy,7.1e-07,200.0,0.0001419999999999
VIB/BTC,1608819614413,2020-12-24T14:20:14.413Z,buy,7.1e-07,140.0,9.94e-05
VIB/BTC,1608819680927,2020-12-24T14:21:20.927Z,buy,7.1e-07,140.0,9.94e-05
VIB/BTC,1608819734897,2020-12-24T14:22:14.897Z,sell,7e-07,687.0,0.0004809
VIB/BTC,1608820690382,2020-12-24T14:38:10.382Z,sell,7e-07,2352.0,0.0016464
VIB/BTC,1608820808005,2020-12-24T14:40:08.005Z,buy,7.1e-07,1834.0,0.00130214
VIB/BTC,1608820809302,2020-12-24T14:40:09.302Z,sell,7.1e-07,5976.0,0.00424296
VIB/BTC,1608820809946,2020-12-24T14:40:09.946Z,sell,7.1e-07,1635.0,0.00116085
VIB/BTC,1608821085639,2020-12-24T14:44:45.639Z,sell,7.1e-07,1887.0,0.00133977
VIB/BTC,1608821085639,2020-12-24T14:44:45.639Z,sell,7.1e-07,1887.0,0.00133977
VIB/BTC,1608821729501,2020-12-24T14:55:29.501Z,sell,7.1e-07,360.0,0.0002556
VIB/BTC,1608821730241,2020-12-24T14:55:30.241Z,sell,7.1e-07,2090.0,0.0014839
VIB/BTC,1608822872033,2020-12-24T15:14:32.033Z,buy,7.2e-07,237.0,0.00017064
VIB/BTC,1608822872033,2020-12-24T15:14:32.033Z,buy,7.2e-07,237.0,0.00017064
VIB/BTC,1608825105023,2020-12-24T15:51:45.023Z,sell,7.1e-07,15156.0,0.01076076
VIB/BTC,1608825369346,2020-12-24T15:56:09.346Z,sell,7e-07,6445.0,0.0045115
VIB/BTC,1608826039921,2020-12-24T16:07:19.921Z,buy,7.2e-07,167.0,0.00012024
VIB/BTC,1608826043051,2020-12-24T16:07:23.051Z,buy,7.2e-07,168.0,0.00012096
VIB/BTC,1608826043051,2020-12-24T16:07:23.051Z,buy,7.2e-07,168.0,0.00012096
VIB/BTC,1608827581851,2020-12-24T16:33:01.851Z,buy,7.2e-07,646.0,0.00046512
VIB/BTC,1608828042110,2020-12-24T16:40:42.110Z,sell,7.1e-07,149.0,0.00010579
VIB/BTC,1608828042110,2020-12-24T16:40:42.110Z,sell,7.1e-07,149.0,0.00010579
VIB/BTC,1608829651006,2020-12-24T17:07:31.006Z,sell,7.1e-07,145.0,0.00010295
VIB/BTC,1608829651006,2020-12-24T17:07:31.006Z,sell,7e-07,49543.0,0.0346801
VIB/BTC,1608829840935,2020-12-24T17:10:40.935Z,buy,7.1e-07,159.0,0.00011289
VIB/BTC,1608830662576,2020-12-24T17:24:22.576Z,buy,7.1e-07,143.0,0.00010153
VIB/BTC,1608830705219,2020-12-24T17:25:05.219Z,buy,7.1e-07,141.0,0.00010011
VIB/BTC,1608830705219,2020-12-24T17:25:05.219Z,buy,7.1e-07,141.0,0.00010011
VIB/BTC,1608832260722,2020-12-24T17:51:00.722Z,sell,7e-07,1857.0,0.0012998999999999
VIB/BTC,1608833334484,2020-12-24T18:08:54.484Z,sell,7e-07,991.0,0.0006937
VIB/BTC,1608833376474,2020-12-24T18:09:36.474Z,buy,7.1e-07,1065.0,0.00075615
VIB/BTC,1608833376563,2020-12-24T18:09:36.563Z,buy,7.1e-07,2090.0,0.0014839
VIB/BTC,1608833379004,2020-12-24T18:09:39.004Z,buy,7.1e-07,49.0,3.479e-05
VIB/BTC,1608833452175,2020-12-24T18:10:52.175Z,sell,7e-07,64914.0,0.0454397999999999
VIB/BTC,1608833743594,2020-12-24T18:15:43.594Z,buy,7.1e-07,82772.0,0.05876812
VIB/BTC,1608833743594,2020-12-24T18:15:43.594Z,buy,7.1e-07,82772.0,0.05876812
VIB/BTC,1608834510948,2020-12-24T18:28:30.948Z,sell,7.1e-07,551.0,0.0003912099999999
VIB/BTC,1608834558583,2020-12-24T18:29:18.583Z,buy,7.2e-07,1800.0,0.001296
VIB/BTC,1608834566572,2020-12-24T18:29:26.572Z,buy,7.1e-07,7383.0,0.00524193
VIB/BTC,1608834607987,2020-12-24T18:30:07.987Z,buy,7.2e-07,108000.0,0.07776
VIB/BTC,1608834621399,2020-12-24T18:30:21.399Z,buy,7.2e-07,49674.0,0.0357652799999999
VIB/BTC,1608834626712,2020-12-24T18:30:26.712Z,sell,7.1e-07,724.0,0.00051404
VIB/BTC,1608834692754,2020-12-24T18:31:32.754Z,sell,7.1e-07,624.0,0.00044304
VIB/BTC,1608834877213,2020-12-24T18:34:37.213Z,buy,7.1e-07,798.0,0.00056658
VIB/BTC,1608834911439,2020-12-24T18:35:11.439Z,buy,7.1e-07,1416.0,0.00100536
VIB/BTC,1608835837850,2020-12-24T18:50:37.850Z,sell,7e-07,233.0,0.0001630999999999
VIB/BTC,1608835837850,2020-12-24T18:50:37.850Z,sell,7e-07,233.0,0.0001630999999999
VIB/BTC,1608839498099,2020-12-24T19:51:38.099Z,buy,7.1e-07,2526.0,0.00179346
VIB/BTC,1608839527906,2020-12-24T19:52:07.906Z,sell,7.1e-07,143.0,0.00010153
VIB/BTC,1608839571114,2020-12-24T19:52:51.114Z,sell,7.1e-07,3554.0,0.00252334
VIB/BTC,1608839571114,2020-12-24T19:52:51.114Z,sell,7.1e-07,3554.0,0.00252334
VIB/BTC,1608840136875,2020-12-24T20:02:16.875Z,sell,7.1e-07,145.0,0.00010295
VIB/BTC,1608840682943,2020-12-24T20:11:22.943Z,sell,7.1e-07,770.0,0.0005467
VIB/BTC,1608840699796,2020-12-24T20:11:39.796Z,sell,7.1e-07,146.0,0.00010366
VIB/BTC,1608842770620,2020-12-24T20:46:10.620Z,buy,7.2e-07,78655.0,0.0566316
VIB/BTC,1608842774279,2020-12-24T20:46:14.279Z,sell,7.1e-07,78322.0,0.05560862
VIB/BTC,1608842779745,2020-12-24T20:46:19.745Z,buy,7.2e-07,86544.0,0.06231168
VIB/BTC,1608842783871,2020-12-24T20:46:23.871Z,buy,7.2e-07,83277.0,0.0599594399999999
VIB/BTC,1608842789490,2020-12-24T20:46:29.490Z,buy,7.2e-07,74566.0,0.05368752
VIB/BTC,1608842795573,2020-12-24T20:46:35.573Z,buy,7.2e-07,86544.0,0.06231168
VIB/BTC,1608842801586,2020-12-24T20:46:41.586Z,buy,7.2e-07,83277.0,0.0599594399999999
VIB/BTC,1608842806818,2020-12-24T20:46:46.818Z,buy,7.2e-07,74566.0,0.05368752
VIB/BTC,1608842811869,2020-12-24T20:46:51.869Z,buy,7.2e-07,86544.0,0.06231168
VIB/BTC,1608842816815,2020-12-24T20:46:56.815Z,buy,7.2e-07,86544.0,0.06231168
VIB/BTC,1608842821834,2020-12-24T20:47:01.834Z,buy,7.2e-07,83277.0,0.0599594399999999
VIB/BTC,1608842826272,2020-12-24T20:47:06.272Z,buy,7.2e-07,74566.0,0.05368752
VIB/BTC,1608842831844,2020-12-24T20:47:11.844Z,buy,7.2e-07,86544.0,0.06231168
VIB/BTC,1608842836514,2020-12-24T20:47:16.514Z,buy,7.2e-07,86544.0,0.06231168
VIB/BTC,1608842841660,2020-12-24T20:47:21.660Z,buy,7.2e-07,83277.0,0.0599594399999999
VIB/BTC,1608842846842,2020-12-24T20:47:26.842Z,buy,7.2e-07,74566.0,0.05368752
VIB/BTC,1608842851980,2020-12-24T20:47:31.980Z,buy,7.2e-07,46818.0,0.0337089599999999
VIB/BTC,1608842852057,2020-12-24T20:47:32.057Z,sell,7.2e-07,36459.0,0.02625048
VIB/BTC,1608842857600,2020-12-24T20:47:37.600Z,buy,7.2e-07,74566.0,0.05368752
VIB/BTC,1608842864047,2020-12-24T20:47:44.047Z,buy,7.2e-07,86544.0,0.06231168
VIB/BTC,1608842869703,2020-12-24T20:47:49.703Z,buy,7.2e-07,83277.0,0.0599594399999999
VIB/BTC,1608842873942,2020-12-24T20:47:53.942Z,buy,7.2e-07,74566.0,0.05368752
VIB/BTC,1608842879013,2020-12-24T20:47:59.013Z,buy,7.2e-07,86577.0,0.06233544
VIB/BTC,1608842883543,2020-12-24T20:48:03.543Z,buy,7.2e-07,87644.0,0.06310368
VIB/BTC,1608842888825,2020-12-24T20:48:08.825Z,buy,7.2e-07,84566.0,0.06088752
VIB/BTC,1608842893358,2020-12-24T20:48:13.358Z,buy,7.2e-07,86577.0,0.06233544
VIB/BTC,1608842897681,2020-12-24T20:48:17.681Z,sell,7.1e-07,3499.0,0.00248429
VIB/BTC,1608842897689,2020-12-24T20:48:17.689Z,buy,7.1e-07,768.0,0.00054528
VIB/BTC,1608842899435,2020-12-24T20:48:19.435Z,buy,7.2e-07,83277.0,0.0599594399999999
VIB/BTC,1608842904339,2020-12-24T20:48:24.339Z,buy,7.2e-07,8655.0,0.0062316
VIB/BTC,1608842906859,2020-12-24T20:48:26.859Z,buy,7.2e-07,78322.0,0.05639184
VIB/BTC,1608842911499,2020-12-24T20:48:31.499Z,sell,7.1e-07,1206.0,0.00085626
VIB/BTC,1608842911499,2020-12-24T20:48:31.499Z,sell,7e-07,85382.0,0.0597674
VIB/BTC,1608842915800,2020-12-24T20:48:35.800Z,buy,7.1e-07,29777.0,0.0211416699999999
VIB/BTC,1608842915800,2020-12-24T20:48:35.800Z,buy,7.2e-07,48878.0,0.03519216
VIB/BTC,1608842917809,2020-12-24T20:48:37.809Z,buy,7.1e-07,339.0,0.00024069
VIB/BTC,1608842949520,2020-12-24T20:49:09.520Z,sell,7.1e-07,4225.0,0.00299975
VIB/BTC,1608842952123,2020-12-24T20:49:12.123Z,buy,7.1e-07,83277.0,0.05912667
VIB/BTC,1608842959906,2020-12-24T20:49:19.906Z,sell,7.1e-07,4225.0,0.00299975
VIB/BTC,1608842962017,2020-12-24T20:49:22.017Z,buy,7.1e-07,72300.0,0.051333
VIB/BTC,1608842965995,2020-12-24T20:49:25.995Z,sell,7.1e-07,2266.0,0.00160886
VIB/BTC,1608842968964,2020-12-24T20:49:28.964Z,buy,7.1e-07,81011.0,0.0575178099999999
VIB/BTC,1608842970908,2020-12-24T20:49:30.908Z,sell,7.1e-07,2266.0,0.00160886
VIB/BTC,1608842973606,2020-12-24T20:49:33.606Z,buy,7.1e-07,72300.0,0.051333
VIB/BTC,1608842975561,2020-12-24T20:49:35.561Z,sell,7.1e-07,2266.0,0.00160886
VIB/BTC,1608842978490,2020-12-24T20:49:38.490Z,buy,7.1e-07,81011.0,0.0575178099999999
VIB/BTC,1608842981140,2020-12-24T20:49:41.140Z,sell,7.1e-07,2266.0,0.00160886
VIB/BTC,1608842982760,2020-12-24T20:49:42.760Z,buy,7.1e-07,35225.0,0.02500975
VIB/BTC,1608842983160,2020-12-24T20:49:43.160Z,buy,7.1e-07,47075.0,0.03342325
VIB/BTC,1608842985760,2020-12-24T20:49:45.760Z,sell,7.1e-07,37491.0,0.02661861
VIB/BTC,1608842987823,2020-12-24T20:49:47.823Z,buy,7.1e-07,49086.0,0.0348510599999999
VIB/BTC,1608842990787,2020-12-24T20:49:50.787Z,sell,7.1e-07,37491.0,0.02661861
VIB/BTC,1608842993478,2020-12-24T20:49:53.478Z,buy,7.1e-07,37097.0,0.02633887
VIB/BTC,1608842993478,2020-12-24T20:49:53.478Z,buy,7.1e-07,37097.0,0.02633887
VIB/BTC,1608843252751,2020-12-24T20:54:12.751Z,buy,7.2e-07,86544.0,0.06231168
VIB/BTC,1608843257782,2020-12-24T20:54:17.782Z,buy,7.2e-07,83277.0,0.0599594399999999
VIB/BTC,1608843262428,2020-12-24T20:54:22.428Z,buy,7.2e-07,74566.0,0.05368752
VIB/BTC,1608843265861,2020-12-24T20:54:25.861Z,sell,7.1e-07,83277.0,0.05912667
VIB/BTC,1608843269089,2020-12-24T20:54:29.089Z,buy,7.2e-07,84588.0,0.06090336
VIB/BTC,1608843404341,2020-12-24T20:56:44.341Z,sell,7.1e-07,19786.0,0.01404806
VIB/BTC,1608843404357,2020-12-24T20:56:44.357Z,buy,7.1e-07,2464.0,0.00174944
VIB/BTC,1608843406746,2020-12-24T20:56:46.746Z,buy,7.1e-07,83277.0,0.05912667
VIB/BTC,1608843411894,2020-12-24T20:56:51.894Z,buy,7.1e-07,83255.0,0.05911105
VIB/BTC,1608843412312,2020-12-24T20:56:52.312Z,buy,7.1e-07,12228.0,0.00868188
VIB/BTC,1608843417696,2020-12-24T20:56:57.696Z,buy,7.1e-07,84577.0,0.06004967
VIB/BTC,1608843422024,2020-12-24T20:57:02.024Z,buy,7.1e-07,83277.0,0.05912667
VIB/BTC,1608843427707,2020-12-24T20:57:07.707Z,buy,7.1e-07,84566.0,0.0600418599999999
VIB/BTC,1608843429423,2020-12-24T20:57:09.423Z,buy,7.1e-07,70321.0,0.04992791
VIB/BTC,1608843429584,2020-12-24T20:57:09.584Z,buy,7.1e-07,8012.0,0.00568852
VIB/BTC,1608843434712,2020-12-24T20:57:14.712Z,buy,7.2e-07,78322.0,0.05639184
VIB/BTC,1608843438903,2020-12-24T20:57:18.903Z,buy,7.1e-07,1781.0,0.00126451
VIB/BTC,1608843440962,2020-12-24T20:57:20.962Z,buy,7.1e-07,82785.0,0.05877735
VIB/BTC,1608843443848,2020-12-24T20:57:23.848Z,sell,7.1e-07,1781.0,0.00126451
VIB/BTC,1608843446409,2020-12-24T20:57:26.409Z,buy,7.1e-07,84796.0,0.06020516
VIB/BTC,1608843446631,2020-12-24T20:57:26.631Z,sell,7.1e-07,1781.0,0.00126451
VIB/BTC,1608843456178,2020-12-24T20:57:36.178Z,buy,7.1e-07,74566.0,0.05294186
VIB/BTC,1608843459435,2020-12-24T20:57:39.435Z,sell,7.1e-07,4472.0,0.00317512
VIB/BTC,1608843463056,2020-12-24T20:57:43.056Z,buy,7.1e-07,82105.0,0.05829455
VIB/BTC,1608843465114,2020-12-24T20:57:45.114Z,sell,7.1e-07,841.0,0.00059711
VIB/BTC,1608843466019,2020-12-24T20:57:46.019Z,sell,7.1e-07,3631.0,0.00257801
VIB/BTC,1608843467974,2020-12-24T20:57:47.974Z,buy,7.1e-07,79646.0,0.05654866
VIB/BTC,1608843470078,2020-12-24T20:57:50.078Z,sell,7.1e-07,3631.0,0.00257801
VIB/BTC,1608843472684,2020-12-24T20:57:52.684Z,buy,7.1e-07,70935.0,0.05036385
VIB/BTC,1608843480343,2020-12-24T20:58:00.343Z,sell,7.1e-07,3631.0,0.00257801
VIB/BTC,1608843482696,2020-12-24T20:58:02.696Z,buy,7.1e-07,70935.0,0.05036385
VIB/BTC,1608843485860,2020-12-24T20:58:05.860Z,sell,7.1e-07,3631.0,0.00257801
VIB/BTC,1608843488759,2020-12-24T20:58:08.759Z,buy,7.1e-07,79646.0,0.05654866
VIB/BTC,1608843492909,2020-12-24T20:58:12.909Z,sell,7.1e-07,3631.0,0.00257801
VIB/BTC,1608843492943,2020-12-24T20:58:12.943Z,buy,7.1e-07,1032.0,0.00073272
VIB/BTC,1608843495922,2020-12-24T20:58:15.922Z,buy,7.1e-07,81881.0,0.05813551
VIB/BTC,1608843498154,2020-12-24T20:58:18.154Z,sell,7.1e-07,4663.0,0.00331073
VIB/BTC,1608843498167,2020-12-24T20:58:18.167Z,buy,7.1e-07,7288.0,0.0051744799999999
VIB/BTC,1608843498489,2020-12-24T20:58:18.489Z,buy,7.1e-07,999.0,0.00070929
VIB/BTC,1608843500406,2020-12-24T20:58:20.406Z,buy,7.1e-07,85782.0,0.0609052199999999
VIB/BTC,1608843515439,2020-12-24T20:58:35.439Z,sell,7.1e-07,1873.0,0.00132983
VIB/BTC,1608843517756,2020-12-24T20:58:37.756Z,buy,7.1e-07,72693.0,0.0516120299999999
VIB/BTC,1608843520734,2020-12-24T20:58:40.734Z,sell,7.1e-07,1873.0,0.00132983
VIB/BTC,1608843523853,2020-12-24T20:58:43.853Z,buy,7.1e-07,81404.0,0.0577968399999999
VIB/BTC,1608843525812,2020-12-24T20:58:45.812Z,sell,7.1e-07,1873.0,0.00132983
VIB/BTC,1608843528298,2020-12-24T20:58:48.298Z,buy,7.1e-07,84671.0,0.0601164099999999
VIB/BTC,1608843530887,2020-12-24T20:58:50.887Z,sell,7.1e-07,1873.0,0.00132983
VIB/BTC,1608843533269,2020-12-24T20:58:53.269Z,buy,7.1e-07,76449.0,0.05427879
VIB/BTC,1608843535437,2020-12-24T20:58:55.437Z,sell,7.1e-07,1873.0,0.00132983
VIB/BTC,1608843537804,2020-12-24T20:58:57.804Z,buy,7.1e-07,82693.0,0.05871203
VIB/BTC,1608843540614,2020-12-24T20:59:00.614Z,sell,7.1e-07,1873.0,0.00132983
VIB/BTC,1608843543084,2020-12-24T20:59:03.084Z,buy,7.1e-07,84704.0,0.06013984
VIB/BTC,1608843550999,2020-12-24T20:59:10.999Z,sell,7.1e-07,1873.0,0.00132983
VIB/BTC,1608843553107,2020-12-24T20:59:13.107Z,buy,7.1e-07,81404.0,0.0577968399999999
VIB/BTC,1608843555300,2020-12-24T20:59:15.300Z,sell,7.1e-07,1873.0,0.00132983
VIB/BTC,1608843557838,2020-12-24T20:59:17.838Z,buy,7.1e-07,72693.0,0.0516120299999999
VIB/BTC,1608843671790,2020-12-24T21:01:11.790Z,sell,7.1e-07,1873.0,0.00132983
VIB/BTC,1608843674104,2020-12-24T21:01:14.104Z,buy,7.1e-07,84671.0,0.0601164099999999
VIB/BTC,1608843682843,2020-12-24T21:01:22.843Z,sell,7.1e-07,1873.0,0.00132983
VIB/BTC,1608843684987,2020-12-24T21:01:24.987Z,buy,7.1e-07,81404.0,0.0577968399999999
VIB/BTC,1608843688052,2020-12-24T21:01:28.052Z,sell,7.1e-07,1873.0,0.00132983
VIB/BTC,1608843690976,2020-12-24T21:01:30.976Z,buy,7.1e-07,76449.0,0.05427879
VIB/BTC,1608843697038,2020-12-24T21:01:37.038Z,sell,7.1e-07,1873.0,0.00132983
VIB/BTC,1608843699282,2020-12-24T21:01:39.282Z,buy,7.1e-07,81404.0,0.0577968399999999
VIB/BTC,1608843702248,2020-12-24T21:01:42.248Z,sell,7.1e-07,1873.0,0.00132983
VIB/BTC,1608843704925,2020-12-24T21:01:44.925Z,buy,7.1e-07,76782.0,0.0545152199999999
VIB/BTC,1608843707896,2020-12-24T21:01:47.896Z,sell,7.1e-07,1873.0,0.00132983
VIB/BTC,1608843709805,2020-12-24T21:01:49.805Z,buy,7.1e-07,82693.0,0.05871203
VIB/BTC,1608843712771,2020-12-24T21:01:52.771Z,sell,7.1e-07,1873.0,0.00132983
VIB/BTC,1608843715013,2020-12-24T21:01:55.013Z,buy,7.1e-07,81404.0,0.0577968399999999
VIB/BTC,1608843724297,2020-12-24T21:02:04.297Z,sell,7.1e-07,1873.0,0.00132983
VIB/BTC,1608843726269,2020-12-24T21:02:06.269Z,buy,7.1e-07,84704.0,0.06013984
VIB/BTC,1608843729315,2020-12-24T21:02:09.315Z,sell,7.1e-07,1873.0,0.00132983
VIB/BTC,1608843731227,2020-12-24T21:02:11.227Z,buy,7.1e-07,82693.0,0.05871203
VIB/BTC,1608843733422,2020-12-24T21:02:13.422Z,sell,7.1e-07,1873.0,0.00132983
VIB/BTC,1608843735599,2020-12-24T21:02:15.599Z,buy,7.1e-07,76782.0,0.0545152199999999
VIB/BTC,1608843738224,2020-12-24T21:02:18.224Z,sell,7.1e-07,1873.0,0.00132983
VIB/BTC,1608843740886,2020-12-24T21:02:20.886Z,buy,7.1e-07,84704.0,0.06013984
VIB/BTC,1608843742904,2020-12-24T21:02:22.904Z,sell,7.1e-07,1873.0,0.00132983
VIB/BTC,1608843745522,2020-12-24T21:02:25.522Z,buy,7.1e-07,76449.0,0.05427879
VIB/BTC,1608843747758,2020-12-24T21:02:27.758Z,sell,7.1e-07,1873.0,0.00132983
VIB/BTC,1608843749849,2020-12-24T21:02:29.849Z,buy,7.1e-07,82693.0,0.05871203
VIB/BTC,1608843751849,2020-12-24T21:02:31.849Z,sell,7.1e-07,1873.0,0.00132983
VIB/BTC,1608843754061,2020-12-24T21:02:34.061Z,buy,7.1e-07,84704.0,0.06013984
VIB/BTC,1608843756349,2020-12-24T21:02:36.349Z,sell,7.1e-07,1873.0,0.00132983
VIB/BTC,1608843758620,2020-12-24T21:02:38.620Z,buy,7.1e-07,76449.0,0.05427879
VIB/BTC,1608843761488,2020-12-24T21:02:41.488Z,sell,7.1e-07,1873.0,0.00132983
VIB/BTC,1608843764828,2020-12-24T21:02:44.828Z,buy,7.1e-07,84577.0,0.06004967
VIB/BTC,1608843769870,2020-12-24T21:02:49.870Z,buy,7.1e-07,86577.0,0.06146967
VIB/BTC,1608843775782,2020-12-24T21:02:55.782Z,buy,7.1e-07,78655.0,0.05584505
VIB/BTC,1608843780963,2020-12-24T21:03:00.963Z,buy,7.1e-07,84566.0,0.0600418599999999
VIB/BTC,1608843785320,2020-12-24T21:03:05.320Z,buy,7.1e-07,86577.0,0.06146967
VIB/BTC,1608843789584,2020-12-24T21:03:09.584Z,buy,7.1e-07,83277.0,0.05912667
VIB/BTC,1608843795732,2020-12-24T21:03:15.732Z,buy,7.1e-07,74566.0,0.05294186
VIB/BTC,1608843800405,2020-12-24T21:03:20.405Z,buy,7.1e-07,86588.0,0.06147748
VIB/BTC,1608843805126,2020-12-24T21:03:25.126Z,buy,7.1e-07,74566.0,0.05294186
VIB/BTC,1608843809471,2020-12-24T21:03:29.471Z,buy,7.1e-07,83277.0,0.05912667
VIB/BTC,1608844062267,2020-12-24T21:07:42.267Z,buy,7.1e-07,86544.0,0.06144624
VIB/BTC,1608844066823,2020-12-24T21:07:46.823Z,buy,7.1e-07,83277.0,0.05912667
VIB/BTC,1608844070877,2020-12-24T21:07:50.877Z,buy,7.1e-07,84566.0,0.0600418599999999
VIB/BTC,1608844075332,2020-12-24T21:07:55.332Z,buy,7.1e-07,78655.0,0.05584505
VIB/BTC,1608844079808,2020-12-24T21:07:59.808Z,buy,7.1e-07,86544.0,0.06144624
VIB/BTC,1608844084566,2020-12-24T21:08:04.566Z,buy,7.1e-07,83277.0,0.05912667
VIB/BTC,1608844088821,2020-12-24T21:08:08.821Z,buy,7.1e-07,78655.0,0.05584505
VIB/BTC,1608844093231,2020-12-24T21:08:13.231Z,buy,7.1e-07,84566.0,0.0600418599999999
VIB/BTC,1608844104304,2020-12-24T21:08:24.304Z,buy,7.1e-07,86588.0,0.06147748
VIB/BTC,1608844108518,2020-12-24T21:08:28.518Z,buy,7.1e-07,74566.0,0.05294186
VIB/BTC,1608844113406,2020-12-24T21:08:33.406Z,buy,7.1e-07,83277.0,0.05912667
VIB/BTC,1608844117560,2020-12-24T21:08:37.560Z,buy,7.1e-07,74566.0,0.05294186
VIB/BTC,1608844122171,2020-12-24T21:08:42.171Z,buy,7.1e-07,86577.0,0.06146967
VIB/BTC,1608844128901,2020-12-24T21:08:48.901Z,buy,7.1e-07,83277.0,0.05912667
VIB/BTC,1608844133651,2020-12-24T21:08:53.651Z,buy,7.1e-07,86544.0,0.06144624
VIB/BTC,1608844272679,2020-12-24T21:11:12.679Z,buy,7.1e-07,74566.0,0.05294186
VIB/BTC,1608844277801,2020-12-24T21:11:17.801Z,buy,7.1e-07,83277.0,0.05912667
VIB/BTC,1608844282464,2020-12-24T21:11:22.464Z,buy,7.1e-07,84566.0,0.0600418599999999
VIB/BTC,1608844293782,2020-12-24T21:11:33.782Z,buy,7.1e-07,78655.0,0.05584505
VIB/BTC,1608844298671,2020-12-24T21:11:38.671Z,buy,7.1e-07,83277.0,0.05912667
VIB/BTC,1608844311448,2020-12-24T21:11:51.448Z,buy,7.1e-07,74566.0,0.05294186
VIB/BTC,1608844332960,2020-12-24T21:12:12.960Z,buy,7.1e-07,74566.0,0.05294186
VIB/BTC,1608844337626,2020-12-24T21:12:17.626Z,buy,7.1e-07,86588.0,0.06147748
VIB/BTC,1608844342901,2020-12-24T21:12:22.901Z,buy,7.1e-07,74588.0,0.05295748
VIB/BTC,1608844350914,2020-12-24T21:12:30.914Z,buy,7.1e-07,86544.0,0.06144624
VIB/BTC,1608844355768,2020-12-24T21:12:35.768Z,buy,7.1e-07,83277.0,0.05912667
VIB/BTC,1608844505253,2020-12-24T21:15:05.253Z,buy,7.1e-07,86544.0,0.06144624
VIB/BTC,1608844510746,2020-12-24T21:15:10.746Z,buy,7.1e-07,83277.0,0.05912667
VIB/BTC,1608844514614,2020-12-24T21:15:14.614Z,buy,7.1e-07,74566.0,0.05294186
VIB/BTC,1608844519398,2020-12-24T21:15:19.398Z,buy,7.1e-07,48653.0,0.03454363
VIB/BTC,1608844525204,2020-12-24T21:15:25.204Z,buy,7.1e-07,89657.0,0.0636564699999999
VIB/BTC,1608844530104,2020-12-24T21:15:30.104Z,buy,7.1e-07,68574.0,0.04868754
VIB/BTC,1608844535665,2020-12-24T21:15:35.665Z,buy,7.1e-07,58745.0,0.04170895
VIB/BTC,1608844540556,2020-12-24T21:15:40.556Z,buy,7.1e-07,98657.0,0.07004647
VIB/BTC,1608844545491,2020-12-24T21:15:45.491Z,buy,7.1e-07,74588.0,0.05295748
VIB/BTC,1608844550165,2020-12-24T21:15:50.165Z,buy,7.1e-07,68577.0,0.04868967
VIB/BTC,1608844554815,2020-12-24T21:15:54.815Z,buy,7.1e-07,84588.0,0.0600574799999999
VIB/BTC,1608844559214,2020-12-24T21:15:59.214Z,buy,7.1e-07,78322.0,0.05560862
VIB/BTC,1608844563105,2020-12-24T21:16:03.105Z,buy,7.1e-07,84566.0,0.0600418599999999
VIB/BTC,1608844568170,2020-12-24T21:16:08.170Z,buy,7.1e-07,68789.0,0.04884019
VIB/BTC,1608844574798,2020-12-24T21:16:14.798Z,buy,7.1e-07,58477.0,0.04151867
VIB/BTC,1608844580558,2020-12-24T21:16:20.558Z,buy,7.1e-07,83277.0,0.05912667
VIB/BTC,1608844582682,2020-12-24T21:16:22.682Z,buy,7.1e-07,48517.0,0.0344470699999999
VIB/BTC,1608844585226,2020-12-24T21:16:25.226Z,sell,7.1e-07,30171.0,0.02142141
VIB/BTC,1608844587303,2020-12-24T21:16:27.303Z,buy,7.1e-07,50975.0,0.03619225
VIB/BTC,1608844589756,2020-12-24T21:16:29.756Z,sell,7.1e-07,33613.0,0.0238652299999999
VIB/BTC,1608844591896,2020-12-24T21:16:31.896Z,buy,7.1e-07,49664.0,0.03526144
VIB/BTC,1608844594405,2020-12-24T21:16:34.405Z,sell,7.1e-07,33613.0,0.0238652299999999
VIB/BTC,1608844596589,2020-12-24T21:16:36.589Z,buy,7.1e-07,45075.0,0.03200325
VIB/BTC,1608844598902,2020-12-24T21:16:38.902Z,sell,7.1e-07,33613.0,0.0238652299999999
VIB/BTC,1608844601062,2020-12-24T21:16:41.062Z,buy,7.1e-07,50953.0,0.03617663
VIB/BTC,1608844603633,2020-12-24T21:16:43.633Z,sell,7.1e-07,33613.0,0.0238652299999999
VIB/BTC,1608844605825,2020-12-24T21:16:45.825Z,buy,7.1e-07,65075.0,0.04620325
VIB/BTC,1608844608715,2020-12-24T21:16:48.715Z,sell,7.1e-07,33613.0,0.0238652299999999
VIB/BTC,1608844611135,2020-12-24T21:16:51.135Z,buy,7.1e-07,45044.0,0.03198124
VIB/BTC,1608844613328,2020-12-24T21:16:53.328Z,sell,7.1e-07,33644.0,0.02388724
VIB/BTC,1608844615620,2020-12-24T21:16:55.620Z,buy,7.1e-07,50922.0,0.03615462
VIB/BTC,1608844623136,2020-12-24T21:17:03.136Z,sell,7.1e-07,33644.0,0.02388724
VIB/BTC,1608844625751,2020-12-24T21:17:05.751Z,buy,7.1e-07,52933.0,0.03758243
VIB/BTC,1608844627371,2020-12-24T21:17:07.371Z,sell,7.1e-07,33644.0,0.02388724
VIB/BTC,1608844629481,2020-12-24T21:17:09.481Z,buy,7.1e-07,40922.0,0.02905462
VIB/BTC,1608844631617,2020-12-24T21:17:11.617Z,sell,7.1e-07,33644.0,0.02388724
VIB/BTC,1608844634232,2020-12-24T21:17:14.232Z,buy,7.1e-07,52933.0,0.03758243
VIB/BTC,1608844636203,2020-12-24T21:17:16.203Z,sell,7.1e-07,33644.0,0.02388724
VIB/BTC,1608844638910,2020-12-24T21:17:18.910Z,buy,7.1e-07,65011.0,0.04615781
VIB/BTC,1608844641291,2020-12-24T21:17:21.291Z,sell,7.1e-07,33644.0,0.02388724
VIB/BTC,1608844643860,2020-12-24T21:17:23.860Z,buy,7.1e-07,40889.0,0.02903119
VIB/BTC,1608844645943,2020-12-24T21:17:25.943Z,sell,7.1e-07,33644.0,0.02388724
VIB/BTC,1608844648114,2020-12-24T21:17:28.114Z,buy,7.1e-07,15011.0,0.01065781
VIB/BTC,1608844650312,2020-12-24T21:17:30.312Z,sell,7.1e-07,33644.0,0.02388724
VIB/BTC,1608844652606,2020-12-24T21:17:32.606Z,buy,7.1e-07,39633.0,0.02813943
VIB/BTC,1608844661194,2020-12-24T21:17:41.194Z,sell,7.1e-07,84566.0,0.0600418599999999
VIB/BTC,1608844665321,2020-12-24T21:17:45.321Z,buy,7.2e-07,48655.0,0.0350315999999999
VIB/BTC,1608844665321,2020-12-24T21:17:45.321Z,buy,7.2e-07,48655.0,0.0350315999999999
VIB/BTC,1608846613582,2020-12-24T21:50:13.582Z,buy,7.2e-07,9146.0,0.00658512
VIB/BTC,1608846613603,2020-12-24T21:50:13.603Z,sell,7.2e-07,26224.0,0.01888128
VIB/BTC,1608846627883,2020-12-24T21:50:27.883Z,sell,7.1e-07,3384.0,0.0024026399999999
VIB/BTC,1608846636544,2020-12-24T21:50:36.544Z,sell,7.1e-07,2051.0,0.0014562099999999
VIB/BTC,1608846910473,2020-12-24T21:55:10.473Z,sell,7.1e-07,7753.0,0.00550463
VIB/BTC,1608846938893,2020-12-24T21:55:38.893Z,buy,7.2e-07,231.0,0.00016632
VIB/BTC,1608847143903,2020-12-24T21:59:03.903Z,sell,7.1e-07,13815.0,0.00980865
VIB/BTC,1608847171096,2020-12-24T21:59:31.096Z,buy,7.1e-07,15730.0,0.0111682999999999
VIB/BTC,1608847865562,2020-12-24T22:11:05.562Z,sell,7.1e-07,438.0,0.00031098
VIB/BTC,1608847865562,2020-12-24T22:11:05.562Z,sell,7.1e-07,438.0,0.00031098
VIB/BTC,1608848448525,2020-12-24T22:20:48.525Z,sell,7.1e-07,26624.0,0.01890304
VIB/BTC,1608849048074,2020-12-24T22:30:48.074Z,buy,7.2e-07,1454.0,0.00104688
VIB/BTC,1608849366664,2020-12-24T22:36:06.664Z,sell,7.1e-07,79920.0,0.0567432
VIB/BTC,1608849606986,2020-12-24T22:40:06.986Z,sell,7.1e-07,1194.0,0.0008477399999999
VIB/BTC,1608849607055,2020-12-24T22:40:07.055Z,sell,7.1e-07,1801.0,0.00127871
VIB/BTC,1608849829550,2020-12-24T22:43:49.550Z,buy,7.2e-07,198.0,0.00014256
VIB/BTC,1608850020184,2020-12-24T22:47:00.184Z,sell,7.1e-07,1469.0,0.00104299
VIB/BTC,1608850267622,2020-12-24T22:51:07.622Z,buy,7.1e-07,1000.0,0.00071
VIB/BTC,1608850832046,2020-12-24T23:00:32.046Z,sell,7.1e-07,19505.0,0.01384855
VIB/BTC,1608850832046,2020-12-24T23:00:32.046Z,sell,7.1e-07,19505.0,0.01384855
VIB/BTC,1608852348665,2020-12-24T23:25:48.665Z,sell,7.1e-07,1000.0,0.00071
VIB/BTC,1608853918534,2020-12-24T23:51:58.534Z,sell,7e-07,1045.0,0.0007314999999999
VIB/BTC,1608853918534,2020-12-24T23:51:58.534Z,sell,7e-07,1045.0,0.0007314999999999
VIB/BTC,1608856376822,2020-12-25T00:32:56.822Z,sell,7e-07,4529.0,0.0031703
VIB/BTC,1608856476379,2020-12-25T00:34:36.379Z,buy,7.1e-07,5147.0,0.00365437
VIB/BTC,1608856691251,2020-12-25T00:38:11.251Z,buy,7.1e-07,5141.0,0.00365011
VIB/BTC,1608856786449,2020-12-25T00:39:46.449Z,sell,7.1e-07,5009.0,0.00355639
VIB/BTC,1608857461230,2020-12-25T00:51:01.230Z,sell,7.1e-07,192.0,0.00013632
VIB/BTC,1608857461230,2020-12-25T00:51:01.230Z,sell,7.1e-07,192.0,0.00013632
VIB/BTC,1608858161055,2020-12-25T01:02:41.055Z,sell,7.1e-07,10342.0,0.00734282
VIB/BTC,1608858223222,2020-12-25T01:03:43.222Z,buy,7.2e-07,5554.0,0.00399888
VIB/BTC,1608859115620,2020-12-25T01:18:35.620Z,buy,7.2e-07,938.0,0.00067536
VIB/BTC,1608859971729,2020-12-25T01:32:51.729Z,sell,7.1e-07,1001.0,0.00071071
VIB/BTC,1608859989862,2020-12-25T01:33:09.862Z,buy,7.2e-07,13888.0,0.00999936
VIB/BTC,1608859989862,2020-12-25T01:33:09.862Z,buy,7.2e-07,13888.0,0.00999936
VIB/BTC,1608865811125,2020-12-25T03:10:11.125Z,sell,7.1e-07,153.0,0.00010863
VIB/BTC,1608865811125,2020-12-25T03:10:11.125Z,sell,7.1e-07,153.0,0.00010863
VIB/BTC,1608866691548,2020-12-25T03:24:51.548Z,sell,7.1e-07,8370.0,0.0059426999999999
VIB/BTC,1608868343313,2020-12-25T03:52:23.313Z,sell,7.1e-07,396.0,0.0002811599999999
VIB/BTC,1608869252955,2020-12-25T04:07:32.955Z,sell,7.1e-07,7457.0,0.00529447
VIB/BTC,1608869252955,2020-12-25T04:07:32.955Z,sell,7.1e-07,7457.0,0.00529447
VIB/BTC,1608870147689,2020-12-25T04:22:27.689Z,buy,7.2e-07,583.0,0.00041976
VIB/BTC,1608872623066,2020-12-25T05:03:43.066Z,sell,7.1e-07,99900.0,0.0709289999999999
VIB/BTC,1608872623066,2020-12-25T05:03:43.066Z,sell,7.1e-07,99900.0,0.0709289999999999
VIB/BTC,1608873377442,2020-12-25T05:16:17.442Z,sell,7.1e-07,141.0,0.00010011
VIB/BTC,1608874117859,2020-12-25T05:28:37.859Z,buy,7.1e-07,323.0,0.00022933
VIB/BTC,1608875428971,2020-12-25T05:50:28.971Z,sell,7e-07,24000.0,0.0168
VIB/BTC,1608875693967,2020-12-25T05:54:53.967Z,buy,7.1e-07,3663.0,0.00260073
VIB/BTC,1608875734215,2020-12-25T05:55:34.215Z,buy,7.1e-07,800.0,0.0005679999999999
VIB/BTC,1608875751303,2020-12-25T05:55:51.303Z,sell,7e-07,4463.0,0.0031241
VIB/BTC,1608875751303,2020-12-25T05:55:51.303Z,sell,7e-07,4463.0,0.0031241
VIB/BTC,1608877174233,2020-12-25T06:19:34.233Z,sell,7e-07,938.0,0.0006566
VIB/BTC,1608878444225,2020-12-25T06:40:44.225Z,buy,7.1e-07,180.0,0.0001278
VIB/BTC,1608878893817,2020-12-25T06:48:13.817Z,buy,7.1e-07,399.0,0.00028329
VIB/BTC,1608878893817,2020-12-25T06:48:13.817Z,buy,7.1e-07,399.0,0.00028329
VIB/BTC,1608879491837,2020-12-25T06:58:11.837Z,buy,7.1e-07,26680.0,0.0189428
VIB/BTC,1608879626321,2020-12-25T07:00:26.321Z,sell,7.1e-07,177.0,0.00012567
VIB/BTC,1608879697493,2020-12-25T07:01:37.493Z,sell,7.1e-07,3120.0,0.0022152
VIB/BTC,1608882259698,2020-12-25T07:44:19.698Z,sell,7e-07,56848.0,0.0397936
VIB/BTC,1608882367467,2020-12-25T07:46:07.467Z,buy,7.1e-07,2629.0,0.00186659
VIB/BTC,1608882367467,2020-12-25T07:46:07.467Z,buy,7.1e-07,2629.0,0.00186659
VIB/BTC,1608882600360,2020-12-25T07:50:00.360Z,sell,7.1e-07,11023.0,0.00782633
VIB/BTC,1608882795294,2020-12-25T07:53:15.294Z,sell,7.1e-07,2524.0,0.00179204
VIB/BTC,1608882936414,2020-12-25T07:55:36.414Z,sell,7.1e-07,176.0,0.00012496
VIB/BTC,1608883295469,2020-12-25T08:01:35.469Z,buy,7.2e-07,3612.0,0.00260064
VIB/BTC,1608883298215,2020-12-25T08:01:38.215Z,sell,7.1e-07,19539.0,0.01387269
VIB/BTC,1608883488613,2020-12-25T08:04:48.613Z,sell,7.1e-07,483.0,0.0003429299999999
VIB/BTC,1608883608239,2020-12-25T08:06:48.239Z,sell,7.1e-07,449.0,0.00031879
VIB/BTC,1608883713380,2020-12-25T08:08:33.380Z,sell,7.1e-07,19491.0,0.01383861
VIB/BTC,1608883716235,2020-12-25T08:08:36.235Z,buy,7.1e-07,141.0,0.00010011
VIB/BTC,1608883735212,2020-12-25T08:08:55.212Z,buy,7.1e-07,17497.0,0.0124228699999999
VIB/BTC,1608883788674,2020-12-25T08:09:48.674Z,buy,7.1e-07,17497.0,0.0124228699999999
VIB/BTC,1608883804883,2020-12-25T08:10:04.883Z,sell,7.1e-07,2503.0,0.00177713
VIB/BTC,1608883988824,2020-12-25T08:13:08.824Z,buy,7.1e-07,6963.0,0.0049437299999999
VIB/BTC,1608885112884,2020-12-25T08:31:52.884Z,buy,7.1e-07,30598.0,0.02172458
VIB/BTC,1608885813957,2020-12-25T08:43:33.957Z,sell,7e-07,255788.0,0.1790516
VIB/BTC,1608885822972,2020-12-25T08:43:42.972Z,sell,7e-07,217766.0,0.1524362
VIB/BTC,1608885831704,2020-12-25T08:43:51.704Z,sell,7e-07,217765.0,0.1524355
VIB/BTC,1608885845896,2020-12-25T08:44:05.896Z,buy,7.1e-07,388404.0,0.27576684
VIB/BTC,1608885846535,2020-12-25T08:44:06.535Z,sell,7.1e-07,84368.0,0.05990128
VIB/BTC,1608885847322,2020-12-25T08:44:07.322Z,buy,7.1e-07,98815.0,0.07015865
VIB/BTC,1608885866171,2020-12-25T08:44:26.171Z,sell,7e-07,427791.0,0.2994537
VIB/BTC,1608885870211,2020-12-25T08:44:30.211Z,buy,7.1e-07,480123.0,0.34088733
VIB/BTC,1608885871745,2020-12-25T08:44:31.745Z,sell,7.1e-07,35679.0,0.0253320899999999
VIB/BTC,1608885871808,2020-12-25T08:44:31.808Z,sell,7.1e-07,215.0,0.00015265
VIB/BTC,1608885876160,2020-12-25T08:44:36.160Z,sell,7.1e-07,303026.0,0.2151484599999999
VIB/BTC,1608885888853,2020-12-25T08:44:48.853Z,buy,7.1e-07,852313.0,0.60514223
VIB/BTC,1608885888857,2020-12-25T08:44:48.857Z,sell,7.1e-07,26659.0,0.01892789
VIB/BTC,1608885898459,2020-12-25T08:44:58.459Z,buy,7.1e-07,747706.0,0.53087126
VIB/BTC,1608885905139,2020-12-25T08:45:05.139Z,buy,7.1e-07,747706.0,0.53087126
VIB/BTC,1608885912281,2020-12-25T08:45:12.281Z,buy,7.1e-07,733905.0,0.52107255
VIB/BTC,1608885916822,2020-12-25T08:45:16.822Z,sell,7e-07,78868.0,0.0552075999999999
VIB/BTC,1608885946012,2020-12-25T08:45:46.012Z,buy,7.1e-07,631819.0,0.44859149
VIB/BTC,1608885953408,2020-12-25T08:45:53.408Z,buy,7.1e-07,591837.0,0.42020427
VIB/BTC,1608885966175,2020-12-25T08:46:06.175Z,buy,7.1e-07,514898.0,0.36557758
VIB/BTC,1608885966175,2020-12-25T08:46:06.175Z,buy,7.1e-07,514898.0,0.36557758
VIB/BTC,1608885969287,2020-12-25T08:46:09.287Z,buy,7.1e-07,273833.0,0.19442143
VIB/BTC,1608885971691,2020-12-25T08:46:11.691Z,buy,7.1e-07,128177.0,0.09100567
VIB/BTC,1608885977645,2020-12-25T08:46:17.645Z,buy,7.1e-07,75741.0,0.0537761099999999
VIB/BTC,1608885982791,2020-12-25T08:46:22.791Z,sell,7e-07,38935.0,0.0272544999999999
VIB/BTC,1608885990269,2020-12-25T08:46:30.269Z,sell,7e-07,104909.0,0.0734363
VIB/BTC,1608885996838,2020-12-25T08:46:36.838Z,sell,7e-07,29846.0,0.0208922
VIB/BTC,1608885996847,2020-12-25T08:46:36.847Z,buy,7e-07,4739.0,0.0033173
VIB/BTC,1608885997050,2020-12-25T08:46:37.050Z,buy,7e-07,58784.0,0.0411488
VIB/BTC,1608886005031,2020-12-25T08:46:45.031Z,sell,7e-07,75544.0,0.0528808
VIB/BTC,1608886024935,2020-12-25T08:47:04.935Z,buy,7.1e-07,500.0,0.000355
VIB/BTC,1608886027009,2020-12-25T08:47:07.009Z,buy,7.1e-07,500.0,0.000355
VIB/BTC,1608886027487,2020-12-25T08:47:07.487Z,buy,7.1e-07,7822.0,0.0055536199999999
VIB/BTC,1608886028619,2020-12-25T08:47:08.619Z,buy,7.1e-07,500.0,0.000355
VIB/BTC,1608886030235,2020-12-25T08:47:10.235Z,buy,7.1e-07,5869.0,0.00416699
VIB/BTC,1608886031354,2020-12-25T08:47:11.354Z,buy,7.1e-07,500.0,0.000355
VIB/BTC,1608886032731,2020-12-25T08:47:12.731Z,buy,7.1e-07,500.0,0.000355
VIB/BTC,1608886034314,2020-12-25T08:47:14.314Z,buy,7.1e-07,500.0,0.000355
VIB/BTC,1608886036093,2020-12-25T08:47:16.093Z,buy,7.1e-07,500.0,0.000355
VIB/BTC,1608886037392,2020-12-25T08:47:17.392Z,buy,7.1e-07,500.0,0.000355
VIB/BTC,1608886038892,2020-12-25T08:47:18.892Z,buy,7.1e-07,500.0,0.000355
VIB/BTC,1608886040788,2020-12-25T08:47:20.788Z,buy,7.1e-07,500.0,0.000355
VIB/BTC,1608886042258,2020-12-25T08:47:22.258Z,buy,7.1e-07,500.0,0.000355
VIB/BTC,1608886043608,2020-12-25T08:47:23.608Z,buy,7.1e-07,500.0,0.000355
VIB/BTC,1608886045107,2020-12-25T08:47:25.107Z,buy,7.1e-07,500.0,0.000355
VIB/BTC,1608886046434,2020-12-25T08:47:26.434Z,buy,7.1e-07,500.0,0.000355
VIB/BTC,1608886048082,2020-12-25T08:47:28.082Z,buy,7.1e-07,500.0,0.000355
VIB/BTC,1608886050095,2020-12-25T08:47:30.095Z,buy,7.1e-07,500.0,0.000355
VIB/BTC,1608886061821,2020-12-25T08:47:41.821Z,buy,7.1e-07,500.0,0.000355
VIB/BTC,1608886064862,2020-12-25T08:47:44.862Z,sell,7e-07,68839.0,0.0481872999999999
VIB/BTC,1608886074177,2020-12-25T08:47:54.177Z,sell,7e-07,24782.0,0.0173474
VIB/BTC,1608886114097,2020-12-25T08:48:34.097Z,buy,7.1e-07,500.0,0.000355
VIB/BTC,1608886115547,2020-12-25T08:48:35.547Z,buy,7.1e-07,500.0,0.000355
VIB/BTC,1608886117825,2020-12-25T08:48:37.825Z,buy,7.1e-07,500.0,0.000355
VIB/BTC,1608886119417,2020-12-25T08:48:39.417Z,buy,7.1e-07,500.0,0.000355
VIB/BTC,1608886120640,2020-12-25T08:48:40.640Z,buy,7.1e-07,500.0,0.000355
VIB/BTC,1608886121952,2020-12-25T08:48:41.952Z,buy,7.1e-07,500.0,0.000355
VIB/BTC,1608886123394,2020-12-25T08:48:43.394Z,buy,7.1e-07,500.0,0.000355
VIB/BTC,1608886126970,2020-12-25T08:48:46.970Z,buy,7.1e-07,500.0,0.000355
VIB/BTC,1608886128714,2020-12-25T08:48:48.714Z,buy,7.1e-07,500.0,0.000355
VIB/BTC,1608886130659,2020-12-25T08:48:50.659Z,buy,7.1e-07,500.0,0.000355
VIB/BTC,1608886131948,2020-12-25T08:48:51.948Z,buy,7.1e-07,500.0,0.000355
VIB/BTC,1608886133715,2020-12-25T08:48:53.715Z,buy,7.1e-07,500.0,0.000355
VIB/BTC,1608886135069,2020-12-25T08:48:55.069Z,buy,7.1e-07,500.0,0.000355
VIB/BTC,1608886136365,2020-12-25T08:48:56.365Z,buy,7.1e-07,500.0,0.000355
VIB/BTC,1608886137798,2020-12-25T08:48:57.798Z,buy,7.1e-07,500.0,0.000355
VIB/BTC,1608886139190,2020-12-25T08:48:59.190Z,buy,7.1e-07,500.0,0.000355
VIB/BTC,1608886140466,2020-12-25T08:49:00.466Z,buy,7.1e-07,500.0,0.000355
VIB/BTC,1608886141915,2020-12-25T08:49:01.915Z,buy,7.1e-07,500.0,0.000355
VIB/BTC,1608886143170,2020-12-25T08:49:03.170Z,buy,7.1e-07,500.0,0.000355
VIB/BTC,1608886144453,2020-12-25T08:49:04.453Z,buy,7.1e-07,500.0,0.000355
VIB/BTC,1608886146368,2020-12-25T08:49:06.368Z,buy,7.1e-07,500.0,0.000355
VIB/BTC,1608886147616,2020-12-25T08:49:07.616Z,buy,7.1e-07,500.0,0.000355
VIB/BTC,1608886148799,2020-12-25T08:49:08.799Z,buy,7.1e-07,500.0,0.000355
VIB/BTC,1608886149991,2020-12-25T08:49:09.991Z,buy,7.1e-07,500.0,0.000355
VIB/BTC,1608886151314,2020-12-25T08:49:11.314Z,buy,7.1e-07,500.0,0.000355
VIB/BTC,1608886154009,2020-12-25T08:49:14.009Z,buy,7.1e-07,500.0,0.000355
VIB/BTC,1608886155313,2020-12-25T08:49:15.313Z,buy,7.1e-07,500.0,0.000355
VIB/BTC,1608886156674,2020-12-25T08:49:16.674Z,buy,7.1e-07,500.0,0.000355
VIB/BTC,1608886157912,2020-12-25T08:49:17.912Z,buy,7.1e-07,500.0,0.000355
VIB/BTC,1608886159387,2020-12-25T08:49:19.387Z,buy,7.1e-07,500.0,0.000355
VIB/BTC,1608886160726,2020-12-25T08:49:20.726Z,buy,7.1e-07,500.0,0.000355
VIB/BTC,1608886161966,2020-12-25T08:49:21.966Z,buy,7.1e-07,500.0,0.000355
VIB/BTC,1608886163137,2020-12-25T08:49:23.137Z,buy,7.1e-07,500.0,0.000355
VIB/BTC,1608886164335,2020-12-25T08:49:24.335Z,buy,7.1e-07,500.0,0.000355
VIB/BTC,1608886165888,2020-12-25T08:49:25.888Z,buy,7.1e-07,500.0,0.000355
VIB/BTC,1608886167275,2020-12-25T08:49:27.275Z,buy,7.1e-07,500.0,0.000355
VIB/BTC,1608886168828,2020-12-25T08:49:28.828Z,buy,7.1e-07,500.0,0.000355
VIB/BTC,1608886170078,2020-12-25T08:49:30.078Z,buy,7.1e-07,500.0,0.000355
VIB/BTC,1608886171385,2020-12-25T08:49:31.385Z,buy,7.1e-07,500.0,0.000355
VIB/BTC,1608886172622,2020-12-25T08:49:32.622Z,buy,7.1e-07,500.0,0.000355
VIB/BTC,1608886173933,2020-12-25T08:49:33.933Z,buy,7.1e-07,500.0,0.000355
VIB/BTC,1608886175217,2020-12-25T08:49:35.217Z,buy,7.1e-07,500.0,0.000355
VIB/BTC,1608886176522,2020-12-25T08:49:36.522Z,buy,7.1e-07,500.0,0.000355
VIB/BTC,1608886177865,2020-12-25T08:49:37.865Z,buy,7.1e-07,500.0,0.000355
VIB/BTC,1608886179157,2020-12-25T08:49:39.157Z,buy,7.1e-07,500.0,0.000355
VIB/BTC,1608886180379,2020-12-25T08:49:40.379Z,buy,7.1e-07,500.0,0.000355
VIB/BTC,1608886181584,2020-12-25T08:49:41.584Z,buy,7.1e-07,500.0,0.000355
VIB/BTC,1608886182766,2020-12-25T08:49:42.766Z,buy,7.1e-07,500.0,0.000355
VIB/BTC,1608886184018,2020-12-25T08:49:44.018Z,buy,7.1e-07,500.0,0.000355
VIB/BTC,1608886185145,2020-12-25T08:49:45.145Z,buy,7.1e-07,500.0,0.000355
VIB/BTC,1608886186499,2020-12-25T08:49:46.499Z,buy,7.1e-07,500.0,0.000355
VIB/BTC,1608886187958,2020-12-25T08:49:47.958Z,buy,7.1e-07,500.0,0.000355
VIB/BTC,1608886189709,2020-12-25T08:49:49.709Z,buy,7.1e-07,500.0,0.000355
VIB/BTC,1608886191384,2020-12-25T08:49:51.384Z,buy,7.1e-07,500.0,0.000355
VIB/BTC,1608886193019,2020-12-25T08:49:53.019Z,buy,7.1e-07,500.0,0.000355
VIB/BTC,1608886194217,2020-12-25T08:49:54.217Z,buy,7.1e-07,500.0,0.000355
VIB/BTC,1608886195647,2020-12-25T08:49:55.647Z,buy,7.1e-07,500.0,0.000355
VIB/BTC,1608886406268,2020-12-25T08:53:26.268Z,buy,7.1e-07,84605.0,0.06006955
VIB/BTC,1608886569580,2020-12-25T08:56:09.580Z,buy,7.1e-07,6860.0,0.0048706
VIB/BTC,1608886660861,2020-12-25T08:57:40.861Z,sell,7e-07,71535.0,0.0500745
VIB/BTC,1608886917718,2020-12-25T09:01:57.718Z,buy,7.1e-07,50738.0,0.03602398
VIB/BTC,1608886917736,2020-12-25T09:01:57.736Z,buy,7.1e-07,70709.0,0.05020339
VIB/BTC,1608886920726,2020-12-25T09:02:00.726Z,buy,7.1e-07,50738.0,0.03602398
VIB/BTC,1608886920735,2020-12-25T09:02:00.735Z,buy,7.1e-07,55547.0,0.03943837
VIB/BTC,1608886923732,2020-12-25T09:02:03.732Z,buy,7.1e-07,33762.0,0.02397102
VIB/BTC,1608886923741,2020-12-25T09:02:03.741Z,buy,7.1e-07,70518.0,0.05006778
VIB/BTC,1608886924648,2020-12-25T09:02:04.648Z,buy,7.1e-07,5076.0,0.00360396
VIB/BTC,1608886926736,2020-12-25T09:02:06.736Z,buy,7.1e-07,33762.0,0.02397102
VIB/BTC,1608886929739,2020-12-25T09:02:09.739Z,buy,7.1e-07,33762.0,0.02397102
VIB/BTC,1608886940370,2020-12-25T09:02:20.370Z,buy,7.1e-07,697600.0,0.4952959999999999
VIB/BTC,1608886951420,2020-12-25T09:02:31.420Z,buy,7.1e-07,660221.0,0.4687569099999999
VIB/BTC,1608886962042,2020-12-25T09:02:42.042Z,buy,7.1e-07,539528.0,0.38306488
VIB/BTC,1608886973849,2020-12-25T09:02:53.849Z,buy,7.1e-07,584488.0,0.41498648
VIB/BTC,1608886985507,2020-12-25T09:03:05.507Z,buy,7.1e-07,485575.0,0.34475825
VIB/BTC,1608886993441,2020-12-25T09:03:13.441Z,buy,7.1e-07,377669.0,0.2681449899999999
VIB/BTC,1608887007725,2020-12-25T09:03:27.725Z,buy,7.1e-07,20678.0,0.0146813799999999
VIB/BTC,1608887011819,2020-12-25T09:03:31.819Z,buy,7.1e-07,35963.0,0.0255337299999999
VIB/BTC,1608887015510,2020-12-25T09:03:35.510Z,buy,7.1e-07,500.0,0.000355
VIB/BTC,1608887019482,2020-12-25T09:03:39.482Z,buy,7.1e-07,500.0,0.000355
VIB/BTC,1608887020825,2020-12-25T09:03:40.825Z,buy,7.1e-07,500.0,0.000355
VIB/BTC,1608887022158,2020-12-25T09:03:42.158Z,buy,7.1e-07,500.0,0.000355
VIB/BTC,1608887024309,2020-12-25T09:03:44.309Z,buy,7.1e-07,500.0,0.000355
VIB/BTC,1608887025798,2020-12-25T09:03:45.798Z,buy,7.1e-07,500.0,0.000355
VIB/BTC,1608887027330,2020-12-25T09:03:47.330Z,buy,7.1e-07,500.0,0.000355
VIB/BTC,1608887028920,2020-12-25T09:03:48.920Z,buy,7.1e-07,500.0,0.000355
VIB/BTC,1608887030287,2020-12-25T09:03:50.287Z,buy,7.1e-07,500.0,0.000355
VIB/BTC,1608887031742,2020-12-25T09:03:51.742Z,buy,7.1e-07,500.0,0.000355
VIB/BTC,1608887032957,2020-12-25T09:03:52.957Z,buy,7.1e-07,500.0,0.000355
VIB/BTC,1608887034471,2020-12-25T09:03:54.471Z,buy,7.1e-07,500.0,0.000355
VIB/BTC,1608887035756,2020-12-25T09:03:55.756Z,buy,7.1e-07,500.0,0.000355
VIB/BTC,1608887037080,2020-12-25T09:03:57.080Z,buy,7.1e-07,500.0,0.000355
VIB/BTC,1608887038285,2020-12-25T09:03:58.285Z,buy,7.1e-07,500.0,0.000355
VIB/BTC,1608887039635,2020-12-25T09:03:59.635Z,buy,7.1e-07,500.0,0.000355
VIB/BTC,1608887040914,2020-12-25T09:04:00.914Z,buy,7.1e-07,500.0,0.000355
VIB/BTC,1608887042260,2020-12-25T09:04:02.260Z,buy,7.1e-07,500.0,0.000355
VIB/BTC,1608887043491,2020-12-25T09:04:03.491Z,buy,7.1e-07,500.0,0.000355
VIB/BTC,1608887044760,2020-12-25T09:04:04.760Z,buy,7.1e-07,500.0,0.000355
VIB/BTC,1608887046338,2020-12-25T09:04:06.338Z,buy,7.1e-07,500.0,0.000355
VIB/BTC,1608887047851,2020-12-25T09:04:07.851Z,buy,7.1e-07,500.0,0.000355
VIB/BTC,1608887048990,2020-12-25T09:04:08.990Z,buy,7.1e-07,500.0,0.000355
VIB/BTC,1608887050235,2020-12-25T09:04:10.235Z,buy,7.1e-07,500.0,0.000355
VIB/BTC,1608887051533,2020-12-25T09:04:11.533Z,buy,7.1e-07,500.0,0.000355
VIB/BTC,1608887053059,2020-12-25T09:04:13.059Z,buy,7.1e-07,500.0,0.000355
VIB/BTC,1608887054272,2020-12-25T09:04:14.272Z,buy,7.1e-07,500.0,0.000355
VIB/BTC,1608887055502,2020-12-25T09:04:15.502Z,buy,7.1e-07,500.0,0.000355
VIB/BTC,1608887056702,2020-12-25T09:04:16.702Z,buy,7.1e-07,500.0,0.000355
VIB/BTC,1608887059255,2020-12-25T09:04:19.255Z,buy,7.1e-07,500.0,0.000355
VIB/BTC,1608887060881,2020-12-25T09:04:20.881Z,buy,7.1e-07,500.0,0.000355
VIB/BTC,1608887062115,2020-12-25T09:04:22.115Z,buy,7.1e-07,500.0,0.000355
VIB/BTC,1608887063416,2020-12-25T09:04:23.416Z,buy,7.1e-07,500.0,0.000355
VIB/BTC,1608887064662,2020-12-25T09:04:24.662Z,buy,7.1e-07,500.0,0.000355
VIB/BTC,1608887065981,2020-12-25T09:04:25.981Z,buy,7.1e-07,500.0,0.000355
VIB/BTC,1608887067197,2020-12-25T09:04:27.197Z,buy,7.1e-07,500.0,0.000355
VIB/BTC,1608887068381,2020-12-25T09:04:28.381Z,buy,7.1e-07,500.0,0.000355
VIB/BTC,1608887069705,2020-12-25T09:04:29.705Z,buy,7.1e-07,500.0,0.000355
VIB/BTC,1608887070935,2020-12-25T09:04:30.935Z,buy,7.1e-07,500.0,0.000355
VIB/BTC,1608887072116,2020-12-25T09:04:32.116Z,buy,7.1e-07,500.0,0.000355
VIB/BTC,1608887073415,2020-12-25T09:04:33.415Z,buy,7.1e-07,500.0,0.000355
VIB/BTC,1608887074696,2020-12-25T09:04:34.696Z,buy,7.1e-07,500.0,0.000355
VIB/BTC,1608887076119,2020-12-25T09:04:36.119Z,buy,7.1e-07,500.0,0.000355
VIB/BTC,1608887077697,2020-12-25T09:04:37.697Z,buy,7.1e-07,500.0,0.000355
VIB/BTC,1608887079289,2020-12-25T09:04:39.289Z,buy,7.1e-07,500.0,0.000355
VIB/BTC,1608887080584,2020-12-25T09:04:40.584Z,buy,7.1e-07,500.0,0.000355
VIB/BTC,1608887089140,2020-12-25T09:04:49.140Z,buy,7.1e-07,500.0,0.000355
VIB/BTC,1608887090429,2020-12-25T09:04:50.429Z,buy,7.1e-07,500.0,0.000355
VIB/BTC,1608887091623,2020-12-25T09:04:51.623Z,buy,7.1e-07,500.0,0.000355
VIB/BTC,1608887092903,2020-12-25T09:04:52.903Z,buy,7.1e-07,500.0,0.000355
VIB/BTC,1608887094536,2020-12-25T09:04:54.536Z,buy,7.1e-07,500.0,0.000355
VIB/BTC,1608887095760,2020-12-25T09:04:55.760Z,buy,7.1e-07,500.0,0.000355
VIB/BTC,1608887096984,2020-12-25T09:04:56.984Z,buy,7.1e-07,500.0,0.000355
VIB/BTC,1608887099565,2020-12-25T09:04:59.565Z,buy,7.1e-07,451.0,0.0003202099999999
VIB/BTC,1608887102719,2020-12-25T09:05:02.719Z,buy,7.1e-07,245.0,0.00017395
VIB/BTC,1608887104929,2020-12-25T09:05:04.929Z,buy,7.1e-07,1042.0,0.00073982
VIB/BTC,1608887107053,2020-12-25T09:05:07.053Z,buy,7.1e-07,354.0,0.00025134
VIB/BTC,1608887109448,2020-12-25T09:05:09.448Z,buy,7.1e-07,654.0,0.00046434
VIB/BTC,1608887112013,2020-12-25T09:05:12.013Z,buy,7.1e-07,875.0,0.00062125
VIB/BTC,1608887114316,2020-12-25T09:05:14.316Z,buy,7.1e-07,754.0,0.00053534
VIB/BTC,1608887116580,2020-12-25T09:05:16.580Z,buy,7.1e-07,1000.0,0.00071
VIB/BTC,1608887118868,2020-12-25T09:05:18.868Z,buy,7.1e-07,754.0,0.00053534
VIB/BTC,1608887123160,2020-12-25T09:05:23.160Z,buy,7.1e-07,653.0,0.00046363
VIB/BTC,1608887125541,2020-12-25T09:05:25.541Z,buy,7.1e-07,354.0,0.00025134
VIB/BTC,1608887127783,2020-12-25T09:05:27.783Z,buy,7.1e-07,798.0,0.00056658
VIB/BTC,1608887130678,2020-12-25T09:05:30.678Z,buy,7.1e-07,754.0,0.00053534
VIB/BTC,1608887132922,2020-12-25T09:05:32.922Z,buy,7.1e-07,247.0,0.00017537
VIB/BTC,1608887135366,2020-12-25T09:05:35.366Z,buy,7.1e-07,542.0,0.0003848199999999
VIB/BTC,1608887136852,2020-12-25T09:05:36.852Z,buy,7.1e-07,111415.0,0.07910465
VIB/BTC,1608887137750,2020-12-25T09:05:37.750Z,buy,7.1e-07,365.0,0.00025915
VIB/BTC,1608887141147,2020-12-25T09:05:41.147Z,buy,7.1e-07,401.0,0.00028471
VIB/BTC,1608887144264,2020-12-25T09:05:44.264Z,buy,7.1e-07,754.0,0.00053534
VIB/BTC,1608887146885,2020-12-25T09:05:46.885Z,buy,7.1e-07,1024.0,0.00072704
VIB/BTC,1608887149090,2020-12-25T09:05:49.090Z,buy,7.1e-07,452.0,0.00032092
VIB/BTC,1608887159869,2020-12-25T09:05:59.869Z,buy,7.1e-07,500.0,0.000355
VIB/BTC,1608887161312,2020-12-25T09:06:01.312Z,buy,7.1e-07,500.0,0.000355
VIB/BTC,1608887162720,2020-12-25T09:06:02.720Z,buy,7.1e-07,500.0,0.000355
VIB/BTC,1608887171555,2020-12-25T09:06:11.555Z,buy,7.1e-07,7911.0,0.00561681
VIB/BTC,1608887177761,2020-12-25T09:06:17.761Z,buy,7.2e-07,500.0,0.0003599999999999
VIB/BTC,1608887179244,2020-12-25T09:06:19.244Z,buy,7.2e-07,500.0,0.0003599999999999
VIB/BTC,1608887326947,2020-12-25T09:08:46.947Z,buy,7.1e-07,1549.0,0.00109979
VIB/BTC,1608887629210,2020-12-25T09:13:49.210Z,buy,7.1e-07,15475.0,0.01098725
VIB/BTC,1608887878059,2020-12-25T09:17:58.059Z,buy,7.2e-07,288.0,0.00020736
VIB/BTC,1608888114645,2020-12-25T09:21:54.645Z,buy,7.2e-07,129409.0,0.09317448
VIB/BTC,1608888122237,2020-12-25T09:22:02.237Z,buy,7.2e-07,94081.0,0.06773832
VIB/BTC,1608888132284,2020-12-25T09:22:12.284Z,buy,7.2e-07,64610.0,0.0465192
VIB/BTC,1608888146109,2020-12-25T09:22:26.109Z,buy,7.2e-07,36920.0,0.0265824
VIB/BTC,1608888150981,2020-12-25T09:22:30.981Z,buy,7.2e-07,46150.0,0.033228
VIB/BTC,1608888182667,2020-12-25T09:23:02.667Z,sell,7.1e-07,49426.0,0.03509246
VIB/BTC,1608888197580,2020-12-25T09:23:17.580Z,buy,7.2e-07,116609.0,0.08395848
VIB/BTC,1608888210230,2020-12-25T09:23:30.230Z,buy,7.2e-07,68022.0,0.04897584
VIB/BTC,1608888222539,2020-12-25T09:23:42.539Z,buy,7.2e-07,2137.0,0.00153864
VIB/BTC,1608888402168,2020-12-25T09:26:42.168Z,sell,7.1e-07,178006.0,0.12638426
VIB/BTC,1608888462112,2020-12-25T09:27:42.112Z,sell,7.1e-07,33821.0,0.02401291
VIB/BTC,1608888475227,2020-12-25T09:27:55.227Z,sell,7.1e-07,88297.0,0.06269087
VIB/BTC,1608888487871,2020-12-25T09:28:07.871Z,buy,7.1e-07,141.0,0.00010011
VIB/BTC,1608889527389,2020-12-25T09:45:27.389Z,buy,7.1e-07,150.0,0.0001065
VIB/BTC,1608889527389,2020-12-25T09:45:27.389Z,buy,7.1e-07,150.0,0.0001065
VIB/BTC,1608889637323,2020-12-25T09:47:17.323Z,buy,7.1e-07,1000.0,0.00071
VIB/BTC,1608889824155,2020-12-25T09:50:24.155Z,sell,7e-07,813.0,0.0005691
VIB/BTC,1608890002516,2020-12-25T09:53:22.516Z,buy,7.1e-07,41285.0,0.0293123499999999
VIB/BTC,1608890005511,2020-12-25T09:53:25.511Z,buy,7.1e-07,16912.0,0.0120075199999999
VIB/BTC,1608893033723,2020-12-25T10:43:53.723Z,sell,7.1e-07,145.0,0.00010295
VIB/BTC,1608893033723,2020-12-25T10:43:53.723Z,sell,7.1e-07,145.0,0.00010295
VIB/BTC,1608893266263,2020-12-25T10:47:46.263Z,buy,7.1e-07,2933.0,0.00208243
VIB/BTC,1608893686304,2020-12-25T10:54:46.304Z,sell,7e-07,14654.0,0.0102578
VIB/BTC,1608893747532,2020-12-25T10:55:47.532Z,buy,7.1e-07,193.0,0.00013703
VIB/BTC,1608894056382,2020-12-25T11:00:56.382Z,sell,7e-07,253.0,0.0001771
VIB/BTC,1608894927138,2020-12-25T11:15:27.138Z,buy,7.1e-07,193.0,0.00013703
VIB/BTC,1608895185610,2020-12-25T11:19:45.610Z,buy,7.1e-07,9776.0,0.0069409599999999
VIB/BTC,1608895189589,2020-12-25T11:19:49.589Z,sell,7e-07,9881.0,0.0069167
VIB/BTC,1608895871626,2020-12-25T11:31:11.626Z,sell,7e-07,111357.0,0.0779499
VIB/BTC,1608895889914,2020-12-25T11:31:29.914Z,buy,7e-07,3028.0,0.0021195999999999
VIB/BTC,1608895920084,2020-12-25T11:32:00.084Z,buy,7.1e-07,1730.0,0.0012282999999999
VIB/BTC,1608895921682,2020-12-25T11:32:01.682Z,buy,7.1e-07,1730.0,0.0012282999999999
VIB/BTC,1608896327749,2020-12-25T11:38:47.749Z,sell,6.9e-07,230154.0,0.1588062599999999
VIB/BTC,1608896327783,2020-12-25T11:38:47.783Z,buy,6.9e-07,7329.0,0.00505701
VIB/BTC,1608896327909,2020-12-25T11:38:47.909Z,buy,6.9e-07,1041.0,0.00071829
VIB/BTC,1608896328610,2020-12-25T11:38:48.610Z,buy,6.9e-07,1824.0,0.00125856
VIB/BTC,1608896328908,2020-12-25T11:38:48.908Z,buy,6.9e-07,1594.0,0.00109986
VIB/BTC,1608896329306,2020-12-25T11:38:49.306Z,buy,6.9e-07,2670.0,0.0018422999999999
VIB/BTC,1608896330367,2020-12-25T11:38:50.367Z,buy,6.9e-07,1594.0,0.00109986
VIB/BTC,1608896342526,2020-12-25T11:39:02.526Z,buy,6.9e-07,574.0,0.00039606
VIB/BTC,1608896403039,2020-12-25T11:40:03.039Z,sell,6.8e-07,895.0,0.0006085999999999
VIB/BTC,1608896560652,2020-12-25T11:42:40.652Z,buy,6.9e-07,36162.0,0.02495178
VIB/BTC,1608896611557,2020-12-25T11:43:31.557Z,buy,6.9e-07,568.0,0.00039192
VIB/BTC,1608896611557,2020-12-25T11:43:31.557Z,buy,6.9e-07,568.0,0.00039192
VIB/BTC,1608897347467,2020-12-25T11:55:47.467Z,buy,6.9e-07,212.0,0.00014628
VIB/BTC,1608898456294,2020-12-25T12:14:16.294Z,sell,6.8e-07,28243.0,0.01920524
VIB/BTC,1608898831169,2020-12-25T12:20:31.169Z,buy,6.8e-07,999.0,0.00067932
VIB/BTC,1608898836914,2020-12-25T12:20:36.914Z,buy,6.8e-07,1043.0,0.00070924
VIB/BTC,1608898837932,2020-12-25T12:20:37.932Z,buy,6.8e-07,3768.0,0.00256224
VIB/BTC,1608900023070,2020-12-25T12:40:23.070Z,buy,6.9e-07,9520.0,0.0065688
VIB/BTC,1608900023070,2020-12-25T12:40:23.070Z,buy,6.9e-07,9520.0,0.0065688
VIB/BTC,1608900322545,2020-12-25T12:45:22.545Z,sell,6.7e-07,5538.0,0.00371046
VIB/BTC,1608900326940,2020-12-25T12:45:26.940Z,buy,6.8e-07,150.0,0.0001019999999999
VIB/BTC,1608901164122,2020-12-25T12:59:24.122Z,buy,6.8e-07,22671.0,0.01541628
VIB/BTC,1608901281700,2020-12-25T13:01:21.700Z,buy,6.8e-07,327.0,0.0002223599999999
VIB/BTC,1608901689249,2020-12-25T13:08:09.249Z,buy,6.8e-07,2000.0,0.0013599999999999
VIB/BTC,1608901808426,2020-12-25T13:10:08.426Z,buy,6.8e-07,710.0,0.0004827999999999
VIB/BTC,1608903060581,2020-12-25T13:31:00.581Z,buy,6.8e-07,7261.0,0.0049374799999999
VIB/BTC,1608903060615,2020-12-25T13:31:00.615Z,buy,6.8e-07,3235.0,0.0021998
VIB/BTC,1608903074438,2020-12-25T13:31:14.438Z,buy,6.9e-07,1080.0,0.0007452
VIB/BTC,1608903177746,2020-12-25T13:32:57.746Z,buy,6.8e-07,1167.0,0.0007935599999999
VIB/BTC,1608903177759,2020-12-25T13:32:57.759Z,buy,6.8e-07,973.0,0.0006616399999999
VIB/BTC,1608903177770,2020-12-25T13:32:57.770Z,buy,6.8e-07,584.0,0.00039712
VIB/BTC,1608903177786,2020-12-25T13:32:57.786Z,buy,6.8e-07,192.0,0.00013056
VIB/BTC,1608903177795,2020-12-25T13:32:57.795Z,buy,6.8e-07,154.0,0.0001047199999999
VIB/BTC,1608903349683,2020-12-25T13:35:49.683Z,buy,6.8e-07,1408.0,0.0009574399999999
VIB/BTC,1608903349683,2020-12-25T13:35:49.683Z,buy,6.8e-07,1408.0,0.0009574399999999
VIB/BTC,1608903647941,2020-12-25T13:40:47.941Z,sell,6.7e-07,6060.0,0.0040602
VIB/BTC,1608904087072,2020-12-25T13:48:07.072Z,sell,6.7e-07,1925.0,0.00128975
VIB/BTC,1608904517327,2020-12-25T13:55:17.327Z,sell,6.7e-07,3952.0,0.00264784
VIB/BTC,1608904545301,2020-12-25T13:55:45.301Z,buy,6.8e-07,183.0,0.00012444
VIB/BTC,1608904737932,2020-12-25T13:58:57.932Z,sell,6.7e-07,23247.0,0.01557549
VIB/BTC,1608904940252,2020-12-25T14:02:20.252Z,buy,6.8e-07,7261.0,0.0049374799999999
VIB/BTC,1608905519834,2020-12-25T14:11:59.834Z,buy,6.8e-07,1038.0,0.0007058399999999
VIB/BTC,1608906285026,2020-12-25T14:24:45.026Z,sell,6.7e-07,61980.0,0.0415266
VIB/BTC,1608906285026,2020-12-25T14:24:45.026Z,sell,6.7e-07,61980.0,0.0415266
VIB/BTC,1608908533087,2020-12-25T15:02:13.087Z,sell,6.7e-07,12295.0,0.00823765
VIB/BTC,1608908694029,2020-12-25T15:04:54.029Z,sell,6.7e-07,486.0,0.00032562
VIB/BTC,1608909733345,2020-12-25T15:22:13.345Z,buy,6.8e-07,1918.0,0.00130424
VIB/BTC,1608909733345,2020-12-25T15:22:13.345Z,buy,6.8e-07,1918.0,0.00130424
VIB/BTC,1608910080376,2020-12-25T15:28:00.376Z,buy,6.8e-07,43410.0,0.0295187999999999
VIB/BTC,1608911130729,2020-12-25T15:45:30.729Z,buy,6.8e-07,150.0,0.0001019999999999
VIB/BTC,1608912639170,2020-12-25T16:10:39.170Z,buy,6.8e-07,15000.0,0.0101999999999999
VIB/BTC,1608912639170,2020-12-25T16:10:39.170Z,buy,6.8e-07,15000.0,0.0101999999999999
VIB/BTC,1608913596699,2020-12-25T16:26:36.699Z,sell,6.7e-07,20049.0,0.01343283
VIB/BTC,1608914612181,2020-12-25T16:43:32.181Z,sell,6.7e-07,29947.0,0.02006449
VIB/BTC,1608915421399,2020-12-25T16:57:01.399Z,sell,6.7e-07,61301.0,0.04107167
VIB/BTC,1608915492966,2020-12-25T16:58:12.966Z,sell,6.6e-07,505.0,0.0003333
VIB/BTC,1608915730426,2020-12-25T17:02:10.426Z,buy,6.7e-07,150.0,0.0001005
VIB/BTC,1608915761488,2020-12-25T17:02:41.488Z,sell,6.6e-07,178.0,0.00011748
VIB/BTC,1608915761488,2020-12-25T17:02:41.488Z,sell,6.6e-07,178.0,0.00011748
VIB/BTC,1608916805907,2020-12-25T17:20:05.907Z,buy,6.7e-07,41847.0,0.02803749
VIB/BTC,1608918514208,2020-12-25T17:48:34.208Z,sell,6.6e-07,2930.0,0.0019338
VIB/BTC,1608918699957,2020-12-25T17:51:39.957Z,buy,6.7e-07,12801.0,0.00857667
VIB/BTC,1608918723818,2020-12-25T17:52:03.818Z,buy,6.7e-07,12419.0,0.00832073
VIB/BTC,1608919219342,2020-12-25T18:00:19.342Z,sell,6.6e-07,625.0,0.0004125
VIB/BTC,1608919219441,2020-12-25T18:00:19.441Z,sell,6.6e-07,1666.0,0.00109956
VIB/BTC,1608919219514,2020-12-25T18:00:19.514Z,sell,6.6e-07,2433.0,0.00160578
VIB/BTC,1608919219572,2020-12-25T18:00:19.572Z,sell,6.6e-07,1404.0,0.00092664
VIB/BTC,1608919219572,2020-12-25T18:00:19.572Z,sell,6.6e-07,1404.0,0.00092664
VIB/BTC,1608919774977,2020-12-25T18:09:34.977Z,sell,6.6e-07,29697.0,0.01960002
VIB/BTC,1608920499646,2020-12-25T18:21:39.646Z,sell,6.6e-07,144097.0,0.09510402
VIB/BTC,1608920734027,2020-12-25T18:25:34.027Z,sell,6.6e-07,108072.0,0.07132752
VIB/BTC,1608921229822,2020-12-25T18:33:49.822Z,sell,6.6e-07,2298.0,0.00151668
VIB/BTC,1608921229832,2020-12-25T18:33:49.832Z,buy,6.6e-07,1927.0,0.00127182
VIB/BTC,1608921229866,2020-12-25T18:33:49.866Z,buy,6.6e-07,3404.0,0.00224664
VIB/BTC,1608921737623,2020-12-25T18:42:17.623Z,sell,6.5e-07,11578.0,0.0075257
VIB/BTC,1608922543467,2020-12-25T18:55:43.467Z,buy,6.6e-07,268.0,0.00017688
VIB/BTC,1608922543467,2020-12-25T18:55:43.467Z,buy,6.6e-07,268.0,0.00017688
VIB/BTC,1608923099296,2020-12-25T19:04:59.296Z,buy,6.6e-07,492.0,0.00032472
VIB/BTC,1608923671147,2020-12-25T19:14:31.147Z,buy,6.6e-07,1414.0,0.00093324
VIB/BTC,1608924630629,2020-12-25T19:30:30.629Z,buy,6.6e-07,21690.0,0.0143154
VIB/BTC,1608924630636,2020-12-25T19:30:30.636Z,sell,6.6e-07,53391.0,0.03523806
VIB/BTC,1608924630665,2020-12-25T19:30:30.665Z,sell,6.6e-07,6891.0,0.00454806
VIB/BTC,1608924630692,2020-12-25T19:30:30.692Z,sell,6.6e-07,29562.0,0.01951092
VIB/BTC,1608924630698,2020-12-25T19:30:30.698Z,sell,6.6e-07,6891.0,0.00454806
VIB/BTC,1608924630725,2020-12-25T19:30:30.725Z,sell,6.6e-07,6890.0,0.0045474
VIB/BTC,1608924630748,2020-12-25T19:30:30.748Z,sell,6.6e-07,1358.0,0.00089628
VIB/BTC,1608924630785,2020-12-25T19:30:30.785Z,sell,6.6e-07,23337.0,0.01540242
VIB/BTC,1608924674355,2020-12-25T19:31:14.355Z,buy,6.7e-07,15911.0,0.01066037
VIB/BTC,1608924712372,2020-12-25T19:31:52.372Z,buy,6.7e-07,404679.0,0.27113493
VIB/BTC,1608924712378,2020-12-25T19:31:52.378Z,sell,6.7e-07,239673.0,0.16058091
VIB/BTC,1608924712383,2020-12-25T19:31:52.383Z,sell,6.7e-07,1213.0,0.00081271
VIB/BTC,1608924712463,2020-12-25T19:31:52.463Z,sell,6.7e-07,628.0,0.00042076
VIB/BTC,1608924712842,2020-12-25T19:31:52.842Z,sell,6.7e-07,6980.0,0.0046766
VIB/BTC,1608924713041,2020-12-25T19:31:53.041Z,sell,6.7e-07,5818.0,0.00389806
VIB/BTC,1608924713866,2020-12-25T19:31:53.866Z,sell,6.7e-07,2845.0,0.00190615
VIB/BTC,1608924715907,2020-12-25T19:31:55.907Z,sell,6.7e-07,1641.0,0.00109947
VIB/BTC,1608924752555,2020-12-25T19:32:32.555Z,sell,6.6e-07,2500.0,0.00165
VIB/BTC,1608924792933,2020-12-25T19:33:12.933Z,buy,6.8e-07,251724.0,0.17117232
VIB/BTC,1608925117642,2020-12-25T19:38:37.642Z,buy,6.8e-07,407.0,0.0002767599999999
VIB/BTC,1608925117642,2020-12-25T19:38:37.642Z,buy,6.8e-07,407.0,0.0002767599999999
VIB/BTC,1608926954697,2020-12-25T20:09:14.697Z,sell,6.7e-07,36126.0,0.02420442
VIB/BTC,1608926984683,2020-12-25T20:09:44.683Z,sell,6.7e-07,7846.0,0.00525682
VIB/BTC,1608927037626,2020-12-25T20:10:37.626Z,sell,6.7e-07,367.0,0.00024589
VIB/BTC,1608927337732,2020-12-25T20:15:37.732Z,sell,6.7e-07,10907.0,0.00730769
VIB/BTC,1608928087794,2020-12-25T20:28:07.794Z,buy,6.8e-07,39831.0,0.0270850799999999
VIB/BTC,1608928087802,2020-12-25T20:28:07.802Z,sell,6.8e-07,54383.0,0.0369804399999999
VIB/BTC,1608928091473,2020-12-25T20:28:11.473Z,sell,6.8e-07,150.0,0.0001019999999999
VIB/BTC,1608928092071,2020-12-25T20:28:12.071Z,sell,6.8e-07,37629.0,0.0255877199999999
VIB/BTC,1608928147897,2020-12-25T20:29:07.897Z,sell,6.8e-07,150.0,0.0001019999999999
VIB/BTC,1608928507583,2020-12-25T20:35:07.583Z,sell,6.8e-07,1681.0,0.0011430799999999
VIB/BTC,1608928575864,2020-12-25T20:36:15.864Z,sell,6.8e-07,2556.0,0.00173808
VIB/BTC,1608928579817,2020-12-25T20:36:19.817Z,sell,6.8e-07,2208.0,0.00150144
VIB/BTC,1608928583866,2020-12-25T20:36:23.866Z,sell,6.8e-07,2503.0,0.00170204
VIB/BTC,1608928583866,2020-12-25T20:36:23.866Z,sell,6.8e-07,2503.0,0.00170204
VIB/BTC,1608928836365,2020-12-25T20:40:36.365Z,sell,6.8e-07,208.0,0.00014144
VIB/BTC,1608929052650,2020-12-25T20:44:12.650Z,buy,6.9e-07,78322.0,0.0540421799999999
VIB/BTC,1608929054636,2020-12-25T20:44:14.636Z,buy,6.9e-07,84566.0,0.05835054
VIB/BTC,1608929059251,2020-12-25T20:44:19.251Z,buy,6.9e-07,119987.0,0.08279103
VIB/BTC,1608929059257,2020-12-25T20:44:19.257Z,sell,6.9e-07,21590.0,0.0148971
VIB/BTC,1608929059279,2020-12-25T20:44:19.279Z,sell,6.9e-07,1058.0,0.00073002
VIB/BTC,1608929059291,2020-12-25T20:44:19.291Z,sell,6.9e-07,491.0,0.00033879
VIB/BTC,1608929059295,2020-12-25T20:44:19.295Z,buy,7e-07,3750.0,0.0026249999999999
VIB/BTC,1608929059614,2020-12-25T20:44:19.614Z,sell,6.9e-07,9934.0,0.00685446
VIB/BTC,1608929059831,2020-12-25T20:44:19.831Z,sell,6.9e-07,5614.0,0.0038736599999999
VIB/BTC,1608929059891,2020-12-25T20:44:19.891Z,sell,6.9e-07,202.0,0.0001393799999999
VIB/BTC,1608929060015,2020-12-25T20:44:20.015Z,buy,6.9e-07,6750.0,0.0046574999999999
VIB/BTC,1608929062801,2020-12-25T20:44:22.801Z,buy,6.9e-07,3738.0,0.0025792199999999
VIB/BTC,1608929066033,2020-12-25T20:44:26.033Z,buy,6.9e-07,168.0,0.0001159199999999
VIB/BTC,1608929069294,2020-12-25T20:44:29.294Z,buy,6.9e-07,83277.0,0.05746113
VIB/BTC,1608929073157,2020-12-25T20:44:33.157Z,sell,6.8e-07,86544.0,0.0588499199999999
VIB/BTC,1608929075096,2020-12-25T20:44:35.096Z,buy,6.9e-07,83277.0,0.05746113
VIB/BTC,1608929077771,2020-12-25T20:44:37.771Z,sell,6.9e-07,1708.0,0.00117852
VIB/BTC,1608929079338,2020-12-25T20:44:39.338Z,sell,6.9e-07,78655.0,0.05427195
VIB/BTC,1608929086299,2020-12-25T20:44:46.299Z,buy,7e-07,86544.0,0.0605808
VIB/BTC,1608929090164,2020-12-25T20:44:50.164Z,sell,6.9e-07,5412.0,0.00373428
VIB/BTC,1608929095545,2020-12-25T20:44:55.545Z,sell,6.9e-07,84577.0,0.0583581299999999
VIB/BTC,1608929099757,2020-12-25T20:44:59.757Z,buy,7e-07,86577.0,0.0606038999999999
VIB/BTC,1608929101862,2020-12-25T20:45:01.862Z,buy,7e-07,48655.0,0.0340585
VIB/BTC,1608929103966,2020-12-25T20:45:03.966Z,buy,7e-07,83277.0,0.0582938999999999
VIB/BTC,1608929107862,2020-12-25T20:45:07.862Z,sell,6.9e-07,74566.0,0.0514505399999999
VIB/BTC,1608929110201,2020-12-25T20:45:10.201Z,sell,6.9e-07,86577.0,0.0597381299999999
VIB/BTC,1608929112166,2020-12-25T20:45:12.166Z,sell,6.9e-07,83277.0,0.05746113
VIB/BTC,1608929114360,2020-12-25T20:45:14.360Z,sell,6.9e-07,74566.0,0.0514505399999999
VIB/BTC,1608929118055,2020-12-25T20:45:18.055Z,buy,7e-07,86588.0,0.0606115999999999
VIB/BTC,1608929120147,2020-12-25T20:45:20.147Z,buy,7e-07,83255.0,0.0582785
VIB/BTC,1608929122111,2020-12-25T20:45:22.111Z,buy,7e-07,78655.0,0.0550584999999999
VIB/BTC,1608929124481,2020-12-25T20:45:24.481Z,buy,7e-07,86544.0,0.0605808
VIB/BTC,1608929126660,2020-12-25T20:45:26.660Z,buy,7e-07,78322.0,0.0548253999999999
VIB/BTC,1608929130098,2020-12-25T20:45:30.098Z,sell,6.9e-07,86544.0,0.0597153599999999
VIB/BTC,1608929132245,2020-12-25T20:45:32.245Z,sell,6.9e-07,78322.0,0.0540421799999999
VIB/BTC,1608929134332,2020-12-25T20:45:34.332Z,sell,6.9e-07,87688.0,0.06050472
VIB/BTC,1608929141846,2020-12-25T20:45:41.846Z,buy,7e-07,86544.0,0.0605808
VIB/BTC,1608929142175,2020-12-25T20:45:42.175Z,sell,6.9e-07,74566.0,0.0514505399999999
VIB/BTC,1608929147932,2020-12-25T20:45:47.932Z,buy,7e-07,83277.0,0.0582938999999999
VIB/BTC,1608929149901,2020-12-25T20:45:49.901Z,buy,7e-07,57914.0,0.0405398
VIB/BTC,1608929152731,2020-12-25T20:45:52.731Z,sell,7e-07,28630.0,0.020041
VIB/BTC,1608929157476,2020-12-25T20:45:57.476Z,sell,6.9e-07,78322.0,0.0540421799999999
VIB/BTC,1608929160395,2020-12-25T20:46:00.395Z,sell,6.9e-07,84566.0,0.05835054
VIB/BTC,1608929164409,2020-12-25T20:46:04.409Z,buy,7e-07,86577.0,0.0606038999999999
VIB/BTC,1608929166606,2020-12-25T20:46:06.606Z,buy,7e-07,78322.0,0.0548253999999999
VIB/BTC,1608929169043,2020-12-25T20:46:09.043Z,buy,7e-07,84577.0,0.0592039
VIB/BTC,1608929170314,2020-12-25T20:46:10.314Z,sell,6.9e-07,360.0,0.0002483999999999
VIB/BTC,1608929172511,2020-12-25T20:46:12.511Z,sell,6.9e-07,86544.0,0.0597153599999999
VIB/BTC,1608929174603,2020-12-25T20:46:14.603Z,sell,6.9e-07,83255.0,0.0574459499999999
VIB/BTC,1608929176624,2020-12-25T20:46:16.624Z,sell,6.9e-07,78655.0,0.05427195
VIB/BTC,1608929178805,2020-12-25T20:46:18.805Z,sell,6.9e-07,84566.0,0.05835054
VIB/BTC,1608929181219,2020-12-25T20:46:21.219Z,sell,6.9e-07,83277.0,0.05746113
VIB/BTC,1608929185850,2020-12-25T20:46:25.850Z,buy,7e-07,74588.0,0.0522116
VIB/BTC,1608929188043,2020-12-25T20:46:28.043Z,buy,7e-07,86544.0,0.0605808
VIB/BTC,1608929190477,2020-12-25T20:46:30.477Z,buy,7e-07,83255.0,0.0582785
VIB/BTC,1608929192659,2020-12-25T20:46:32.659Z,buy,7e-07,74588.0,0.0522116
VIB/BTC,1608929194862,2020-12-25T20:46:34.862Z,buy,7e-07,86544.0,0.0605808
VIB/BTC,1608929212750,2020-12-25T20:46:52.750Z,sell,6.9e-07,84566.0,0.05835054
VIB/BTC,1608929215064,2020-12-25T20:46:55.064Z,sell,6.9e-07,83277.0,0.05746113
VIB/BTC,1608929217091,2020-12-25T20:46:57.091Z,sell,6.9e-07,78655.0,0.05427195
VIB/BTC,1608929394367,2020-12-25T20:49:54.367Z,buy,7e-07,518.0,0.0003626
VIB/BTC,1608929408944,2020-12-25T20:50:08.944Z,buy,7e-07,5134.0,0.0035938
VIB/BTC,1608929942658,2020-12-25T20:59:02.658Z,buy,7e-07,80227.0,0.0561589
VIB/BTC,1608929970589,2020-12-25T20:59:30.589Z,buy,7e-07,79836.0,0.0558851999999999
VIB/BTC,1608930014285,2020-12-25T21:00:14.285Z,sell,7e-07,5472.0,0.0038304
VIB/BTC,1608930088348,2020-12-25T21:01:28.348Z,buy,7e-07,3317.0,0.0023219
VIB/BTC,1608930135390,2020-12-25T21:02:15.390Z,sell,7e-07,29963.0,0.0209741
VIB/BTC,1608930145402,2020-12-25T21:02:25.402Z,sell,7e-07,2500.0,0.0017499999999999
VIB/BTC,1608930146210,2020-12-25T21:02:26.210Z,sell,7e-07,6989.0,0.0048923
VIB/BTC,1608930270997,2020-12-25T21:04:30.997Z,buy,7e-07,25962.0,0.0181734
VIB/BTC,1608930274006,2020-12-25T21:04:34.006Z,buy,7e-07,25962.0,0.0181734
VIB/BTC,1608930277446,2020-12-25T21:04:37.446Z,buy,7e-07,10295.0,0.0072064999999999
VIB/BTC,1608930280488,2020-12-25T21:04:40.488Z,buy,7e-07,10295.0,0.0072064999999999
VIB/BTC,1608930283524,2020-12-25T21:04:43.524Z,buy,7e-07,10295.0,0.0072064999999999
VIB/BTC,1608930285758,2020-12-25T21:04:45.758Z,buy,7e-07,48655.0,0.0340585
VIB/BTC,1608930286536,2020-12-25T21:04:46.536Z,buy,7e-07,22913.0,0.0160391
VIB/BTC,1608930289533,2020-12-25T21:04:49.533Z,buy,7e-07,22913.0,0.0160391
VIB/BTC,1608930289973,2020-12-25T21:04:49.973Z,buy,7e-07,83277.0,0.0582938999999999
VIB/BTC,1608930293854,2020-12-25T21:04:53.854Z,buy,7e-07,78655.0,0.0550584999999999
VIB/BTC,1608930300253,2020-12-25T21:05:00.253Z,buy,7e-07,86588.0,0.0606115999999999
VIB/BTC,1608930303243,2020-12-25T21:05:03.243Z,sell,6.9e-07,83277.0,0.05746113
VIB/BTC,1608930304997,2020-12-25T21:05:04.997Z,sell,6.9e-07,78655.0,0.05427195
VIB/BTC,1608930308101,2020-12-25T21:05:08.101Z,buy,7e-07,84566.0,0.0591962
VIB/BTC,1608930310256,2020-12-25T21:05:10.256Z,buy,7e-07,87688.0,0.0613815999999999
VIB/BTC,1608930312132,2020-12-25T21:05:12.132Z,buy,7e-07,83277.0,0.0582938999999999
VIB/BTC,1608930314774,2020-12-25T21:05:14.774Z,buy,7e-07,78655.0,0.0550584999999999
VIB/BTC,1608930318305,2020-12-25T21:05:18.305Z,sell,6.9e-07,84588.0,0.0583657199999999
VIB/BTC,1608930323410,2020-12-25T21:05:23.410Z,buy,7e-07,83277.0,0.0582938999999999
VIB/BTC,1608930332150,2020-12-25T21:05:32.150Z,sell,6.9e-07,83277.0,0.05746113
VIB/BTC,1608930336009,2020-12-25T21:05:36.009Z,buy,7e-07,84588.0,0.0592115999999999
VIB/BTC,1608930341914,2020-12-25T21:05:41.914Z,sell,6.9e-07,83277.0,0.05746113
VIB/BTC,1608930343789,2020-12-25T21:05:43.789Z,sell,6.9e-07,86544.0,0.0597153599999999
VIB/BTC,1608930347479,2020-12-25T21:05:47.479Z,buy,7e-07,78688.0,0.0550815999999999
VIB/BTC,1608930349347,2020-12-25T21:05:49.347Z,buy,7e-07,83277.0,0.0582938999999999
VIB/BTC,1608930352501,2020-12-25T21:05:52.501Z,buy,7e-07,84566.0,0.0591962
VIB/BTC,1608930354712,2020-12-25T21:05:54.712Z,buy,7e-07,78322.0,0.0548253999999999
VIB/BTC,1608930390082,2020-12-25T21:06:30.082Z,sell,6.9e-07,86588.0,0.0597457199999999
VIB/BTC,1608930392796,2020-12-25T21:06:32.796Z,sell,6.9e-07,83277.0,0.05746113
VIB/BTC,1608930394724,2020-12-25T21:06:34.724Z,sell,6.9e-07,36486.0,0.0251753399999999
VIB/BTC,1608930394733,2020-12-25T21:06:34.733Z,buy,6.9e-07,2110.0,0.0014559
VIB/BTC,1608930395181,2020-12-25T21:06:35.181Z,buy,6.9e-07,1899.0,0.0013103099999999
VIB/BTC,1608930396024,2020-12-25T21:06:36.024Z,buy,6.9e-07,34071.0,0.0235089899999999
VIB/BTC,1608930396889,2020-12-25T21:06:36.889Z,sell,6.9e-07,84566.0,0.05835054
VIB/BTC,1608930400411,2020-12-25T21:06:40.411Z,buy,7e-07,3277.0,0.0022938999999999
VIB/BTC,1608930402171,2020-12-25T21:06:42.171Z,buy,7e-07,84566.0,0.0591962
VIB/BTC,1608930404015,2020-12-25T21:06:44.015Z,buy,7e-07,78655.0,0.0550584999999999
VIB/BTC,1608930405830,2020-12-25T21:06:45.830Z,buy,7e-07,84566.0,0.0591962
VIB/BTC,1608930407871,2020-12-25T21:06:47.871Z,buy,7e-07,83277.0,0.0582938999999999
VIB/BTC,1608930416695,2020-12-25T21:06:56.695Z,sell,6.9e-07,245866.0,0.1696475399999999
VIB/BTC,1608930421061,2020-12-25T21:07:01.061Z,buy,7e-07,99762.0,0.0698333999999999
VIB/BTC,1608930421073,2020-12-25T21:07:01.073Z,sell,7e-07,6438.0,0.0045065999999999
VIB/BTC,1608930421089,2020-12-25T21:07:01.089Z,sell,7e-07,6438.0,0.0045065999999999
VIB/BTC,1608930421144,2020-12-25T21:07:01.144Z,sell,7e-07,33028.0,0.0231196
VIB/BTC,1608930425821,2020-12-25T21:07:05.821Z,buy,7e-07,86588.0,0.0606115999999999
VIB/BTC,1608930432247,2020-12-25T21:07:12.247Z,sell,6.9e-07,245865.0,0.16964685
VIB/BTC,1608930441806,2020-12-25T21:07:21.806Z,buy,7e-07,245666.0,0.1719661999999999
VIB/BTC,1608930446481,2020-12-25T21:07:26.481Z,sell,6.9e-07,38655.0,0.02667195
VIB/BTC,1608930449198,2020-12-25T21:07:29.198Z,sell,6.9e-07,48655.0,0.0335719499999999
VIB/BTC,1608930465986,2020-12-25T21:07:45.986Z,buy,7e-07,456.0,0.0003192
VIB/BTC,1608930469456,2020-12-25T21:07:49.456Z,buy,7e-07,235.0,0.0001645
VIB/BTC,1608930471699,2020-12-25T21:07:51.699Z,buy,7e-07,254.0,0.0001777999999999
VIB/BTC,1608930473556,2020-12-25T21:07:53.556Z,buy,7e-07,3868.0,0.0027075999999999
VIB/BTC,1608930475806,2020-12-25T21:07:55.806Z,buy,7e-07,2457.0,0.0017199
VIB/BTC,1608930477917,2020-12-25T21:07:57.917Z,buy,7e-07,1748.0,0.0012236
VIB/BTC,1608930480348,2020-12-25T21:08:00.348Z,buy,7e-07,3568.0,0.0024976
VIB/BTC,1608930482154,2020-12-25T21:08:02.154Z,buy,7e-07,3865.0,0.0027055
VIB/BTC,1608930484063,2020-12-25T21:08:04.063Z,buy,7e-07,256.0,0.0001792
VIB/BTC,1608930486093,2020-12-25T21:08:06.093Z,buy,7e-07,1477.0,0.0010339
VIB/BTC,1608930487993,2020-12-25T21:08:07.993Z,buy,7e-07,689.0,0.0004822999999999
VIB/BTC,1608930489714,2020-12-25T21:08:09.714Z,buy,7e-07,4587.0,0.0032109
VIB/BTC,1608930491572,2020-12-25T21:08:11.572Z,buy,7e-07,3865.0,0.0027055
VIB/BTC,1608930493329,2020-12-25T21:08:13.329Z,buy,7e-07,8327.0,0.0058289
VIB/BTC,1608930495420,2020-12-25T21:08:15.420Z,buy,7e-07,4456.0,0.0031192
VIB/BTC,1608930497510,2020-12-25T21:08:17.510Z,buy,7e-07,245.0,0.0001715
VIB/BTC,1608930501399,2020-12-25T21:08:21.399Z,buy,7e-07,325.0,0.0002275
VIB/BTC,1608930503349,2020-12-25T21:08:23.349Z,buy,7e-07,458.0,0.0003206
VIB/BTC,1608930524554,2020-12-25T21:08:44.554Z,buy,7e-07,67718.0,0.0474025999999999
VIB/BTC,1608930562436,2020-12-25T21:09:22.436Z,buy,7e-07,12538.0,0.0087765999999999
VIB/BTC,1608930649553,2020-12-25T21:10:49.553Z,sell,6.9e-07,48474.0,0.03344706
VIB/BTC,1608930847934,2020-12-25T21:14:07.934Z,buy,6.9e-07,145.0,0.0001000499999999
VIB/BTC,1608931286336,2020-12-25T21:21:26.336Z,sell,6.8e-07,164443.0,0.1118212399999999
VIB/BTC,1608931286348,2020-12-25T21:21:26.348Z,buy,6.8e-07,2094.0,0.00142392
VIB/BTC,1608931286624,2020-12-25T21:21:26.624Z,buy,6.8e-07,274.0,0.00018632
VIB/BTC,1608931288210,2020-12-25T21:21:28.210Z,buy,6.8e-07,411.0,0.00027948
VIB/BTC,1608931295588,2020-12-25T21:21:35.588Z,buy,6.8e-07,4412.0,0.00300016
VIB/BTC,1608931307354,2020-12-25T21:21:47.354Z,buy,6.8e-07,1765.0,0.0012002
VIB/BTC,1608931327938,2020-12-25T21:22:07.938Z,buy,6.8e-07,148.0,0.00010064
VIB/BTC,1608931344603,2020-12-25T21:22:24.603Z,sell,6.7e-07,7141.0,0.00478447
VIB/BTC,1608931365485,2020-12-25T21:22:45.485Z,sell,6.7e-07,5940.0,0.0039798
VIB/BTC,1608931381891,2020-12-25T21:23:01.891Z,sell,6.7e-07,8967.0,0.00600789
VIB/BTC,1608931570610,2020-12-25T21:26:10.610Z,buy,6.8e-07,2457.0,0.0016707599999999
VIB/BTC,1608931570700,2020-12-25T21:26:10.700Z,buy,6.8e-07,3112.0,0.0021161599999999
VIB/BTC,1608931570700,2020-12-25T21:26:10.700Z,buy,6.8e-07,3112.0,0.0021161599999999
VIB/BTC,1608932646309,2020-12-25T21:44:06.309Z,sell,6.7e-07,150.0,0.0001005
VIB/BTC,1608933090308,2020-12-25T21:51:30.308Z,buy,6.7e-07,86544.0,0.05798448
VIB/BTC,1608933095053,2020-12-25T21:51:35.053Z,buy,6.7e-07,83277.0,0.05579559
VIB/BTC,1608933099486,2020-12-25T21:51:39.486Z,buy,6.7e-07,78655.0,0.05269885
VIB/BTC,1608933103459,2020-12-25T21:51:43.459Z,sell,6.6e-07,83277.0,0.05496282
VIB/BTC,1608933114434,2020-12-25T21:51:54.434Z,buy,6.7e-07,86544.0,0.05798448
VIB/BTC,1608933118255,2020-12-25T21:51:58.255Z,sell,6.6e-07,83277.0,0.05496282
VIB/BTC,1608933120397,2020-12-25T21:52:00.397Z,sell,6.6e-07,18880.0,0.0124608
VIB/BTC,1608933120416,2020-12-25T21:52:00.416Z,buy,6.6e-07,2259.0,0.00149094
VIB/BTC,1608933120455,2020-12-25T21:52:00.455Z,buy,6.6e-07,763.0,0.00050358
VIB/BTC,1608933120599,2020-12-25T21:52:00.599Z,buy,6.6e-07,6683.0,0.00441078
VIB/BTC,1608933120670,2020-12-25T21:52:00.670Z,buy,6.6e-07,152.0,0.00010032
VIB/BTC,1608933120767,2020-12-25T21:52:00.767Z,buy,6.6e-07,8017.0,0.00529122
VIB/BTC,1608933122075,2020-12-25T21:52:02.075Z,buy,6.6e-07,5355.0,0.0035343
VIB/BTC,1608933123875,2020-12-25T21:52:03.875Z,buy,6.6e-07,2067.0,0.00136422
VIB/BTC,1608933123918,2020-12-25T21:52:03.918Z,buy,6.6e-07,34146.0,0.02253636
VIB/BTC,1608933128974,2020-12-25T21:52:08.974Z,buy,6.7e-07,83277.0,0.05579559
VIB/BTC,1608933136783,2020-12-25T21:52:16.783Z,buy,6.7e-07,78655.0,0.05269885
VIB/BTC,1608933142051,2020-12-25T21:52:22.051Z,buy,6.7e-07,83277.0,0.05579559
VIB/BTC,1608933158746,2020-12-25T21:52:38.746Z,sell,6.6e-07,85473.0,0.05641218
VIB/BTC,1608933158746,2020-12-25T21:52:38.746Z,sell,6.5e-07,1071.0,0.00069615
VIB/BTC,1608933162517,2020-12-25T21:52:42.517Z,buy,6.7e-07,83277.0,0.05579559
VIB/BTC,1608933172264,2020-12-25T21:52:52.264Z,sell,6.6e-07,374.0,0.00024684
VIB/BTC,1608933172264,2020-12-25T21:52:52.264Z,sell,6.5e-07,86170.0,0.0560105
VIB/BTC,1608933176539,2020-12-25T21:52:56.539Z,buy,6.6e-07,154.0,0.00010164
VIB/BTC,1608933176539,2020-12-25T21:52:56.539Z,buy,6.7e-07,83101.0,0.05567767
VIB/BTC,1608933178424,2020-12-25T21:52:58.424Z,buy,6.7e-07,360.0,0.0002412
VIB/BTC,1608933247358,2020-12-25T21:54:07.358Z,buy,6.7e-07,2471.0,0.00165557
VIB/BTC,1608934004645,2020-12-25T22:06:44.645Z,buy,6.8e-07,2040.0,0.0013871999999999
VIB/BTC,1608934474293,2020-12-25T22:14:34.293Z,buy,6.7e-07,842.0,0.00056414
VIB/BTC,1608934762126,2020-12-25T22:19:22.126Z,buy,6.8e-07,68768.0,0.04676224
VIB/BTC,1608934762151,2020-12-25T22:19:22.151Z,sell,6.8e-07,617.0,0.00041956
VIB/BTC,1608934762799,2020-12-25T22:19:22.799Z,sell,6.7e-07,622.0,0.00041674
VIB/BTC,1608934762799,2020-12-25T22:19:22.799Z,sell,6.7e-07,622.0,0.00041674
VIB/BTC,1608936282233,2020-12-25T22:44:42.233Z,buy,6.8e-07,1730.0,0.0011764
VIB/BTC,1608936608130,2020-12-25T22:50:08.130Z,sell,6.7e-07,149411.0,0.10010537
VIB/BTC,1608936782023,2020-12-25T22:53:02.023Z,sell,6.7e-07,2014.0,0.00134938
VIB/BTC,1608937463375,2020-12-25T23:04:23.375Z,sell,6.7e-07,3195.0,0.00214065
VIB/BTC,1608937633032,2020-12-25T23:07:13.032Z,sell,6.7e-07,606.0,0.00040602
VIB/BTC,1608937633229,2020-12-25T23:07:13.229Z,sell,6.7e-07,1955.0,0.00130985
VIB/BTC,1608937633302,2020-12-25T23:07:13.302Z,sell,6.7e-07,3157.0,0.00211519
VIB/BTC,1608937646991,2020-12-25T23:07:26.991Z,sell,6.7e-07,1445.0,0.00096815
VIB/BTC,1608937681357,2020-12-25T23:08:01.357Z,sell,6.7e-07,15284.0,0.01024028
VIB/BTC,1608937783974,2020-12-25T23:09:43.974Z,sell,6.7e-07,1502.0,0.00100634
VIB/BTC,1608937783974,2020-12-25T23:09:43.974Z,sell,6.7e-07,1502.0,0.00100634
VIB/BTC,1608941083842,2020-12-26T00:04:43.842Z,sell,6.7e-07,2894.0,0.00193898
VIB/BTC,1608941083842,2020-12-26T00:04:43.842Z,sell,6.7e-07,2894.0,0.00193898
VIB/BTC,1608942931665,2020-12-26T00:35:31.665Z,buy,6.8e-07,862.0,0.00058616
VIB/BTC,1608943144099,2020-12-26T00:39:04.099Z,sell,6.7e-07,2471.0,0.00165557
VIB/BTC,1608943144099,2020-12-26T00:39:04.099Z,sell,6.7e-07,2471.0,0.00165557
VIB/BTC,1608946753498,2020-12-26T01:39:13.498Z,sell,6.7e-07,5101.0,0.00341767
VIB/BTC,1608947204749,2020-12-26T01:46:44.749Z,sell,6.7e-07,10062.0,0.00674154
VIB/BTC,1608947204749,2020-12-26T01:46:44.749Z,sell,6.7e-07,10062.0,0.00674154
VIB/BTC,1608947705448,2020-12-26T01:55:05.448Z,sell,6.7e-07,7138.0,0.00478246
VIB/BTC,1608948586173,2020-12-26T02:09:46.173Z,sell,6.7e-07,46336.0,0.03104512
VIB/BTC,1608949129604,2020-12-26T02:18:49.604Z,sell,6.7e-07,70807.0,0.04744069
VIB/BTC,1608949129604,2020-12-26T02:18:49.604Z,sell,6.7e-07,70807.0,0.04744069
VIB/BTC,1608950907493,2020-12-26T02:48:27.493Z,buy,6.7e-07,507.0,0.00033969
VIB/BTC,1608950911628,2020-12-26T02:48:31.628Z,sell,6.6e-07,20238.0,0.01335708
VIB/BTC,1608950911628,2020-12-26T02:48:31.628Z,sell,6.6e-07,20238.0,0.01335708
VIB/BTC,1608953835931,2020-12-26T03:37:15.931Z,buy,6.7e-07,4608.0,0.00308736
VIB/BTC,1608954138444,2020-12-26T03:42:18.444Z,sell,6.6e-07,1918.0,0.00126588
VIB/BTC,1608954138444,2020-12-26T03:42:18.444Z,sell,6.6e-07,1918.0,0.00126588
VIB/BTC,1608954551174,2020-12-26T03:49:11.174Z,sell,6.6e-07,1986.0,0.00131076
VIB/BTC,1608954551174,2020-12-26T03:49:11.174Z,sell,6.6e-07,1986.0,0.00131076
VIB/BTC,1608958538870,2020-12-26T04:55:38.870Z,buy,6.7e-07,155.0,0.00010385
VIB/BTC,1608958538870,2020-12-26T04:55:38.870Z,buy,6.7e-07,155.0,0.00010385
VIB/BTC,1608961818603,2020-12-26T05:50:18.603Z,buy,6.7e-07,2618.0,0.00175406
VIB/BTC,1608961818603,2020-12-26T05:50:18.603Z,buy,6.7e-07,2618.0,0.00175406
VIB/BTC,1608964526666,2020-12-26T06:35:26.666Z,buy,6.7e-07,3000.0,0.00201
VIB/BTC,1608964834052,2020-12-26T06:40:34.052Z,sell,6.6e-07,2984.0,0.00196944
VIB/BTC,1608965006751,2020-12-26T06:43:26.751Z,sell,6.6e-07,35000.0,0.0231
VIB/BTC,1608965006751,2020-12-26T06:43:26.751Z,sell,6.6e-07,35000.0,0.0231
VIB/BTC,1608967024065,2020-12-26T07:17:04.065Z,sell,6.6e-07,5473.0,0.00361218
VIB/BTC,1608967386039,2020-12-26T07:23:06.039Z,buy,6.7e-07,8821.0,0.00591007
VIB/BTC,1608967426000,2020-12-26T07:23:46.000Z,buy,6.7e-07,500.0,0.000335
VIB/BTC,1608968106531,2020-12-26T07:35:06.531Z,sell,6.6e-07,608.0,0.00040128
VIB/BTC,1608968106531,2020-12-26T07:35:06.531Z,sell,6.6e-07,608.0,0.00040128
VIB/BTC,1608968657012,2020-12-26T07:44:17.012Z,sell,6.6e-07,26458.0,0.01746228
VIB/BTC,1608968926515,2020-12-26T07:48:46.515Z,buy,6.7e-07,28842.0,0.01932414
VIB/BTC,1608969612129,2020-12-26T08:00:12.129Z,buy,6.7e-07,88537.0,0.05931979
VIB/BTC,1608971495758,2020-12-26T08:31:35.758Z,buy,6.7e-07,27950.0,0.0187265
VIB/BTC,1608971495770,2020-12-26T08:31:35.770Z,sell,6.7e-07,2094.0,0.00140298
VIB/BTC,1608971495890,2020-12-26T08:31:35.890Z,sell,6.7e-07,23261.0,0.01558487
VIB/BTC,1608971495908,2020-12-26T08:31:35.908Z,sell,6.7e-07,1041.0,0.00069747
VIB/BTC,1608971495908,2020-12-26T08:31:35.908Z,sell,6.7e-07,1041.0,0.00069747
VIB/BTC,1608972094752,2020-12-26T08:41:34.752Z,buy,6.8e-07,48065.0,0.0326842
VIB/BTC,1608972210603,2020-12-26T08:43:30.603Z,buy,6.8e-07,268611.0,0.1826554799999999
VIB/BTC,1608972216707,2020-12-26T08:43:36.707Z,buy,6.8e-07,270426.0,0.18388968
VIB/BTC,1608972218684,2020-12-26T08:43:38.684Z,buy,6.8e-07,35905.0,0.0244153999999999
VIB/BTC,1608972218695,2020-12-26T08:43:38.695Z,sell,6.8e-07,10895.0,0.0074085999999999
VIB/BTC,1608972218705,2020-12-26T08:43:38.705Z,sell,6.8e-07,6563.0,0.00446284
VIB/BTC,1608972227163,2020-12-26T08:43:47.163Z,buy,6.9e-07,316404.0,0.21831876
VIB/BTC,1608972237464,2020-12-26T08:43:57.464Z,buy,6.9e-07,103550.0,0.0714495
VIB/BTC,1608972239125,2020-12-26T08:43:59.125Z,buy,6.9e-07,104087.0,0.0718200299999999
VIB/BTC,1608972240964,2020-12-26T08:44:00.964Z,buy,6.9e-07,94804.0,0.06541476
VIB/BTC,1608972243310,2020-12-26T08:44:03.310Z,buy,6.9e-07,99901.0,0.0689316899999999
VIB/BTC,1608972249874,2020-12-26T08:44:09.874Z,buy,6.9e-07,108566.0,0.07491054
VIB/BTC,1608972251268,2020-12-26T08:44:11.268Z,buy,6.9e-07,90217.0,0.0622497299999999
VIB/BTC,1608972260179,2020-12-26T08:44:20.179Z,buy,6.9e-07,93175.0,0.06429075
VIB/BTC,1608972262321,2020-12-26T08:44:22.321Z,buy,6.9e-07,102830.0,0.0709527
VIB/BTC,1608972268138,2020-12-26T08:44:28.138Z,buy,6.9e-07,156379.0,0.1079015099999999
VIB/BTC,1608972269707,2020-12-26T08:44:29.707Z,buy,6.9e-07,145738.0,0.1005592199999999
VIB/BTC,1608972275977,2020-12-26T08:44:35.977Z,buy,6.9e-07,144243.0,0.09952767
VIB/BTC,1608972277287,2020-12-26T08:44:37.287Z,buy,6.9e-07,139759.0,0.0964337099999999
VIB/BTC,1608972279491,2020-12-26T08:44:39.491Z,buy,6.9e-07,119393.0,0.0823811699999999
VIB/BTC,1608972280820,2020-12-26T08:44:40.820Z,buy,6.9e-07,6000.0,0.00414
VIB/BTC,1608972282951,2020-12-26T08:44:42.951Z,sell,6.8e-07,5965.0,0.0040561999999999
VIB/BTC,1608972285001,2020-12-26T08:44:45.001Z,buy,6.8e-07,23557.0,0.01601876
VIB/BTC,1608972285001,2020-12-26T08:44:45.001Z,buy,6.9e-07,128450.0,0.0886305
VIB/BTC,1608972286347,2020-12-26T08:44:46.347Z,buy,6.9e-07,122645.0,0.08462505
VIB/BTC,1608972287912,2020-12-26T08:44:47.912Z,buy,6.9e-07,115539.0,0.0797219099999999
VIB/BTC,1608972291712,2020-12-26T08:44:51.712Z,buy,6.9e-07,111304.0,0.07679976
VIB/BTC,1608972312539,2020-12-26T08:45:12.539Z,buy,6.9e-07,122193.0,0.0843131699999999
VIB/BTC,1608972314003,2020-12-26T08:45:14.003Z,buy,6.9e-07,106377.0,0.07340013
VIB/BTC,1608972315357,2020-12-26T08:45:15.357Z,buy,6.9e-07,121915.0,0.08412135
VIB/BTC,1608972315864,2020-12-26T08:45:15.864Z,buy,6.9e-07,193075.0,0.13322175
VIB/BTC,1608972315874,2020-12-26T08:45:15.874Z,sell,6.9e-07,1870.0,0.0012902999999999
VIB/BTC,1608972315882,2020-12-26T08:45:15.882Z,sell,6.9e-07,5636.0,0.0038888399999999
VIB/BTC,1608972316272,2020-12-26T08:45:16.272Z,sell,6.9e-07,9700.0,0.0066929999999999
VIB/BTC,1608972316626,2020-12-26T08:45:16.626Z,sell,6.9e-07,5482.0,0.00378258
VIB/BTC,1608972319441,2020-12-26T08:45:19.441Z,buy,7e-07,5781.0,0.0040466999999999
VIB/BTC,1608972320821,2020-12-26T08:45:20.821Z,sell,6.9e-07,1129.0,0.0007790099999999
VIB/BTC,1608972326589,2020-12-26T08:45:26.589Z,sell,6.9e-07,79403.0,0.0547880699999999
VIB/BTC,1608972328659,2020-12-26T08:45:28.659Z,buy,6.9e-07,120206.0,0.08294214
VIB/BTC,1608972331687,2020-12-26T08:45:31.687Z,sell,6.9e-07,155376.0,0.1072094399999999
VIB/BTC,1608972359538,2020-12-26T08:45:59.538Z,sell,6.9e-07,2899.0,0.00200031
VIB/BTC,1608972372721,2020-12-26T08:46:12.721Z,buy,6.9e-07,90919.0,0.06273411
VIB/BTC,1608972372721,2020-12-26T08:46:12.721Z,buy,6.9e-07,90919.0,0.06273411
VIB/BTC,1608972372722,2020-12-26T08:46:12.722Z,buy,6.9e-07,1.0,6.9e-07
VIB/BTC,1608972417601,2020-12-26T08:46:57.601Z,sell,6.8e-07,213.0,0.00014484
VIB/BTC,1608972425755,2020-12-26T08:47:05.755Z,sell,6.8e-07,114043.0,0.0775492399999999
VIB/BTC,1608972484014,2020-12-26T08:48:04.014Z,buy,6.9e-07,155005.0,0.1069534499999999
VIB/BTC,1608972485732,2020-12-26T08:48:05.732Z,buy,6.9e-07,53833.0,0.03714477
VIB/BTC,1608972487735,2020-12-26T08:48:07.735Z,buy,6.9e-07,60992.0,0.04208448
VIB/BTC,1608972489020,2020-12-26T08:48:09.020Z,buy,6.9e-07,52402.0,0.0361573799999999
VIB/BTC,1608972490357,2020-12-26T08:48:10.357Z,buy,6.9e-07,45744.0,0.03156336
VIB/BTC,1608972494530,2020-12-26T08:48:14.530Z,buy,6.9e-07,56410.0,0.0389228999999999
VIB/BTC,1608972495763,2020-12-26T08:48:15.763Z,buy,6.9e-07,51829.0,0.03576201
VIB/BTC,1608972497176,2020-12-26T08:48:17.176Z,buy,6.9e-07,39516.0,0.02726604
VIB/BTC,1608972499123,2020-12-26T08:48:19.123Z,buy,6.9e-07,55551.0,0.03833019
VIB/BTC,1608972500639,2020-12-26T08:48:20.639Z,buy,6.9e-07,60992.0,0.04208448
VIB/BTC,1608972501276,2020-12-26T08:48:21.276Z,buy,6.9e-07,169752.0,0.1171288799999999
VIB/BTC,1608972505106,2020-12-26T08:48:25.106Z,sell,6.9e-07,106017.0,0.07315173
VIB/BTC,1608972508027,2020-12-26T08:48:28.027Z,buy,6.9e-07,156133.0,0.1077317699999999
VIB/BTC,1608972510385,2020-12-26T08:48:30.385Z,sell,6.9e-07,138974.0,0.0958920599999999
VIB/BTC,1608972513116,2020-12-26T08:48:33.116Z,buy,6.9e-07,223081.0,0.1539258899999999
VIB/BTC,1608972514373,2020-12-26T08:48:34.373Z,sell,6.9e-07,51274.0,0.03537906
VIB/BTC,1608972516714,2020-12-26T08:48:36.714Z,sell,6.8e-07,360.0,0.0002448
VIB/BTC,1608972518077,2020-12-26T08:48:38.077Z,buy,6.9e-07,143405.0,0.09894945
VIB/BTC,1608972522867,2020-12-26T08:48:42.867Z,buy,6.9e-07,82757.0,0.05710233
VIB/BTC,1608972524274,2020-12-26T08:48:44.274Z,buy,6.9e-07,79846.0,0.0550937399999999
VIB/BTC,1608972527240,2020-12-26T08:48:47.240Z,buy,6.9e-07,77351.0,0.05337219
VIB/BTC,1608972528941,2020-12-26T08:48:48.941Z,buy,6.9e-07,88579.0,0.0611195099999999
VIB/BTC,1608972530267,2020-12-26T08:48:50.267Z,buy,6.9e-07,78182.0,0.05394558
VIB/BTC,1608972531775,2020-12-26T08:48:51.775Z,buy,6.9e-07,76103.0,0.05251107
VIB/BTC,1608972537456,2020-12-26T08:48:57.456Z,buy,6.9e-07,21577.0,0.01488813
VIB/BTC,1608972538995,2020-12-26T08:48:58.995Z,buy,6.9e-07,2869.0,0.0019796099999999
VIB/BTC,1608972543626,2020-12-26T08:49:03.626Z,buy,6.9e-07,248261.0,0.17130009
VIB/BTC,1608972548303,2020-12-26T08:49:08.303Z,buy,6.9e-07,390567.0,0.2694912299999999
VIB/BTC,1608972554419,2020-12-26T08:49:14.419Z,buy,6.9e-07,414978.0,0.28633482
VIB/BTC,1608972559469,2020-12-26T08:49:19.469Z,buy,6.9e-07,386129.0,0.2664290099999999
VIB/BTC,1608972559509,2020-12-26T08:49:19.509Z,buy,6.9e-07,20813.0,0.0143609699999999
VIB/BTC,1608972566125,2020-12-26T08:49:26.125Z,buy,6.9e-07,319876.0,0.2207144399999999
VIB/BTC,1608972569404,2020-12-26T08:49:29.404Z,sell,6.9e-07,183553.0,0.12665157
VIB/BTC,1608972573171,2020-12-26T08:49:33.171Z,buy,6.9e-07,246030.0,0.1697607
VIB/BTC,1608972574923,2020-12-26T08:49:34.923Z,sell,6.9e-07,17269.0,0.01191561
VIB/BTC,1608972577620,2020-12-26T08:49:37.620Z,buy,6.9e-07,370145.0,0.25540005
VIB/BTC,1608972578709,2020-12-26T08:49:38.709Z,buy,6.9e-07,27843.0,0.01921167
VIB/BTC,1608972592094,2020-12-26T08:49:52.094Z,buy,6.9e-07,24548.0,0.0169381199999999
VIB/BTC,1608972680187,2020-12-26T08:51:20.187Z,buy,7e-07,23903.0,0.0167321
VIB/BTC,1608972709800,2020-12-26T08:51:49.800Z,sell,6.9e-07,139356.0,0.09615564
VIB/BTC,1608972714127,2020-12-26T08:51:54.127Z,buy,6.9e-07,24968.0,0.0172279199999999
VIB/BTC,1608972740173,2020-12-26T08:52:20.173Z,buy,7e-07,56840.0,0.039788
VIB/BTC,1608972744456,2020-12-26T08:52:24.456Z,buy,7e-07,145204.0,0.1016427999999999
VIB/BTC,1608972744468,2020-12-26T08:52:24.468Z,sell,7e-07,1229.0,0.0008602999999999
VIB/BTC,1608972750705,2020-12-26T08:52:30.705Z,buy,7e-07,2795.0,0.0019565
VIB/BTC,1608972756566,2020-12-26T08:52:36.566Z,sell,7e-07,1931.0,0.0013517
VIB/BTC,1608972759928,2020-12-26T08:52:39.928Z,sell,7e-07,64253.0,0.0449771
VIB/BTC,1608972766572,2020-12-26T08:52:46.572Z,sell,7e-07,400.0,0.00028
VIB/BTC,1608972767293,2020-12-26T08:52:47.293Z,sell,7e-07,400.0,0.00028
VIB/BTC,1608972777192,2020-12-26T08:52:57.192Z,sell,7e-07,4947.0,0.0034628999999999
VIB/BTC,1608972783794,2020-12-26T08:53:03.794Z,buy,7.1e-07,158.0,0.00011218
VIB/BTC,1608972784071,2020-12-26T08:53:04.071Z,sell,7e-07,148.0,0.0001036
VIB/BTC,1608972794150,2020-12-26T08:53:14.150Z,sell,7e-07,400.0,0.00028
VIB/BTC,1608972795038,2020-12-26T08:53:15.038Z,sell,7e-07,400.0,0.00028
VIB/BTC,1608972813281,2020-12-26T08:53:33.281Z,sell,7e-07,651.0,0.0004556999999999
VIB/BTC,1608972859853,2020-12-26T08:54:19.853Z,buy,7e-07,3761.0,0.0026327
VIB/BTC,1608972864185,2020-12-26T08:54:24.185Z,buy,7.1e-07,500.0,0.000355
VIB/BTC,1608972865420,2020-12-26T08:54:25.420Z,buy,7.1e-07,158.0,0.00011218
VIB/BTC,1608972865967,2020-12-26T08:54:25.967Z,sell,7e-07,259.0,0.0001813
VIB/BTC,1608972866935,2020-12-26T08:54:26.935Z,buy,7.1e-07,163.0,0.0001157299999999
VIB/BTC,1608972868339,2020-12-26T08:54:28.339Z,buy,7.1e-07,158.0,0.00011218
VIB/BTC,1608972869984,2020-12-26T08:54:29.984Z,buy,7.1e-07,163.0,0.0001157299999999
VIB/BTC,1608972871551,2020-12-26T08:54:31.551Z,buy,7.1e-07,158.0,0.00011218
VIB/BTC,1608972876021,2020-12-26T08:54:36.021Z,buy,7.1e-07,163.0,0.0001157299999999
VIB/BTC,1608972878824,2020-12-26T08:54:38.824Z,buy,7.1e-07,158.0,0.00011218
VIB/BTC,1608972886764,2020-12-26T08:54:46.764Z,buy,7.1e-07,500.0,0.000355
VIB/BTC,1608972888145,2020-12-26T08:54:48.145Z,buy,7.1e-07,158.0,0.00011218
VIB/BTC,1608972890207,2020-12-26T08:54:50.207Z,buy,7.1e-07,163.0,0.0001157299999999
VIB/BTC,1608972891546,2020-12-26T08:54:51.546Z,buy,7.1e-07,158.0,0.00011218
VIB/BTC,1608972892894,2020-12-26T08:54:52.894Z,buy,7.1e-07,163.0,0.0001157299999999
VIB/BTC,1608972906434,2020-12-26T08:55:06.434Z,buy,7.1e-07,6039.0,0.00428769
VIB/BTC,1608972917295,2020-12-26T08:55:17.295Z,sell,7e-07,736.0,0.0005152
VIB/BTC,1608972922492,2020-12-26T08:55:22.492Z,buy,7.1e-07,158.0,0.00011218
VIB/BTC,1608972931738,2020-12-26T08:55:31.738Z,buy,7.1e-07,163.0,0.0001157299999999
VIB/BTC,1608972933199,2020-12-26T08:55:33.199Z,buy,7.1e-07,158.0,0.00011218
VIB/BTC,1608972934698,2020-12-26T08:55:34.698Z,buy,7.1e-07,163.0,0.0001157299999999
VIB/BTC,1608972937133,2020-12-26T08:55:37.133Z,buy,7.1e-07,158.0,0.00011218
VIB/BTC,1608972938038,2020-12-26T08:55:38.038Z,sell,7e-07,762.0,0.0005334
VIB/BTC,1608972938945,2020-12-26T08:55:38.945Z,buy,7.1e-07,158.0,0.00011218
VIB/BTC,1608972940257,2020-12-26T08:55:40.257Z,buy,7.1e-07,163.0,0.0001157299999999
VIB/BTC,1608972941885,2020-12-26T08:55:41.885Z,buy,7.1e-07,158.0,0.00011218
VIB/BTC,1608972943678,2020-12-26T08:55:43.678Z,buy,7.1e-07,163.0,0.0001157299999999
VIB/BTC,1608972945940,2020-12-26T08:55:45.940Z,buy,7.1e-07,158.0,0.00011218
VIB/BTC,1608972948908,2020-12-26T08:55:48.908Z,buy,7.1e-07,163.0,0.0001157299999999
VIB/BTC,1608972949939,2020-12-26T08:55:49.939Z,sell,7e-07,1123.0,0.0007861
VIB/BTC,1608972951774,2020-12-26T08:55:51.774Z,buy,7.1e-07,158.0,0.00011218
VIB/BTC,1608972953457,2020-12-26T08:55:53.457Z,buy,7.1e-07,163.0,0.0001157299999999
VIB/BTC,1608972956446,2020-12-26T08:55:56.446Z,buy,7.1e-07,158.0,0.00011218
VIB/BTC,1608972958050,2020-12-26T08:55:58.050Z,buy,7.1e-07,163.0,0.0001157299999999
VIB/BTC,1608972959634,2020-12-26T08:55:59.634Z,buy,7.1e-07,158.0,0.00011218
VIB/BTC,1608972961240,2020-12-26T08:56:01.240Z,buy,7.1e-07,163.0,0.0001157299999999
VIB/BTC,1608972962786,2020-12-26T08:56:02.786Z,buy,7.1e-07,158.0,0.00011218
VIB/BTC,1608972964348,2020-12-26T08:56:04.348Z,buy,7.1e-07,163.0,0.0001157299999999
VIB/BTC,1608972965851,2020-12-26T08:56:05.851Z,buy,7.1e-07,158.0,0.00011218
VIB/BTC,1608972968564,2020-12-26T08:56:08.564Z,buy,7.1e-07,163.0,0.0001157299999999
VIB/BTC,1608972980780,2020-12-26T08:56:20.780Z,buy,7.1e-07,58.0,4.118e-05
VIB/BTC,1608972982200,2020-12-26T08:56:22.200Z,buy,7.1e-07,63.0,4.473e-05
VIB/BTC,1608972983833,2020-12-26T08:56:23.833Z,buy,7.1e-07,58.0,4.118e-05
VIB/BTC,1608972985182,2020-12-26T08:56:25.182Z,buy,7.1e-07,63.0,4.473e-05
VIB/BTC,1608972986625,2020-12-26T08:56:26.625Z,buy,7.1e-07,58.0,4.118e-05
VIB/BTC,1608972988157,2020-12-26T08:56:28.157Z,buy,7.1e-07,63.0,4.473e-05
VIB/BTC,1608972989678,2020-12-26T08:56:29.678Z,buy,7.1e-07,58.0,4.118e-05
VIB/BTC,1608972991167,2020-12-26T08:56:31.167Z,buy,7.1e-07,63.0,4.473e-05
VIB/BTC,1608972992626,2020-12-26T08:56:32.626Z,buy,7.1e-07,58.0,4.118e-05
VIB/BTC,1608972994054,2020-12-26T08:56:34.054Z,buy,7.1e-07,63.0,4.473e-05
VIB/BTC,1608972995459,2020-12-26T08:56:35.459Z,buy,7.1e-07,58.0,4.118e-05
VIB/BTC,1608972997016,2020-12-26T08:56:37.016Z,buy,7.1e-07,63.0,4.473e-05
VIB/BTC,1608972999079,2020-12-26T08:56:39.079Z,buy,7.1e-07,58.0,4.118e-05
VIB/BTC,1608973001429,2020-12-26T08:56:41.429Z,buy,7.1e-07,58.0,4.118e-05
VIB/BTC,1608973012609,2020-12-26T08:56:52.609Z,sell,7e-07,12733.0,0.0089131
VIB/BTC,1608973012642,2020-12-26T08:56:52.642Z,buy,7e-07,7116.0,0.0049812
VIB/BTC,1608973025649,2020-12-26T08:57:05.649Z,buy,7e-07,5000.0,0.0034999999999999
VIB/BTC,1608973051467,2020-12-26T08:57:31.467Z,buy,7e-07,158.0,0.0001105999999999
VIB/BTC,1608973052753,2020-12-26T08:57:32.753Z,buy,7e-07,163.0,0.0001141
VIB/BTC,1608973053984,2020-12-26T08:57:33.984Z,buy,7e-07,158.0,0.0001105999999999
VIB/BTC,1608973055472,2020-12-26T08:57:35.472Z,buy,7e-07,163.0,0.0001141
VIB/BTC,1608973095868,2020-12-26T08:58:15.868Z,buy,7e-07,12323.0,0.0086261
VIB/BTC,1608973102810,2020-12-26T08:58:22.810Z,buy,7.1e-07,163.0,0.0001157299999999
VIB/BTC,1608973106162,2020-12-26T08:58:26.162Z,buy,7.1e-07,158.0,0.00011218
VIB/BTC,1608973107519,2020-12-26T08:58:27.519Z,buy,7.1e-07,163.0,0.0001157299999999
VIB/BTC,1608973108739,2020-12-26T08:58:28.739Z,buy,7.1e-07,158.0,0.00011218
VIB/BTC,1608973110519,2020-12-26T08:58:30.519Z,buy,7.1e-07,163.0,0.0001157299999999
VIB/BTC,1608973114257,2020-12-26T08:58:34.257Z,buy,7.1e-07,58.0,4.118e-05
VIB/BTC,1608973115632,2020-12-26T08:58:35.632Z,buy,7.1e-07,63.0,4.473e-05
VIB/BTC,1608973118348,2020-12-26T08:58:38.348Z,buy,7.1e-07,58.0,4.118e-05
VIB/BTC,1608973119748,2020-12-26T08:58:39.748Z,buy,7.1e-07,63.0,4.473e-05
VIB/BTC,1608973121363,2020-12-26T08:58:41.363Z,buy,7.1e-07,58.0,4.118e-05
VIB/BTC,1608973122599,2020-12-26T08:58:42.599Z,buy,7.1e-07,63.0,4.473e-05
VIB/BTC,1608973123886,2020-12-26T08:58:43.886Z,buy,7.1e-07,58.0,4.118e-05
VIB/BTC,1608973125293,2020-12-26T08:58:45.293Z,buy,7.1e-07,63.0,4.473e-05
VIB/BTC,1608973126594,2020-12-26T08:58:46.594Z,buy,7.1e-07,58.0,4.118e-05
VIB/BTC,1608973127923,2020-12-26T08:58:47.923Z,buy,7.1e-07,63.0,4.473e-05
VIB/BTC,1608973129194,2020-12-26T08:58:49.194Z,buy,7.1e-07,58.0,4.118e-05
VIB/BTC,1608973130571,2020-12-26T08:58:50.571Z,buy,7.1e-07,63.0,4.473e-05
VIB/BTC,1608973138630,2020-12-26T08:58:58.630Z,buy,7.1e-07,58.0,4.118e-05
VIB/BTC,1608973139907,2020-12-26T08:58:59.907Z,buy,7.1e-07,63.0,4.473e-05
VIB/BTC,1608973141315,2020-12-26T08:59:01.315Z,buy,7.1e-07,58.0,4.118e-05
VIB/BTC,1608973142814,2020-12-26T08:59:02.814Z,buy,7.1e-07,63.0,4.473e-05
VIB/BTC,1608973161295,2020-12-26T08:59:21.295Z,buy,7.1e-07,58.0,4.118e-05
VIB/BTC,1608973162694,2020-12-26T08:59:22.694Z,buy,7.1e-07,63.0,4.473e-05
VIB/BTC,1608973164803,2020-12-26T08:59:24.803Z,buy,7.1e-07,58.0,4.118e-05
VIB/BTC,1608973166160,2020-12-26T08:59:26.160Z,buy,7.1e-07,63.0,4.473e-05
VIB/BTC,1608973169506,2020-12-26T08:59:29.506Z,buy,7.1e-07,58.0,4.118e-05
VIB/BTC,1608973170877,2020-12-26T08:59:30.877Z,buy,7.1e-07,63.0,4.473e-05
VIB/BTC,1608973172357,2020-12-26T08:59:32.357Z,buy,7.1e-07,58.0,4.118e-05
VIB/BTC,1608973174249,2020-12-26T08:59:34.249Z,buy,7.1e-07,63.0,4.473e-05
VIB/BTC,1608973179195,2020-12-26T08:59:39.195Z,buy,7.1e-07,58.0,4.118e-05
VIB/BTC,1608973181755,2020-12-26T08:59:41.755Z,buy,7.1e-07,63.0,4.473e-05
VIB/BTC,1608973184740,2020-12-26T08:59:44.740Z,buy,7.1e-07,58.0,4.118e-05
VIB/BTC,1608973186002,2020-12-26T08:59:46.002Z,buy,7.1e-07,63.0,4.473e-05
VIB/BTC,1608973187602,2020-12-26T08:59:47.602Z,buy,7.1e-07,58.0,4.118e-05
VIB/BTC,1608973189056,2020-12-26T08:59:49.056Z,buy,7.1e-07,63.0,4.473e-05
VIB/BTC,1608973190357,2020-12-26T08:59:50.357Z,buy,7.1e-07,58.0,4.118e-05
VIB/BTC,1608973191798,2020-12-26T08:59:51.798Z,buy,7.1e-07,63.0,4.473e-05
VIB/BTC,1608973193151,2020-12-26T08:59:53.151Z,buy,7.1e-07,58.0,4.118e-05
VIB/BTC,1608973194464,2020-12-26T08:59:54.464Z,buy,7.1e-07,63.0,4.473e-05
VIB/BTC,1608973195967,2020-12-26T08:59:55.967Z,buy,7.1e-07,58.0,4.118e-05
VIB/BTC,1608973197509,2020-12-26T08:59:57.509Z,buy,7.1e-07,63.0,4.473e-05
VIB/BTC,1608973198982,2020-12-26T08:59:58.982Z,buy,7.1e-07,58.0,4.118e-05
VIB/BTC,1608973200503,2020-12-26T09:00:00.503Z,buy,7.1e-07,63.0,4.473e-05
VIB/BTC,1608973201751,2020-12-26T09:00:01.751Z,buy,7.1e-07,58.0,4.118e-05
VIB/BTC,1608973203506,2020-12-26T09:00:03.506Z,buy,7.1e-07,63.0,4.473e-05
VIB/BTC,1608973207930,2020-12-26T09:00:07.930Z,buy,7.1e-07,58.0,4.118e-05
VIB/BTC,1608973209311,2020-12-26T09:00:09.311Z,buy,7.1e-07,63.0,4.473e-05
VIB/BTC,1608973210913,2020-12-26T09:00:10.913Z,buy,7.1e-07,58.0,4.118e-05
VIB/BTC,1608973213005,2020-12-26T09:00:13.005Z,buy,7.1e-07,63.0,4.473e-05
VIB/BTC,1608973214518,2020-12-26T09:00:14.518Z,buy,7.1e-07,58.0,4.118e-05
VIB/BTC,1608973215877,2020-12-26T09:00:15.877Z,buy,7.1e-07,63.0,4.473e-05
VIB/BTC,1608973221863,2020-12-26T09:00:21.863Z,buy,7.1e-07,58.0,4.118e-05
VIB/BTC,1608973223758,2020-12-26T09:00:23.758Z,buy,7.1e-07,63.0,4.473e-05
VIB/BTC,1608973225336,2020-12-26T09:00:25.336Z,buy,7.1e-07,58.0,4.118e-05
VIB/BTC,1608973226981,2020-12-26T09:00:26.981Z,buy,7.1e-07,63.0,4.473e-05
VIB/BTC,1608973228864,2020-12-26T09:00:28.864Z,buy,7.1e-07,58.0,4.118e-05
VIB/BTC,1608973230706,2020-12-26T09:00:30.706Z,buy,7.1e-07,63.0,4.473e-05
VIB/BTC,1608973232065,2020-12-26T09:00:32.065Z,buy,7.1e-07,58.0,4.118e-05
VIB/BTC,1608973233839,2020-12-26T09:00:33.839Z,buy,7.1e-07,63.0,4.473e-05
VIB/BTC,1608973235444,2020-12-26T09:00:35.444Z,buy,7.1e-07,58.0,4.118e-05
VIB/BTC,1608973251156,2020-12-26T09:00:51.156Z,sell,7e-07,1650.0,0.001155
VIB/BTC,1608973255552,2020-12-26T09:00:55.552Z,buy,7.1e-07,58.0,4.118e-05
VIB/BTC,1608973256939,2020-12-26T09:00:56.939Z,buy,7.1e-07,63.0,4.473e-05
VIB/BTC,1608973259025,2020-12-26T09:00:59.025Z,buy,7.1e-07,58.0,4.118e-05
VIB/BTC,1608973260630,2020-12-26T09:01:00.630Z,buy,7.1e-07,63.0,4.473e-05
VIB/BTC,1608973261974,2020-12-26T09:01:01.974Z,buy,7.1e-07,58.0,4.118e-05
VIB/BTC,1608973264030,2020-12-26T09:01:04.030Z,buy,7.1e-07,63.0,4.473e-05
VIB/BTC,1608973265370,2020-12-26T09:01:05.370Z,buy,7.1e-07,58.0,4.118e-05
VIB/BTC,1608973266569,2020-12-26T09:01:06.569Z,buy,7.1e-07,63.0,4.473e-05
VIB/BTC,1608973267823,2020-12-26T09:01:07.823Z,buy,7.1e-07,58.0,4.118e-05
VIB/BTC,1608973271864,2020-12-26T09:01:11.864Z,buy,7.1e-07,63.0,4.473e-05
VIB/BTC,1608973273187,2020-12-26T09:01:13.187Z,buy,7.1e-07,58.0,4.118e-05
VIB/BTC,1608973274929,2020-12-26T09:01:14.929Z,buy,7.1e-07,58.0,4.118e-05
VIB/BTC,1608973279001,2020-12-26T09:01:19.001Z,buy,7.1e-07,63.0,4.473e-05
VIB/BTC,1608973280798,2020-12-26T09:01:20.798Z,buy,7.1e-07,58.0,4.118e-05
VIB/BTC,1608973282909,2020-12-26T09:01:22.909Z,buy,7.1e-07,63.0,4.473e-05
VIB/BTC,1608973286400,2020-12-26T09:01:26.400Z,buy,7.1e-07,58.0,4.118e-05
VIB/BTC,1608973290861,2020-12-26T09:01:30.861Z,buy,7.1e-07,58.0,4.118e-05
VIB/BTC,1608973293437,2020-12-26T09:01:33.437Z,buy,7.1e-07,63.0,4.473e-05
VIB/BTC,1608973297562,2020-12-26T09:01:37.562Z,buy,7.1e-07,63.0,4.473e-05
VIB/BTC,1608973313447,2020-12-26T09:01:53.447Z,buy,7.1e-07,58.0,4.118e-05
VIB/BTC,1608973362309,2020-12-26T09:02:42.309Z,sell,7e-07,3478.0,0.0024346
VIB/BTC,1608973386274,2020-12-26T09:03:06.274Z,sell,6.9e-07,111364.0,0.0768411599999999
VIB/BTC,1608973388954,2020-12-26T09:03:08.954Z,buy,6.9e-07,286051.0,0.1973751899999999
VIB/BTC,1608973391399,2020-12-26T09:03:11.399Z,sell,6.9e-07,225417.0,0.1555377299999999
VIB/BTC,1608973393607,2020-12-26T09:03:13.607Z,buy,6.9e-07,267223.0,0.1843838699999999
VIB/BTC,1608973395387,2020-12-26T09:03:15.387Z,sell,6.9e-07,48973.0,0.03379137
VIB/BTC,1608973395805,2020-12-26T09:03:15.805Z,sell,6.9e-07,52901.0,0.0365016899999999
VIB/BTC,1608973398731,2020-12-26T09:03:18.731Z,buy,6.9e-07,347681.0,0.2398998899999999
VIB/BTC,1608973401842,2020-12-26T09:03:21.842Z,sell,6.9e-07,68498.0,0.04726362
VIB/BTC,1608973404278,2020-12-26T09:03:24.278Z,buy,6.9e-07,264798.0,0.18271062
VIB/BTC,1608973408851,2020-12-26T09:03:28.851Z,sell,6.9e-07,103902.0,0.07169238
VIB/BTC,1608973411599,2020-12-26T09:03:31.599Z,buy,6.9e-07,238237.0,0.16438353
VIB/BTC,1608973414186,2020-12-26T09:03:34.186Z,sell,6.9e-07,134178.0,0.09258282
VIB/BTC,1608973415793,2020-12-26T09:03:35.793Z,buy,6.9e-07,258667.0,0.17848023
VIB/BTC,1608973418892,2020-12-26T09:03:38.892Z,sell,6.9e-07,94851.0,0.06544719
VIB/BTC,1608973421130,2020-12-26T09:03:41.130Z,buy,6.9e-07,369983.0,0.25528827
VIB/BTC,1608973423681,2020-12-26T09:03:43.681Z,sell,6.9e-07,7842.0,0.0054109799999999
VIB/BTC,1608973425010,2020-12-26T09:03:45.010Z,buy,6.9e-07,113065.0,0.07801485
VIB/BTC,1608973425883,2020-12-26T09:03:45.883Z,buy,6.9e-07,254452.0,0.1755718799999999
VIB/BTC,1608974985665,2020-12-26T09:29:45.665Z,sell,6.9e-07,36530.0,0.0252056999999999
VIB/BTC,1608974985665,2020-12-26T09:29:45.665Z,sell,6.9e-07,36530.0,0.0252056999999999
VIB/BTC,1608975389219,2020-12-26T09:36:29.219Z,sell,6.8e-07,113065.0,0.0768842
VIB/BTC,1608975389674,2020-12-26T09:36:29.674Z,sell,6.8e-07,359.0,0.00024412
VIB/BTC,1608975390220,2020-12-26T09:36:30.220Z,sell,6.8e-07,360.0,0.0002448
VIB/BTC,1608975391090,2020-12-26T09:36:31.090Z,sell,6.8e-07,376.0,0.00025568
VIB/BTC,1608977931644,2020-12-26T10:18:51.644Z,sell,6.8e-07,296.0,0.00020128
VIB/BTC,1608977938208,2020-12-26T10:18:58.208Z,sell,6.7e-07,5737.0,0.00384379
VIB/BTC,1608978024415,2020-12-26T10:20:24.415Z,buy,6.8e-07,664.0,0.0004515199999999
VIB/BTC,1608978334645,2020-12-26T10:25:34.645Z,buy,6.8e-07,1945.0,0.0013226
VIB/BTC,1608978334645,2020-12-26T10:25:34.645Z,buy,6.8e-07,1945.0,0.0013226
VIB/BTC,1608979707479,2020-12-26T10:48:27.479Z,sell,6.8e-07,4412.0,0.00300016
VIB/BTC,1608980205285,2020-12-26T10:56:45.285Z,sell,6.7e-07,848.0,0.00056816
VIB/BTC,1608980409618,2020-12-26T11:00:09.618Z,sell,6.7e-07,2325.0,0.00155775
VIB/BTC,1608980724489,2020-12-26T11:05:24.489Z,sell,6.7e-07,10000.0,0.0067
VIB/BTC,1608980763964,2020-12-26T11:06:03.964Z,sell,6.7e-07,268656.0,0.17999952
VIB/BTC,1608980842573,2020-12-26T11:07:22.573Z,sell,6.7e-07,669.0,0.00044823
VIB/BTC,1608980846900,2020-12-26T11:07:26.900Z,sell,6.7e-07,613.0,0.00041071
VIB/BTC,1608980846976,2020-12-26T11:07:26.976Z,buy,6.7e-07,3735.0,0.00250245
VIB/BTC,1608980849241,2020-12-26T11:07:29.241Z,buy,6.7e-07,1641.0,0.00109947
VIB/BTC,1608980849270,2020-12-26T11:07:29.270Z,buy,6.7e-07,672.0,0.00045024
VIB/BTC,1608980883762,2020-12-26T11:08:03.762Z,buy,6.7e-07,2062.0,0.00138154
VIB/BTC,1608981124856,2020-12-26T11:12:04.856Z,buy,6.7e-07,6957.0,0.00466119
VIB/BTC,1608981525891,2020-12-26T11:18:45.891Z,buy,6.7e-07,1000.0,0.00067
VIB/BTC,1608981537841,2020-12-26T11:18:57.841Z,buy,6.7e-07,500.0,0.000335
VIB/BTC,1608981537841,2020-12-26T11:18:57.841Z,buy,6.7e-07,500.0,0.000335
VIB/BTC,1608981939390,2020-12-26T11:25:39.390Z,buy,6.7e-07,458.0,0.00030686
VIB/BTC,1608982110237,2020-12-26T11:28:30.237Z,buy,6.7e-07,5009.0,0.00335603
VIB/BTC,1608982160588,2020-12-26T11:29:20.588Z,sell,6.6e-07,7353.0,0.00485298
VIB/BTC,1608982160588,2020-12-26T11:29:20.588Z,sell,6.6e-07,9375.0,0.0061875
VIB/BTC,1608983650207,2020-12-26T11:54:10.207Z,sell,6.6e-07,333333.0,0.21999978
VIB/BTC,1608983652435,2020-12-26T11:54:12.435Z,sell,6.6e-07,4348.0,0.00286968
VIB/BTC,1608983656405,2020-12-26T11:54:16.405Z,buy,6.6e-07,1049.0,0.00069234
VIB/BTC,1608983656446,2020-12-26T11:54:16.446Z,buy,6.6e-07,1022.0,0.00067452
VIB/BTC,1608983656448,2020-12-26T11:54:16.448Z,buy,6.6e-07,1021.0,0.00067386
VIB/BTC,1608983656581,2020-12-26T11:54:16.581Z,buy,6.6e-07,571.0,0.00037686
VIB/BTC,1608983656618,2020-12-26T11:54:16.618Z,buy,6.6e-07,1296.0,0.00085536
VIB/BTC,1608983673688,2020-12-26T11:54:33.688Z,buy,6.6e-07,4412.0,0.00291192
VIB/BTC,1608983674759,2020-12-26T11:54:34.759Z,buy,6.6e-07,2941.0,0.00194106
VIB/BTC,1608983689629,2020-12-26T11:54:49.629Z,buy,6.6e-07,5507.0,0.00363462
VIB/BTC,1608983705740,2020-12-26T11:55:05.740Z,buy,6.6e-07,606.0,0.00039996
VIB/BTC,1608983707251,2020-12-26T11:55:07.251Z,buy,6.7e-07,1800.0,0.001206
VIB/BTC,1608983733883,2020-12-26T11:55:33.883Z,sell,6.5e-07,1021.0,0.00066365
VIB/BTC,1608983884200,2020-12-26T11:58:04.200Z,buy,6.6e-07,4542.0,0.00299772
VIB/BTC,1608983884298,2020-12-26T11:58:04.298Z,buy,6.6e-07,1528.0,0.00100848
VIB/BTC,1608983884638,2020-12-26T11:58:04.638Z,buy,6.6e-07,6619.0,0.00436854
VIB/BTC,1608983884841,2020-12-26T11:58:04.841Z,buy,6.6e-07,7939.0,0.00523974
VIB/BTC,1608983902708,2020-12-26T11:58:22.708Z,buy,6.6e-07,14022.0,0.00925452
VIB/BTC,1608983906755,2020-12-26T11:58:26.755Z,sell,6.6e-07,4506.0,0.00297396
VIB/BTC,1608983907328,2020-12-26T11:58:27.328Z,buy,6.7e-07,1080.0,0.0007236
VIB/BTC,1608983950035,2020-12-26T11:59:10.035Z,sell,6.6e-07,4506.0,0.00297396
VIB/BTC,1608984162406,2020-12-26T12:02:42.406Z,sell,6.6e-07,6950.0,0.004587
VIB/BTC,1608984459272,2020-12-26T12:07:39.272Z,sell,6.6e-07,181818.0,0.11999988
VIB/BTC,1608984603286,2020-12-26T12:10:03.286Z,sell,6.6e-07,72340.0,0.0477444
VIB/BTC,1608984609522,2020-12-26T12:10:09.522Z,buy,6.6e-07,178.0,0.00011748
VIB/BTC,1608984755237,2020-12-26T12:12:35.237Z,buy,6.6e-07,59285.0,0.0391281
VIB/BTC,1608984755237,2020-12-26T12:12:35.237Z,buy,6.6e-07,59285.0,0.0391281
VIB/BTC,1608985241966,2020-12-26T12:20:41.966Z,buy,6.6e-07,13601.0,0.00897666
VIB/BTC,1608985533056,2020-12-26T12:25:33.056Z,sell,6.6e-07,27940.0,0.0184404
VIB/BTC,1608985541173,2020-12-26T12:25:41.173Z,buy,6.7e-07,206.0,0.00013802
VIB/BTC,1608986037829,2020-12-26T12:33:57.829Z,sell,6.6e-07,6178.0,0.00407748
VIB/BTC,1608986254352,2020-12-26T12:37:34.352Z,buy,6.6e-07,1001.0,0.00066066
VIB/BTC,1608986589495,2020-12-26T12:43:09.495Z,sell,6.5e-07,10135.0,0.00658775
VIB/BTC,1608986785484,2020-12-26T12:46:25.484Z,buy,6.6e-07,1901.0,0.00125466
VIB/BTC,1608986785874,2020-12-26T12:46:25.874Z,buy,6.6e-07,23195.0,0.0153087
VIB/BTC,1608987270896,2020-12-26T12:54:30.896Z,buy,6.6e-07,992.0,0.00065472
VIB/BTC,1608987270896,2020-12-26T12:54:30.896Z,buy,6.6e-07,992.0,0.00065472
VIB/BTC,1608988901079,2020-12-26T13:21:41.079Z,sell,6.5e-07,200.0,0.00013
VIB/BTC,1608989294392,2020-12-26T13:28:14.392Z,sell,6.5e-07,1000.0,0.00065
VIB/BTC,1608989838121,2020-12-26T13:37:18.121Z,buy,6.6e-07,4504.0,0.00297264
VIB/BTC,1608989845288,2020-12-26T13:37:25.288Z,buy,6.6e-07,3618.0,0.00238788
VIB/BTC,1608989880151,2020-12-26T13:38:00.151Z,buy,6.6e-07,4867.0,0.00321222
VIB/BTC,1608989998310,2020-12-26T13:39:58.310Z,buy,6.6e-07,18314.0,0.01208724
VIB/BTC,1608990025389,2020-12-26T13:40:25.389Z,buy,6.7e-07,9173.0,0.00614591
VIB/BTC,1608990077108,2020-12-26T13:41:17.108Z,sell,6.6e-07,2500.0,0.00165
VIB/BTC,1608990166168,2020-12-26T13:42:46.168Z,sell,6.6e-07,5516.0,0.00364056
VIB/BTC,1608990666344,2020-12-26T13:51:06.344Z,buy,6.6e-07,24476.0,0.01615416
VIB/BTC,1608990853727,2020-12-26T13:54:13.727Z,sell,6.6e-07,2615.0,0.0017259
VIB/BTC,1608990853727,2020-12-26T13:54:13.727Z,sell,6.6e-07,2615.0,0.0017259
VIB/BTC,1608990877677,2020-12-26T13:54:37.677Z,sell,6.6e-07,1426.0,0.00094116
VIB/BTC,1608991825639,2020-12-26T14:10:25.639Z,buy,6.6e-07,1522.0,0.00100452
VIB/BTC,1608992043298,2020-12-26T14:14:03.298Z,sell,6.5e-07,355.0,0.00023075
VIB/BTC,1608992705191,2020-12-26T14:25:05.191Z,sell,6.5e-07,58090.0,0.0377585
VIB/BTC,1608993027996,2020-12-26T14:30:27.996Z,sell,6.5e-07,5636.0,0.0036634
VIB/BTC,1608993449359,2020-12-26T14:37:29.359Z,sell,6.5e-07,17787.0,0.01156155
VIB/BTC,1608993449365,2020-12-26T14:37:29.365Z,buy,6.5e-07,17633.0,0.01146145
VIB/BTC,1608993449374,2020-12-26T14:37:29.374Z,buy,6.5e-07,964.0,0.0006266
VIB/BTC,1608993636731,2020-12-26T14:40:36.731Z,buy,6.5e-07,258.0,0.0001677
VIB/BTC,1608994399642,2020-12-26T14:53:19.642Z,sell,6.4e-07,69317.0,0.04436288
VIB/BTC,1608994402570,2020-12-26T14:53:22.570Z,buy,6.4e-07,157.0,0.00010048
VIB/BTC,1608994408346,2020-12-26T14:53:28.346Z,sell,6.3e-07,338.0,0.00021294
VIB/BTC,1608994408346,2020-12-26T14:53:28.346Z,sell,6.3e-07,338.0,0.00021294
VIB/BTC,1608994454370,2020-12-26T14:54:14.370Z,sell,6.3e-07,1948.0,0.00122724
VIB/BTC,1608994816181,2020-12-26T15:00:16.181Z,sell,6.3e-07,329.0,0.00020727
VIB/BTC,1608994895245,2020-12-26T15:01:35.245Z,buy,6.4e-07,51137.0,0.03272768
VIB/BTC,1608995159834,2020-12-26T15:05:59.834Z,sell,6.3e-07,1861.0,0.00117243
VIB/BTC,1608996043767,2020-12-26T15:20:43.767Z,sell,6.3e-07,58450.0,0.0368235
VIB/BTC,1608996217610,2020-12-26T15:23:37.610Z,sell,6.3e-07,7248.0,0.00456624
VIB/BTC,1608997550913,2020-12-26T15:45:50.913Z,sell,6.3e-07,25379.0,0.01598877
VIB/BTC,1608997550913,2020-12-26T15:45:50.913Z,sell,6.3e-07,25379.0,0.01598877
VIB/BTC,1608998201669,2020-12-26T15:56:41.669Z,sell,6.3e-07,21356.0,0.01345428
VIB/BTC,1608998857592,2020-12-26T16:07:37.592Z,sell,6.3e-07,2168.0,0.00136584
VIB/BTC,1608998996659,2020-12-26T16:09:56.659Z,sell,6.3e-07,14018.0,0.00883134
VIB/BTC,1608999037436,2020-12-26T16:10:37.436Z,sell,6.3e-07,3075.0,0.00193725
VIB/BTC,1608999038015,2020-12-26T16:10:38.015Z,sell,6.3e-07,3075.0,0.00193725
VIB/BTC,1608999038570,2020-12-26T16:10:38.570Z,sell,6.3e-07,3075.0,0.00193725
VIB/BTC,1608999039576,2020-12-26T16:10:39.576Z,sell,6.3e-07,3075.0,0.00193725
VIB/BTC,1608999040152,2020-12-26T16:10:40.152Z,sell,6.3e-07,3075.0,0.00193725
VIB/BTC,1608999127250,2020-12-26T16:12:07.250Z,sell,6.3e-07,399.0,0.00025137
VIB/BTC,1608999155105,2020-12-26T16:12:35.105Z,buy,6.4e-07,388.0,0.00024832
VIB/BTC,1608999169009,2020-12-26T16:12:49.009Z,buy,6.4e-07,200.0,0.000128
VIB/BTC,1608999626202,2020-12-26T16:20:26.202Z,sell,6.3e-07,41847.0,0.02636361
VIB/BTC,1608999828322,2020-12-26T16:23:48.322Z,sell,6.3e-07,4113.0,0.00259119
VIB/BTC,1608999943961,2020-12-26T16:25:43.961Z,buy,6.4e-07,161.0,0.00010304
VIB/BTC,1608999945657,2020-12-26T16:25:45.657Z,sell,6.3e-07,2705.0,0.00170415
VIB/BTC,1609000158188,2020-12-26T16:29:18.188Z,sell,6.3e-07,2549.0,0.00160587
VIB/BTC,1609000592391,2020-12-26T16:36:32.391Z,buy,6.4e-07,6885.0,0.0044064
VIB/BTC,1609000592437,2020-12-26T16:36:32.437Z,buy,6.4e-07,6885.0,0.0044064
VIB/BTC,1609000592511,2020-12-26T16:36:32.511Z,buy,6.4e-07,6772.0,0.00433408
VIB/BTC,1609000619792,2020-12-26T16:36:59.792Z,sell,6.3e-07,26304.0,0.01657152
VIB/BTC,1609001145074,2020-12-26T16:45:45.074Z,buy,6.4e-07,740.0,0.0004736
VIB/BTC,1609001145074,2020-12-26T16:45:45.074Z,buy,6.4e-07,740.0,0.0004736
VIB/BTC,1609001330499,2020-12-26T16:48:50.499Z,buy,6.4e-07,1781.0,0.00113984
VIB/BTC,1609001795911,2020-12-26T16:56:35.911Z,sell,6.3e-07,10000.0,0.0063
VIB/BTC,1609002122516,2020-12-26T17:02:02.516Z,sell,6.3e-07,10000.0,0.0063
VIB/BTC,1609002203821,2020-12-26T17:03:23.821Z,buy,6.4e-07,158.0,0.00010112
VIB/BTC,1609002223434,2020-12-26T17:03:43.434Z,sell,6.3e-07,10000.0,0.0063
VIB/BTC,1609002232936,2020-12-26T17:03:52.936Z,buy,6.4e-07,20779.0,0.01329856
VIB/BTC,1609002292481,2020-12-26T17:04:52.481Z,sell,6.3e-07,6957.0,0.00438291
VIB/BTC,1609002292488,2020-12-26T17:04:52.488Z,buy,6.3e-07,3422.0,0.00215586
VIB/BTC,1609002305940,2020-12-26T17:05:05.940Z,buy,6.3e-07,1835.0,0.00115605
VIB/BTC,1609002398543,2020-12-26T17:06:38.543Z,sell,6.2e-07,308.0,0.00019096
VIB/BTC,1609002398543,2020-12-26T17:06:38.543Z,sell,6.2e-07,2295.0,0.0014229
VIB/BTC,1609002398543,2020-12-26T17:06:38.543Z,sell,6.2e-07,2598.0,0.00161076
VIB/BTC,1609002401968,2020-12-26T17:06:41.968Z,sell,6.2e-07,1668.0,0.00103416
VIB/BTC,1609002448013,2020-12-26T17:07:28.013Z,sell,6.2e-07,13888.0,0.00861056
VIB/BTC,1609002606133,2020-12-26T17:10:06.133Z,buy,6.3e-07,9212.0,0.00580356
VIB/BTC,1609002641845,2020-12-26T17:10:41.845Z,buy,6.3e-07,202.0,0.00012726
VIB/BTC,1609002655202,2020-12-26T17:10:55.202Z,buy,6.3e-07,5196.0,0.00327348
VIB/BTC,1609002686774,2020-12-26T17:11:26.774Z,buy,6.3e-07,11255.0,0.00709065
VIB/BTC,1609002686782,2020-12-26T17:11:26.782Z,buy,6.3e-07,10425.0,0.00656775
VIB/BTC,1609002686802,2020-12-26T17:11:26.802Z,buy,6.3e-07,5989.0,0.00377307
VIB/BTC,1609002699178,2020-12-26T17:11:39.178Z,buy,6.3e-07,14170.0,0.0089271
VIB/BTC,1609002824710,2020-12-26T17:13:44.710Z,buy,6.3e-07,32537.0,0.02049831
VIB/BTC,1609002900375,2020-12-26T17:15:00.375Z,buy,6.3e-07,972.0,0.00061236
VIB/BTC,1609002921241,2020-12-26T17:15:21.241Z,buy,6.3e-07,447.0,0.00028161
VIB/BTC,1609003262336,2020-12-26T17:21:02.336Z,buy,6.3e-07,173.0,0.00010899
VIB/BTC,1609003273727,2020-12-26T17:21:13.727Z,sell,6.2e-07,3600.0,0.002232
VIB/BTC,1609003351932,2020-12-26T17:22:31.932Z,sell,6.2e-07,200.0,0.000124
VIB/BTC,1609003761732,2020-12-26T17:29:21.732Z,sell,6.2e-07,3226.0,0.0020001199999999
VIB/BTC,1609003858314,2020-12-26T17:30:58.314Z,sell,6.2e-07,1543.0,0.00095666
VIB/BTC,1609004342609,2020-12-26T17:39:02.609Z,buy,6.3e-07,268.0,0.00016884
VIB/BTC,1609004342609,2020-12-26T17:39:02.609Z,buy,6.3e-07,268.0,0.00016884
VIB/BTC,1609004998023,2020-12-26T17:49:58.023Z,buy,6.3e-07,269.0,0.00016947
VIB/BTC,1609005111972,2020-12-26T17:51:51.972Z,buy,6.3e-07,1746.0,0.00109998
VIB/BTC,1609005187059,2020-12-26T17:53:07.059Z,buy,6.3e-07,253914.0,0.15996582
VIB/BTC,1609005194222,2020-12-26T17:53:14.222Z,buy,6.4e-07,2577.0,0.00164928
VIB/BTC,1609005224000,2020-12-26T17:53:44.000Z,buy,6.4e-07,1624.0,0.00103936
VIB/BTC,1609005264074,2020-12-26T17:54:24.074Z,sell,6.3e-07,2500.0,0.001575
VIB/BTC,1609005296476,2020-12-26T17:54:56.476Z,buy,6.4e-07,30364.0,0.01943296
VIB/BTC,1609005430870,2020-12-26T17:57:10.870Z,buy,6.4e-07,10937.0,0.00699968
VIB/BTC,1609005430888,2020-12-26T17:57:10.888Z,buy,6.4e-07,5341.0,0.00341824
VIB/BTC,1609005430901,2020-12-26T17:57:10.901Z,sell,6.4e-07,9274.0,0.00593536
VIB/BTC,1609005483076,2020-12-26T17:58:03.076Z,buy,6.5e-07,68183.0,0.04431895
VIB/BTC,1609005509959,2020-12-26T17:58:29.959Z,buy,6.5e-07,1692.0,0.0010998
VIB/BTC,1609006238703,2020-12-26T18:10:38.703Z,sell,6.4e-07,276.0,0.00017664
VIB/BTC,1609006436992,2020-12-26T18:13:56.992Z,buy,6.5e-07,11077.0,0.00720005
VIB/BTC,1609006937487,2020-12-26T18:22:17.487Z,sell,6.4e-07,45209.0,0.02893376
VIB/BTC,1609007080173,2020-12-26T18:24:40.173Z,sell,6.4e-07,33248.0,0.02127872
VIB/BTC,1609007080178,2020-12-26T18:24:40.178Z,buy,6.4e-07,787.0,0.00050368
VIB/BTC,1609007080179,2020-12-26T18:24:40.179Z,buy,6.4e-07,787.0,0.00050368
VIB/BTC,1609007080179,2020-12-26T18:24:40.179Z,buy,6.4e-07,787.0,0.00050368
VIB/BTC,1609007080179,2020-12-26T18:24:40.179Z,buy,6.4e-07,787.0,0.00050368
VIB/BTC,1609007080179,2020-12-26T18:24:40.179Z,buy,6.4e-07,787.0,0.00050368
VIB/BTC,1609007080179,2020-12-26T18:24:40.179Z,buy,6.4e-07,787.0,0.00050368
VIB/BTC,1609007080179,2020-12-26T18:24:40.179Z,buy,6.4e-07,787.0,0.00050368
VIB/BTC,1609007080179,2020-12-26T18:24:40.179Z,buy,6.4e-07,787.0,0.00050368
VIB/BTC,1609007080179,2020-12-26T18:24:40.179Z,buy,6.4e-07,787.0,0.00050368
VIB/BTC,1609007080179,2020-12-26T18:24:40.179Z,buy,6.4e-07,787.0,0.00050368
VIB/BTC,1609007080179,2020-12-26T18:24:40.179Z,buy,6.4e-07,787.0,0.00050368
VIB/BTC,1609007080179,2020-12-26T18:24:40.179Z,buy,6.4e-07,787.0,0.00050368
VIB/BTC,1609007080181,2020-12-26T18:24:40.181Z,buy,6.4e-07,787.0,0.00050368
VIB/BTC,1609007080181,2020-12-26T18:24:40.181Z,buy,6.4e-07,787.0,0.00050368
VIB/BTC,1609007080181,2020-12-26T18:24:40.181Z,buy,6.4e-07,787.0,0.00050368
VIB/BTC,1609007080181,2020-12-26T18:24:40.181Z,buy,6.4e-07,787.0,0.00050368
VIB/BTC,1609007080182,2020-12-26T18:24:40.182Z,buy,6.4e-07,787.0,0.00050368
VIB/BTC,1609007080182,2020-12-26T18:24:40.182Z,buy,6.4e-07,787.0,0.00050368
VIB/BTC,1609007080182,2020-12-26T18:24:40.182Z,buy,6.4e-07,787.0,0.00050368
VIB/BTC,1609007080183,2020-12-26T18:24:40.183Z,buy,6.4e-07,787.0,0.00050368
VIB/BTC,1609007080183,2020-12-26T18:24:40.183Z,buy,6.4e-07,787.0,0.00050368
VIB/BTC,1609007080183,2020-12-26T18:24:40.183Z,buy,6.4e-07,787.0,0.00050368
VIB/BTC,1609007080183,2020-12-26T18:24:40.183Z,buy,6.4e-07,787.0,0.00050368
VIB/BTC,1609007080183,2020-12-26T18:24:40.183Z,buy,6.4e-07,787.0,0.00050368
VIB/BTC,1609007080183,2020-12-26T18:24:40.183Z,buy,6.4e-07,787.0,0.00050368
VIB/BTC,1609007080184,2020-12-26T18:24:40.184Z,buy,6.4e-07,787.0,0.00050368
VIB/BTC,1609007080184,2020-12-26T18:24:40.184Z,buy,6.4e-07,787.0,0.00050368
VIB/BTC,1609007080184,2020-12-26T18:24:40.184Z,buy,6.4e-07,787.0,0.00050368
VIB/BTC,1609007080184,2020-12-26T18:24:40.184Z,buy,6.4e-07,787.0,0.00050368
VIB/BTC,1609007080184,2020-12-26T18:24:40.184Z,buy,6.4e-07,787.0,0.00050368
VIB/BTC,1609007080184,2020-12-26T18:24:40.184Z,buy,6.4e-07,787.0,0.00050368
VIB/BTC,1609007080184,2020-12-26T18:24:40.184Z,buy,6.4e-07,787.0,0.00050368
VIB/BTC,1609007080184,2020-12-26T18:24:40.184Z,buy,6.4e-07,787.0,0.00050368
VIB/BTC,1609007080184,2020-12-26T18:24:40.184Z,buy,6.4e-07,787.0,0.00050368
VIB/BTC,1609007080185,2020-12-26T18:24:40.185Z,buy,6.4e-07,787.0,0.00050368
VIB/BTC,1609007080185,2020-12-26T18:24:40.185Z,buy,6.4e-07,787.0,0.00050368
VIB/BTC,1609007080185,2020-12-26T18:24:40.185Z,buy,6.4e-07,787.0,0.00050368
VIB/BTC,1609007080186,2020-12-26T18:24:40.186Z,buy,6.4e-07,787.0,0.00050368
VIB/BTC,1609007080186,2020-12-26T18:24:40.186Z,buy,6.4e-07,787.0,0.00050368
VIB/BTC,1609007080186,2020-12-26T18:24:40.186Z,buy,6.4e-07,787.0,0.00050368
VIB/BTC,1609007080186,2020-12-26T18:24:40.186Z,buy,6.4e-07,787.0,0.00050368
VIB/BTC,1609007080186,2020-12-26T18:24:40.186Z,buy,6.4e-07,787.0,0.00050368
VIB/BTC,1609007080187,2020-12-26T18:24:40.187Z,buy,6.4e-07,787.0,0.00050368
VIB/BTC,1609007080187,2020-12-26T18:24:40.187Z,buy,6.4e-07,787.0,0.00050368
VIB/BTC,1609007080190,2020-12-26T18:24:40.190Z,buy,6.4e-07,787.0,0.00050368
VIB/BTC,1609007080207,2020-12-26T18:24:40.207Z,buy,6.4e-07,1209.0,0.00077376
VIB/BTC,1609007119045,2020-12-26T18:25:19.045Z,buy,6.4e-07,775.0,0.000496
VIB/BTC,1609007359552,2020-12-26T18:29:19.552Z,sell,6.3e-07,769.0,0.00048447
VIB/BTC,1609007847062,2020-12-26T18:37:27.062Z,buy,6.4e-07,49885.0,0.0319264
VIB/BTC,1609007847062,2020-12-26T18:37:27.062Z,buy,6.4e-07,49885.0,0.0319264
VIB/BTC,1609007943178,2020-12-26T18:39:03.178Z,buy,6.4e-07,1243.0,0.00079552
VIB/BTC,1609008139611,2020-12-26T18:42:19.611Z,buy,6.4e-07,3103.0,0.00198592
VIB/BTC,1609008313768,2020-12-26T18:45:13.768Z,buy,6.4e-07,39063.0,0.02500032
VIB/BTC,1609008381885,2020-12-26T18:46:21.885Z,sell,6.3e-07,34921.0,0.02200023
VIB/BTC,1609008549856,2020-12-26T18:49:09.856Z,sell,6.3e-07,168.0,0.00010584
VIB/BTC,1609008554164,2020-12-26T18:49:14.164Z,sell,6.3e-07,2124.0,0.00133812
VIB/BTC,1609008574743,2020-12-26T18:49:34.743Z,buy,6.4e-07,132679.0,0.08491456
VIB/BTC,1609008659676,2020-12-26T18:50:59.676Z,sell,6.4e-07,1000.0,0.00064
VIB/BTC,1609008748080,2020-12-26T18:52:28.080Z,sell,6.4e-07,116060.0,0.0742784
VIB/BTC,1609008778449,2020-12-26T18:52:58.449Z,sell,6.4e-07,5092.0,0.00325888
VIB/BTC,1609009176368,2020-12-26T18:59:36.368Z,buy,6.4e-07,4481.0,0.00286784
VIB/BTC,1609009468902,2020-12-26T19:04:28.902Z,buy,6.4e-07,734.0,0.00046976
VIB/BTC,1609009730349,2020-12-26T19:08:50.349Z,buy,6.4e-07,99673.0,0.06379072
VIB/BTC,1609009844508,2020-12-26T19:10:44.508Z,buy,6.4e-07,164.0,0.00010496
VIB/BTC,1609010009030,2020-12-26T19:13:29.030Z,buy,6.4e-07,785.0,0.0005024
VIB/BTC,1609010655355,2020-12-26T19:24:15.355Z,buy,6.4e-07,6995.0,0.0044768
VIB/BTC,1609010666271,2020-12-26T19:24:26.271Z,buy,6.4e-07,333.0,0.00021312
VIB/BTC,1609010925605,2020-12-26T19:28:45.605Z,sell,6.3e-07,588.0,0.00037044
VIB/BTC,1609010925605,2020-12-26T19:28:45.605Z,sell,6.3e-07,588.0,0.00037044
VIB/BTC,1609011907416,2020-12-26T19:45:07.416Z,buy,6.4e-07,938.0,0.00060032
VIB/BTC,1609012579336,2020-12-26T19:56:19.336Z,buy,6.4e-07,8552.0,0.00547328
VIB/BTC,1609012748860,2020-12-26T19:59:08.860Z,buy,6.5e-07,34756.0,0.0225914
VIB/BTC,1609012990891,2020-12-26T20:03:10.891Z,buy,6.5e-07,517.0,0.00033605
VIB/BTC,1609013191319,2020-12-26T20:06:31.319Z,sell,6.4e-07,228554.0,0.14627456
VIB/BTC,1609013282530,2020-12-26T20:08:02.530Z,sell,6.3e-07,1335.0,0.00084105
VIB/BTC,1609013565723,2020-12-26T20:12:45.723Z,buy,6.4e-07,3125.0,0.002
VIB/BTC,1609013565723,2020-12-26T20:12:45.723Z,buy,6.4e-07,3125.0,0.002
VIB/BTC,1609014914788,2020-12-26T20:35:14.788Z,sell,6.3e-07,1064.0,0.00067032
VIB/BTC,1609015013160,2020-12-26T20:36:53.160Z,buy,6.4e-07,55351.0,0.03542464
VIB/BTC,1609015030049,2020-12-26T20:37:10.049Z,sell,6.4e-07,1622.0,0.00103808
VIB/BTC,1609015039228,2020-12-26T20:37:19.228Z,sell,6.4e-07,36894.0,0.02361216
VIB/BTC,1609015051572,2020-12-26T20:37:31.572Z,buy,6.4e-07,20079.0,0.01285056
VIB/BTC,1609015067172,2020-12-26T20:37:47.172Z,sell,6.4e-07,10372.0,0.00663808
VIB/BTC,1609015067662,2020-12-26T20:37:47.662Z,sell,6.4e-07,12363.0,0.00791232
VIB/BTC,1609015079637,2020-12-26T20:37:59.637Z,sell,6.4e-07,541.0,0.00034624
VIB/BTC,1609015202530,2020-12-26T20:40:02.530Z,sell,6.3e-07,66378.0,0.04181814
VIB/BTC,1609015286766,2020-12-26T20:41:26.766Z,buy,6.4e-07,605895.0,0.3877728
VIB/BTC,1609015286966,2020-12-26T20:41:26.966Z,sell,6.4e-07,5092.0,0.00325888
VIB/BTC,1609015287016,2020-12-26T20:41:27.016Z,sell,6.4e-07,4117.0,0.00263488
VIB/BTC,1609015288852,2020-12-26T20:41:28.852Z,sell,6.4e-07,162025.0,0.103696
VIB/BTC,1609015288951,2020-12-26T20:41:28.951Z,buy,6.4e-07,4986.0,0.00319104
VIB/BTC,1609015291552,2020-12-26T20:41:31.552Z,buy,6.4e-07,417825.0,0.267408
VIB/BTC,1609015299291,2020-12-26T20:41:39.291Z,buy,6.4e-07,253357.0,0.16214848
VIB/BTC,1609015301572,2020-12-26T20:41:41.572Z,sell,6.4e-07,224598.0,0.14374272
VIB/BTC,1609015303778,2020-12-26T20:41:43.778Z,buy,6.4e-07,64520.0,0.0412928
VIB/BTC,1609015306470,2020-12-26T20:41:46.470Z,sell,6.4e-07,173771.0,0.11121344
VIB/BTC,1609015308209,2020-12-26T20:41:48.209Z,buy,6.4e-07,254417.0,0.16282688
VIB/BTC,1609015312214,2020-12-26T20:41:52.214Z,buy,6.4e-07,49876.0,0.03192064
VIB/BTC,1609015315945,2020-12-26T20:41:55.945Z,buy,6.5e-07,233402.0,0.1517113
VIB/BTC,1609015315951,2020-12-26T20:41:55.951Z,sell,6.5e-07,39181.0,0.02546765
VIB/BTC,1609015315952,2020-12-26T20:41:55.952Z,sell,6.5e-07,19590.0,0.0127335
VIB/BTC,1609015315954,2020-12-26T20:41:55.954Z,sell,6.5e-07,10336.0,0.0067184
VIB/BTC,1609015316143,2020-12-26T20:41:56.143Z,sell,6.5e-07,613.0,0.00039845
VIB/BTC,1609015316145,2020-12-26T20:41:56.145Z,sell,6.5e-07,613.0,0.00039845
VIB/BTC,1609015316356,2020-12-26T20:41:56.356Z,sell,6.5e-07,4905.0,0.00318825
VIB/BTC,1609015316386,2020-12-26T20:41:56.386Z,sell,6.5e-07,2981.0,0.00193765
VIB/BTC,1609015317652,2020-12-26T20:41:57.652Z,sell,6.5e-07,783.0,0.00050895
VIB/BTC,1609015319150,2020-12-26T20:41:59.150Z,sell,6.5e-07,240471.0,0.15630615
VIB/BTC,1609015321046,2020-12-26T20:42:01.046Z,buy,6.5e-07,281570.0,0.1830205
VIB/BTC,1609015322265,2020-12-26T20:42:02.265Z,sell,6.5e-07,91678.0,0.0595907
VIB/BTC,1609015327232,2020-12-26T20:42:07.232Z,buy,6.5e-07,358832.0,0.2332408
VIB/BTC,1609015328589,2020-12-26T20:42:08.589Z,buy,6.5e-07,252099.0,0.16386435
VIB/BTC,1609015330604,2020-12-26T20:42:10.604Z,buy,6.5e-07,233379.0,0.15169635
VIB/BTC,1609015334068,2020-12-26T20:42:14.068Z,buy,6.5e-07,220898.0,0.1435837
VIB/BTC,1609015335138,2020-12-26T20:42:15.138Z,buy,6.5e-07,248355.0,0.16143075
VIB/BTC,1609015336291,2020-12-26T20:42:16.291Z,buy,6.5e-07,215906.0,0.1403389
VIB/BTC,1609015346251,2020-12-26T20:42:26.251Z,sell,6.4e-07,268.0,0.00017152
VIB/BTC,1609015357184,2020-12-26T20:42:37.184Z,sell,6.4e-07,360.0,0.0002304
VIB/BTC,1609015502028,2020-12-26T20:45:02.028Z,buy,6.5e-07,14995.0,0.00974675
VIB/BTC,1609015505913,2020-12-26T20:45:05.913Z,buy,6.5e-07,1644.0,0.0010686
VIB/BTC,1609015505913,2020-12-26T20:45:05.913Z,buy,6.6e-07,11151.0,0.00735966
VIB/BTC,1609015506229,2020-12-26T20:45:06.229Z,sell,6.5e-07,1002.0,0.0006513
VIB/BTC,1609015506763,2020-12-26T20:45:06.763Z,sell,6.5e-07,202.0,0.0001313
VIB/BTC,1609015508880,2020-12-26T20:45:08.880Z,buy,6.6e-07,897.0,0.00059202
VIB/BTC,1609015509183,2020-12-26T20:45:09.183Z,sell,6.5e-07,8312.0,0.0054028
VIB/BTC,1609015509200,2020-12-26T20:45:09.200Z,sell,6.5e-07,1689.0,0.00109785
VIB/BTC,1609015514134,2020-12-26T20:45:14.134Z,buy,6.5e-07,173.0,0.00011245
VIB/BTC,1609015514719,2020-12-26T20:45:14.719Z,buy,6.5e-07,269.0,0.00017485
VIB/BTC,1609015569902,2020-12-26T20:46:09.902Z,buy,6.5e-07,156484.0,0.1017146
VIB/BTC,1609015578402,2020-12-26T20:46:18.402Z,buy,6.5e-07,228279.0,0.14838135
VIB/BTC,1609015630459,2020-12-26T20:47:10.459Z,buy,6.5e-07,209584.0,0.1362296
VIB/BTC,1609015631762,2020-12-26T20:47:11.762Z,buy,6.5e-07,274185.0,0.17822025
VIB/BTC,1609015636621,2020-12-26T20:47:16.621Z,buy,6.5e-07,243291.0,0.15813915
VIB/BTC,1609015637632,2020-12-26T20:47:17.632Z,buy,6.5e-07,234280.0,0.152282
VIB/BTC,1609015639099,2020-12-26T20:47:19.099Z,buy,6.5e-07,274185.0,0.17822025
VIB/BTC,1609015906359,2020-12-26T20:51:46.359Z,buy,6.5e-07,55443.0,0.03603795
VIB/BTC,1609015909384,2020-12-26T20:51:49.384Z,buy,6.5e-07,37950.0,0.0246675
VIB/BTC,1609016138709,2020-12-26T20:55:38.709Z,sell,6.5e-07,624.0,0.0004056
VIB/BTC,1609016432037,2020-12-26T21:00:32.037Z,sell,6.5e-07,2403.0,0.00156195
VIB/BTC,1609016451601,2020-12-26T21:00:51.601Z,sell,6.5e-07,158.0,0.0001027
VIB/BTC,1609016564144,2020-12-26T21:02:44.144Z,sell,6.5e-07,5156.0,0.0033514
VIB/BTC,1609016573728,2020-12-26T21:02:53.728Z,sell,6.5e-07,5120.0,0.003328
VIB/BTC,1609016573728,2020-12-26T21:02:53.728Z,sell,6.4e-07,7675.0,0.004912
VIB/BTC,1609016596726,2020-12-26T21:03:16.726Z,sell,6.4e-07,1164.0,0.00074496
VIB/BTC,1609016750629,2020-12-26T21:05:50.629Z,sell,6.4e-07,32738.0,0.02095232
VIB/BTC,1609017000879,2020-12-26T21:10:00.879Z,sell,6.4e-07,5207.0,0.00333248
VIB/BTC,1609017072461,2020-12-26T21:11:12.461Z,buy,6.5e-07,9525.0,0.00619125
VIB/BTC,1609017151413,2020-12-26T21:12:31.413Z,buy,6.5e-07,38818.0,0.0252317
VIB/BTC,1609017151413,2020-12-26T21:12:31.413Z,buy,6.5e-07,38818.0,0.0252317
VIB/BTC,1609017173528,2020-12-26T21:12:53.528Z,buy,6.5e-07,83527.0,0.05429255
VIB/BTC,1609017174756,2020-12-26T21:12:54.756Z,buy,6.5e-07,99393.0,0.06460545
VIB/BTC,1609017178722,2020-12-26T21:12:58.722Z,buy,6.5e-07,80728.0,0.0524732
VIB/BTC,1609017179899,2020-12-26T21:12:59.899Z,buy,6.5e-07,95193.0,0.06187545
VIB/BTC,1609017180141,2020-12-26T21:13:00.141Z,buy,6.5e-07,40798.0,0.0265187
VIB/BTC,1609017181258,2020-12-26T21:13:01.258Z,buy,6.5e-07,83527.0,0.05429255
VIB/BTC,1609017182457,2020-12-26T21:13:02.457Z,buy,6.5e-07,129002.0,0.0838513
VIB/BTC,1609017183161,2020-12-26T21:13:03.161Z,buy,6.5e-07,40798.0,0.0265187
VIB/BTC,1609017184272,2020-12-26T21:13:04.272Z,buy,6.5e-07,144451.0,0.09389315
VIB/BTC,1609017185583,2020-12-26T21:13:05.583Z,buy,6.5e-07,71909.0,0.04674085
VIB/BTC,1609017188504,2020-12-26T21:13:08.504Z,sell,6.5e-07,109080.0,0.070902
VIB/BTC,1609017188645,2020-12-26T21:13:08.645Z,buy,6.5e-07,4903.0,0.00318695
VIB/BTC,1609017189172,2020-12-26T21:13:09.172Z,buy,6.5e-07,18827.0,0.01223755
VIB/BTC,1609017192587,2020-12-26T21:13:12.587Z,buy,6.5e-07,174924.0,0.1137006
VIB/BTC,1609017193672,2020-12-26T21:13:13.672Z,buy,6.5e-07,193186.0,0.1255709
VIB/BTC,1609017195004,2020-12-26T21:13:15.004Z,buy,6.5e-07,107173.0,0.06966245
VIB/BTC,1609017198830,2020-12-26T21:13:18.830Z,sell,6.5e-07,96204.0,0.0625326
VIB/BTC,1609017201141,2020-12-26T21:13:21.141Z,buy,6.5e-07,211024.0,0.1371656
VIB/BTC,1609017203366,2020-12-26T21:13:23.366Z,buy,6.5e-07,229327.0,0.14906255
VIB/BTC,1609017204107,2020-12-26T21:13:24.107Z,buy,6.5e-07,68476.0,0.0445094
VIB/BTC,1609017206359,2020-12-26T21:13:26.359Z,sell,6.5e-07,124245.0,0.08075925
VIB/BTC,1609017208408,2020-12-26T21:13:28.408Z,buy,6.5e-07,208871.0,0.13576615
VIB/BTC,1609017210123,2020-12-26T21:13:30.123Z,buy,6.5e-07,221790.0,0.1441635
VIB/BTC,1609017212881,2020-12-26T21:13:32.881Z,buy,6.5e-07,105207.0,0.06838455
VIB/BTC,1609017214526,2020-12-26T21:13:34.526Z,sell,6.5e-07,89667.0,0.05828355
VIB/BTC,1609017217413,2020-12-26T21:13:37.413Z,buy,6.5e-07,173963.0,0.11307595
VIB/BTC,1609017218596,2020-12-26T21:13:38.596Z,buy,6.5e-07,204719.0,0.13306735
VIB/BTC,1609017219775,2020-12-26T21:13:39.775Z,buy,6.5e-07,187419.0,0.12182235
VIB/BTC,1609017223086,2020-12-26T21:13:43.086Z,buy,6.5e-07,100521.0,0.06533865
VIB/BTC,1609017225213,2020-12-26T21:13:45.213Z,sell,6.5e-07,32114.0,0.0208741
VIB/BTC,1609017226629,2020-12-26T21:13:46.629Z,buy,6.5e-07,81833.0,0.05319145
VIB/BTC,1609017228001,2020-12-26T21:13:48.001Z,buy,6.5e-07,204719.0,0.13306735
VIB/BTC,1609017229133,2020-12-26T21:13:49.133Z,buy,6.5e-07,246193.0,0.16002545
VIB/BTC,1609017237113,2020-12-26T21:13:57.113Z,buy,6.6e-07,118229.0,0.07803114
VIB/BTC,1609017237113,2020-12-26T21:13:57.113Z,buy,6.7e-07,55307.0,0.03705569
VIB/BTC,1609017237113,2020-12-26T21:13:57.113Z,buy,6.8e-07,72112.0,0.0490361599999999
VIB/BTC,1609017237113,2020-12-26T21:13:57.113Z,buy,6.9e-07,24948.0,0.01721412
VIB/BTC,1609017237113,2020-12-26T21:13:57.113Z,buy,7e-07,13877.0,0.0097139
VIB/BTC,1609017237113,2020-12-26T21:13:57.113Z,buy,7.1e-07,109333.0,0.07762643
VIB/BTC,1609017237113,2020-12-26T21:13:57.113Z,buy,7.2e-07,236680.0,0.1704096
VIB/BTC,1609017237642,2020-12-26T21:13:57.642Z,buy,6.6e-07,3454.0,0.00227964
VIB/BTC,1609017237887,2020-12-26T21:13:57.887Z,buy,6.6e-07,1006.0,0.00066396
VIB/BTC,1609017237901,2020-12-26T21:13:57.901Z,buy,6.6e-07,10001.0,0.00660066
VIB/BTC,1609017238041,2020-12-26T21:13:58.041Z,buy,6.6e-07,201.0,0.00013266
VIB/BTC,1609017238316,2020-12-26T21:13:58.316Z,buy,6.6e-07,1008.0,0.00066528
VIB/BTC,1609017238357,2020-12-26T21:13:58.357Z,buy,6.6e-07,10001.0,0.00660066
VIB/BTC,1609017238490,2020-12-26T21:13:58.490Z,buy,6.6e-07,208.0,0.00013728
VIB/BTC,1609017238747,2020-12-26T21:13:58.747Z,buy,6.6e-07,1005.0,0.0006633
VIB/BTC,1609017238797,2020-12-26T21:13:58.797Z,buy,6.6e-07,10001.0,0.00660066
VIB/BTC,1609017238955,2020-12-26T21:13:58.955Z,buy,6.6e-07,205.0,0.0001353
VIB/BTC,1609017239152,2020-12-26T21:13:59.152Z,buy,6.6e-07,1012.0,0.00066792
VIB/BTC,1609017239193,2020-12-26T21:13:59.193Z,buy,6.6e-07,10001.0,0.00660066
VIB/BTC,1609017239399,2020-12-26T21:13:59.399Z,buy,6.8e-07,212.0,0.00014416
VIB/BTC,1609017239545,2020-12-26T21:13:59.545Z,buy,6.8e-07,1011.0,0.00068748
VIB/BTC,1609017239584,2020-12-26T21:13:59.584Z,buy,6.8e-07,10001.0,0.0068006799999999
VIB/BTC,1609017239720,2020-12-26T21:13:59.720Z,sell,6.6e-07,8931.0,0.00589446
VIB/BTC,1609017239844,2020-12-26T21:13:59.844Z,buy,6.8e-07,211.0,0.00014348
VIB/BTC,1609017239957,2020-12-26T21:13:59.957Z,buy,6.8e-07,1008.0,0.0006854399999999
VIB/BTC,1609017239959,2020-12-26T21:13:59.959Z,sell,6.6e-07,4903.0,0.00323598
VIB/BTC,1609017239986,2020-12-26T21:13:59.986Z,buy,6.8e-07,10001.0,0.0068006799999999
VIB/BTC,1609017240327,2020-12-26T21:14:00.327Z,buy,6.8e-07,208.0,0.00014144
VIB/BTC,1609017240560,2020-12-26T21:14:00.560Z,sell,6.6e-07,24044.0,0.01586904
VIB/BTC,1609017240560,2020-12-26T21:14:00.560Z,sell,6.5e-07,82275.0,0.05347875
VIB/BTC,1609017242364,2020-12-26T21:14:02.364Z,buy,6.5e-07,200.0,0.00013
VIB/BTC,1609017242647,2020-12-26T21:14:02.647Z,buy,6.5e-07,200.0,0.00013
VIB/BTC,1609017242802,2020-12-26T21:14:02.802Z,buy,6.5e-07,200.0,0.00013
VIB/BTC,1609017244081,2020-12-26T21:14:04.081Z,buy,6.5e-07,141105.0,0.09171825
VIB/BTC,1609017248099,2020-12-26T21:14:08.099Z,buy,6.6e-07,8000.0,0.00528
VIB/BTC,1609017249445,2020-12-26T21:14:09.445Z,buy,6.6e-07,3381.0,0.00223146
VIB/BTC,1609017249557,2020-12-26T21:14:09.557Z,sell,6.6e-07,602.0,0.00039732
VIB/BTC,1609017249943,2020-12-26T21:14:09.943Z,sell,6.6e-07,1091.0,0.00072006
VIB/BTC,1609017250063,2020-12-26T21:14:10.063Z,sell,6.6e-07,1692.0,0.00111672
VIB/BTC,1609017252660,2020-12-26T21:14:12.660Z,sell,6.6e-07,1227.0,0.00080982
VIB/BTC,1609017252660,2020-12-26T21:14:12.660Z,sell,6.5e-07,648.0,0.0004212
VIB/BTC,1609017261810,2020-12-26T21:14:21.810Z,buy,6.6e-07,78738.0,0.05196708
VIB/BTC,1609017264677,2020-12-26T21:14:24.677Z,sell,6.6e-07,101708.0,0.06712728
VIB/BTC,1609017270306,2020-12-26T21:14:30.306Z,sell,6.5e-07,4059.0,0.00263835
VIB/BTC,1609017270337,2020-12-26T21:14:30.337Z,buy,6.7e-07,3522.0,0.00235974
VIB/BTC,1609017270858,2020-12-26T21:14:30.858Z,buy,6.6e-07,1004.0,0.00066264
VIB/BTC,1609017271256,2020-12-26T21:14:31.256Z,buy,6.7e-07,3701.0,0.00247967
VIB/BTC,1609017275708,2020-12-26T21:14:35.708Z,sell,6.6e-07,3.0,1.98e-06
VIB/BTC,1609017278055,2020-12-26T21:14:38.055Z,buy,6.6e-07,304.0,0.00020064
VIB/BTC,1609017279255,2020-12-26T21:14:39.255Z,sell,6.5e-07,14995.0,0.00974675
VIB/BTC,1609017284245,2020-12-26T21:14:44.245Z,buy,6.6e-07,274.0,0.00018084
VIB/BTC,1609017285302,2020-12-26T21:14:45.302Z,buy,6.6e-07,370.0,0.0002442
VIB/BTC,1609017286722,2020-12-26T21:14:46.722Z,buy,6.6e-07,587.0,0.00038742
VIB/BTC,1609017287707,2020-12-26T21:14:47.707Z,buy,6.6e-07,516.0,0.00034056
VIB/BTC,1609017289115,2020-12-26T21:14:49.115Z,buy,6.6e-07,496.0,0.00032736
VIB/BTC,1609017290110,2020-12-26T21:14:50.110Z,buy,6.6e-07,450.0,0.000297
VIB/BTC,1609017291954,2020-12-26T21:14:51.954Z,buy,6.6e-07,466.0,0.00030756
VIB/BTC,1609017294032,2020-12-26T21:14:54.032Z,buy,6.6e-07,234.0,0.00015444
VIB/BTC,1609017299696,2020-12-26T21:14:59.696Z,sell,6.6e-07,3190.0,0.0021054
VIB/BTC,1609017305892,2020-12-26T21:15:05.892Z,sell,6.5e-07,141646.0,0.0920699
VIB/BTC,1609017305908,2020-12-26T21:15:05.908Z,buy,6.5e-07,3265.0,0.00212225
VIB/BTC,1609017306039,2020-12-26T21:15:06.039Z,buy,6.5e-07,2911.0,0.00189215
VIB/BTC,1609017306548,2020-12-26T21:15:06.548Z,buy,6.5e-07,3794.0,0.0024661
VIB/BTC,1609017310206,2020-12-26T21:15:10.206Z,sell,6.5e-07,115984.0,0.0753896
VIB/BTC,1609017315003,2020-12-26T21:15:15.003Z,buy,6.5e-07,25121.0,0.01632865
VIB/BTC,1609017315003,2020-12-26T21:15:15.003Z,buy,6.6e-07,126846.0,0.08371836
VIB/BTC,1609017315003,2020-12-26T21:15:15.003Z,buy,6.7e-07,14174.0,0.00949658
VIB/BTC,1609017315011,2020-12-26T21:15:15.011Z,sell,6.7e-07,325.0,0.00021775
VIB/BTC,1609017315012,2020-12-26T21:15:15.012Z,sell,6.7e-07,12967.0,0.00868789
VIB/BTC,1609017315029,2020-12-26T21:15:15.029Z,sell,6.7e-07,5103.0,0.00341901
VIB/BTC,1609017315048,2020-12-26T21:15:15.048Z,sell,6.7e-07,1701.0,0.00113967
VIB/BTC,1609017316636,2020-12-26T21:15:16.636Z,sell,6.7e-07,720.0,0.0004824
VIB/BTC,1609017318821,2020-12-26T21:15:18.821Z,sell,6.7e-07,11790.0,0.0078993
VIB/BTC,1609017320557,2020-12-26T21:15:20.557Z,sell,6.7e-07,400.0,0.000268
VIB/BTC,1609017321386,2020-12-26T21:15:21.386Z,sell,6.7e-07,400.0,0.000268
VIB/BTC,1609017321905,2020-12-26T21:15:21.905Z,sell,6.7e-07,400.0,0.000268
VIB/BTC,1609017322342,2020-12-26T21:15:22.342Z,sell,6.7e-07,400.0,0.000268
VIB/BTC,1609017322967,2020-12-26T21:15:22.967Z,buy,6.8e-07,3315.0,0.0022542
VIB/BTC,1609017322981,2020-12-26T21:15:22.981Z,sell,6.7e-07,400.0,0.000268
VIB/BTC,1609017323521,2020-12-26T21:15:23.521Z,sell,6.7e-07,360.0,0.0002412
VIB/BTC,1609017323596,2020-12-26T21:15:23.596Z,sell,6.7e-07,1692.0,0.00113364
VIB/BTC,1609017323684,2020-12-26T21:15:23.684Z,sell,6.7e-07,450.0,0.0003015
VIB/BTC,1609017328710,2020-12-26T21:15:28.710Z,sell,6.7e-07,700.0,0.000469
VIB/BTC,1609017343555,2020-12-26T21:15:43.555Z,buy,6.8e-07,2500.0,0.0017
VIB/BTC,1609017351458,2020-12-26T21:15:51.458Z,sell,6.7e-07,309.0,0.00020703
VIB/BTC,1609017374452,2020-12-26T21:16:14.452Z,buy,6.7e-07,124477.0,0.08339959
VIB/BTC,1609017375047,2020-12-26T21:16:15.047Z,buy,6.7e-07,4831.0,0.00323677
VIB/BTC,1609017375047,2020-12-26T21:16:15.047Z,buy,6.8e-07,2316.0,0.0015748799999999
VIB/BTC,1609017379867,2020-12-26T21:16:19.867Z,sell,6.6e-07,1970.0,0.0013002
VIB/BTC,1609017386506,2020-12-26T21:16:26.506Z,sell,6.6e-07,333.0,0.00021978
VIB/BTC,1609017387279,2020-12-26T21:16:27.279Z,sell,6.6e-07,733.0,0.00048378
VIB/BTC,1609017387470,2020-12-26T21:16:27.470Z,sell,6.6e-07,23818.0,0.01571988
VIB/BTC,1609017387470,2020-12-26T21:16:27.470Z,sell,6.5e-07,10903.0,0.00708695
VIB/BTC,1609017501331,2020-12-26T21:18:21.331Z,buy,6.6e-07,48746.0,0.03217236
VIB/BTC,1609017517391,2020-12-26T21:18:37.391Z,buy,6.7e-07,13106.0,0.00878102
VIB/BTC,1609017517391,2020-12-26T21:18:37.391Z,buy,6.8e-07,43020.0,0.0292535999999999
VIB/BTC,1609017518038,2020-12-26T21:18:38.038Z,buy,6.7e-07,10002.0,0.00670134
VIB/BTC,1609017518252,2020-12-26T21:18:38.252Z,buy,6.7e-07,209.0,0.00014003
VIB/BTC,1609017613451,2020-12-26T21:20:13.451Z,buy,6.7e-07,53759.0,0.03601853
VIB/BTC,1609017708516,2020-12-26T21:21:48.516Z,buy,6.7e-07,1731.0,0.00115977
VIB/BTC,1609017775253,2020-12-26T21:22:55.253Z,buy,6.7e-07,5970.0,0.0039999
VIB/BTC,1609017819236,2020-12-26T21:23:39.236Z,buy,6.7e-07,28195.0,0.01889065
VIB/BTC,1609017819236,2020-12-26T21:23:39.236Z,buy,6.8e-07,76095.0,0.0517445999999999
VIB/BTC,1609017836827,2020-12-26T21:23:56.827Z,buy,6.7e-07,15840.0,0.0106128
VIB/BTC,1609017836836,2020-12-26T21:23:56.836Z,sell,6.7e-07,7413.0,0.00496671
VIB/BTC,1609017836843,2020-12-26T21:23:56.843Z,sell,6.7e-07,4797.0,0.00321399
VIB/BTC,1609017965528,2020-12-26T21:26:05.528Z,buy,6.7e-07,4836.0,0.00324012
VIB/BTC,1609017965528,2020-12-26T21:26:05.528Z,buy,6.8e-07,301878.0,0.20527704
VIB/BTC,1609018227078,2020-12-26T21:30:27.078Z,buy,6.7e-07,1799.0,0.00120533
VIB/BTC,1609018227078,2020-12-26T21:30:27.078Z,sell,6.6e-07,1729.0,0.00114114
VIB/BTC,1609018284315,2020-12-26T21:31:24.315Z,sell,6.6e-07,77147.0,0.05091702
VIB/BTC,1609018284315,2020-12-26T21:31:24.315Z,sell,6.5e-07,208182.0,0.1353183
VIB/BTC,1609018284315,2020-12-26T21:31:24.315Z,sell,6.4e-07,296414.0,0.18970496
VIB/BTC,1609018284315,2020-12-26T21:31:24.315Z,sell,6.3e-07,198759.0,0.12521817
VIB/BTC,1609018284315,2020-12-26T21:31:24.315Z,sell,6.2e-07,11818.0,0.00732716
VIB/BTC,1609018284511,2020-12-26T21:31:24.511Z,buy,6.5e-07,1623.0,0.00105495
VIB/BTC,1609018285051,2020-12-26T21:31:25.051Z,buy,6.3e-07,1746.0,0.00109998
VIB/BTC,1609018285592,2020-12-26T21:31:25.592Z,buy,6.3e-07,1746.0,0.00109998
VIB/BTC,1609018285911,2020-12-26T21:31:25.911Z,buy,6.3e-07,400.0,0.000252
VIB/BTC,1609018285931,2020-12-26T21:31:25.931Z,buy,6.3e-07,29993.0,0.01889559
VIB/BTC,1609018286185,2020-12-26T21:31:26.185Z,buy,6.3e-07,190.0,0.0001197
VIB/BTC,1609018286398,2020-12-26T21:31:26.398Z,buy,6.3e-07,400.0,0.000252
VIB/BTC,1609018286894,2020-12-26T21:31:26.894Z,buy,6.3e-07,400.0,0.000252
VIB/BTC,1609018287145,2020-12-26T21:31:27.145Z,buy,6.3e-07,10001.0,0.00630063
VIB/BTC,1609018287945,2020-12-26T21:31:27.945Z,sell,6.3e-07,2196.0,0.00138348
VIB/BTC,1609018288226,2020-12-26T21:31:28.226Z,buy,6.3e-07,2834.0,0.00178542
VIB/BTC,1609018291823,2020-12-26T21:31:31.823Z,sell,6.3e-07,50783.0,0.03199329
VIB/BTC,1609018291823,2020-12-26T21:31:31.823Z,sell,6.2e-07,12717.0,0.00788454
VIB/BTC,1609018295361,2020-12-26T21:31:35.361Z,buy,6.3e-07,162.0,0.00010206
VIB/BTC,1609018324721,2020-12-26T21:32:04.721Z,buy,6.4e-07,150729.0,0.09646656
VIB/BTC,1609018324730,2020-12-26T21:32:04.730Z,sell,6.4e-07,7993.0,0.00511552
VIB/BTC,1609018324753,2020-12-26T21:32:04.753Z,sell,6.4e-07,9469.0,0.00606016
VIB/BTC,1609018335042,2020-12-26T21:32:15.042Z,sell,6.4e-07,3103.0,0.00198592
VIB/BTC,1609018344389,2020-12-26T21:32:24.389Z,buy,6.5e-07,9181.0,0.00596765
VIB/BTC,1609018344944,2020-12-26T21:32:24.944Z,sell,6.4e-07,1006.0,0.00064384
VIB/BTC,1609018364935,2020-12-26T21:32:44.935Z,buy,6.4e-07,3030.0,0.0019392
VIB/BTC,1609018365123,2020-12-26T21:32:45.123Z,sell,6.4e-07,889.0,0.00056896
VIB/BTC,1609018377439,2020-12-26T21:32:57.439Z,sell,6.4e-07,5000.0,0.0032
VIB/BTC,1609018398602,2020-12-26T21:33:18.602Z,sell,6.4e-07,2500.0,0.0016
VIB/BTC,1609018498963,2020-12-26T21:34:58.963Z,buy,6.5e-07,7959.0,0.00517335
VIB/BTC,1609018505220,2020-12-26T21:35:05.220Z,buy,6.5e-07,4368.0,0.0028392
VIB/BTC,1609018509235,2020-12-26T21:35:09.235Z,buy,6.5e-07,1810.0,0.0011765
VIB/BTC,1609018519067,2020-12-26T21:35:19.067Z,sell,6.5e-07,30414.0,0.0197691
VIB/BTC,1609018520725,2020-12-26T21:35:20.725Z,sell,6.5e-07,773.0,0.00050245
VIB/BTC,1609018522085,2020-12-26T21:35:22.085Z,sell,6.5e-07,30414.0,0.0197691
VIB/BTC,1609018525082,2020-12-26T21:35:25.082Z,sell,6.5e-07,9670.0,0.0062855
VIB/BTC,1609018535278,2020-12-26T21:35:35.278Z,sell,6.5e-07,30414.0,0.0197691
VIB/BTC,1609018538276,2020-12-26T21:35:38.276Z,sell,6.5e-07,16032.0,0.0104208
VIB/BTC,1609018587640,2020-12-26T21:36:27.640Z,sell,6.5e-07,411.0,0.00026715
VIB/BTC,1609018600504,2020-12-26T21:36:40.504Z,buy,6.6e-07,9378.0,0.00618948
VIB/BTC,1609018604953,2020-12-26T21:36:44.953Z,sell,6.5e-07,104185.0,0.06772025
VIB/BTC,1609018608843,2020-12-26T21:36:48.843Z,sell,6.5e-07,3310.0,0.0021515
VIB/BTC,1609018611821,2020-12-26T21:36:51.821Z,sell,6.5e-07,28212.0,0.0183378
VIB/BTC,1609018614826,2020-12-26T21:36:54.826Z,sell,6.5e-07,12124.0,0.0078806
VIB/BTC,1609018650046,2020-12-26T21:37:30.046Z,sell,6.4e-07,327398.0,0.20953472
VIB/BTC,1609018660256,2020-12-26T21:37:40.256Z,buy,6.5e-07,1846.0,0.0011999
VIB/BTC,1609018693188,2020-12-26T21:38:13.188Z,sell,6.5e-07,50307.0,0.03269955
VIB/BTC,1609018750844,2020-12-26T21:39:10.844Z,buy,6.5e-07,15609.0,0.01014585
VIB/BTC,1609018770015,2020-12-26T21:39:30.015Z,buy,6.5e-07,83745.0,0.05443425
VIB/BTC,1609018950866,2020-12-26T21:42:30.866Z,buy,6.5e-07,25412.0,0.0165178
VIB/BTC,1609018965033,2020-12-26T21:42:45.033Z,sell,6.5e-07,187.0,0.00012155
VIB/BTC,1609018989028,2020-12-26T21:43:09.028Z,buy,6.5e-07,2500.0,0.001625
VIB/BTC,1609019092860,2020-12-26T21:44:52.860Z,buy,6.5e-07,5222.0,0.0033943
VIB/BTC,1609019112272,2020-12-26T21:45:12.272Z,buy,6.5e-07,17148.0,0.0111462
VIB/BTC,1609019374292,2020-12-26T21:49:34.292Z,buy,6.5e-07,2748.0,0.0017862
VIB/BTC,1609019375789,2020-12-26T21:49:35.789Z,sell,6.5e-07,598.0,0.0003887
VIB/BTC,1609019375992,2020-12-26T21:49:35.992Z,sell,6.5e-07,1306.0,0.0008489
VIB/BTC,1609019376141,2020-12-26T21:49:36.141Z,sell,6.5e-07,2220.0,0.001443
VIB/BTC,1609019382433,2020-12-26T21:49:42.433Z,sell,6.5e-07,18546.0,0.0120549
VIB/BTC,1609019383762,2020-12-26T21:49:43.762Z,sell,6.5e-07,64221.0,0.04174365
VIB/BTC,1609019742321,2020-12-26T21:55:42.321Z,buy,6.5e-07,202.0,0.0001313
VIB/BTC,1609019920777,2020-12-26T21:58:40.777Z,buy,6.5e-07,31193.0,0.02027545
VIB/BTC,1609019920777,2020-12-26T21:58:40.777Z,buy,6.6e-07,171105.0,0.1129293
VIB/BTC,1609019936110,2020-12-26T21:58:56.110Z,buy,6.6e-07,23757.0,0.01567962
VIB/BTC,1609019936110,2020-12-26T21:58:56.110Z,buy,6.7e-07,52962.0,0.03548454
VIB/BTC,1609019936115,2020-12-26T21:58:56.115Z,sell,6.7e-07,12936.0,0.00866712
VIB/BTC,1609019936121,2020-12-26T21:58:56.121Z,sell,6.5e-07,5885.0,0.00382525
VIB/BTC,1609019936417,2020-12-26T21:58:56.417Z,buy,6.6e-07,1010.0,0.0006666
VIB/BTC,1609019936507,2020-12-26T21:58:56.507Z,buy,6.6e-07,10004.0,0.00660264
VIB/BTC,1609019936570,2020-12-26T21:58:56.570Z,buy,6.6e-07,204.0,0.00013464
VIB/BTC,1609019942537,2020-12-26T21:59:02.537Z,buy,6.6e-07,238.0,0.00015708
VIB/BTC,1609019953780,2020-12-26T21:59:13.780Z,buy,6.6e-07,360.0,0.0002376
VIB/BTC,1609020057146,2020-12-26T22:00:57.146Z,buy,6.6e-07,50.0,3.3e-05
VIB/BTC,1609020203303,2020-12-26T22:03:23.303Z,sell,6.5e-07,60157.0,0.03910205
VIB/BTC,1609020210807,2020-12-26T22:03:30.807Z,sell,6.5e-07,852.0,0.0005538
VIB/BTC,1609020253684,2020-12-26T22:04:13.684Z,sell,6.5e-07,212.0,0.0001378
VIB/BTC,1609020684817,2020-12-26T22:11:24.817Z,sell,6.4e-07,262.0,0.00016768
VIB/BTC,1609020689328,2020-12-26T22:11:29.328Z,buy,6.5e-07,7475.0,0.00485875
VIB/BTC,1609020689328,2020-12-26T22:11:29.328Z,buy,6.5e-07,7475.0,0.00485875
VIB/BTC,1609020804700,2020-12-26T22:13:24.700Z,sell,6.4e-07,268.0,0.00017152
VIB/BTC,1609020827816,2020-12-26T22:13:47.816Z,buy,6.5e-07,51.0,3.315e-05
VIB/BTC,1609021003857,2020-12-26T22:16:43.857Z,sell,6.4e-07,26746.0,0.01711744
VIB/BTC,1609021049714,2020-12-26T22:17:29.714Z,buy,6.5e-07,52.0,3.38e-05
VIB/BTC,1609021110175,2020-12-26T22:18:30.175Z,buy,6.5e-07,3701.0,0.00240565
VIB/BTC,1609021476971,2020-12-26T22:24:36.971Z,buy,6.5e-07,60563.0,0.03936595
VIB/BTC,1609021476990,2020-12-26T22:24:36.990Z,sell,6.5e-07,1286.0,0.0008359
VIB/BTC,1609021476995,2020-12-26T22:24:36.995Z,sell,6.5e-07,708.0,0.0004602
VIB/BTC,1609021476999,2020-12-26T22:24:36.999Z,sell,6.5e-07,708.0,0.0004602
VIB/BTC,1609021476999,2020-12-26T22:24:36.999Z,sell,6.5e-07,708.0,0.0004602
VIB/BTC,1609021477014,2020-12-26T22:24:37.014Z,sell,6.5e-07,1733.0,0.00112645
VIB/BTC,1609021477036,2020-12-26T22:24:37.036Z,sell,6.5e-07,708.0,0.0004602
VIB/BTC,1609021477038,2020-12-26T22:24:37.038Z,sell,6.5e-07,6541.0,0.00425165
VIB/BTC,1609021477040,2020-12-26T22:24:37.040Z,sell,6.5e-07,708.0,0.0004602
VIB/BTC,1609021477042,2020-12-26T22:24:37.042Z,sell,6.5e-07,708.0,0.0004602
VIB/BTC,1609021477064,2020-12-26T22:24:37.064Z,sell,6.5e-07,994.0,0.0006461
VIB/BTC,1609021603143,2020-12-26T22:26:43.143Z,buy,6.6e-07,5671.0,0.00374286
VIB/BTC,1609021798223,2020-12-26T22:29:58.223Z,buy,6.6e-07,2509.0,0.00165594
VIB/BTC,1609021914108,2020-12-26T22:31:54.108Z,sell,6.5e-07,166.0,0.0001079
VIB/BTC,1609022030834,2020-12-26T22:33:50.834Z,sell,6.5e-07,2864.0,0.0018616
VIB/BTC,1609022113211,2020-12-26T22:35:13.211Z,sell,6.5e-07,400.0,0.00026
VIB/BTC,1609022113662,2020-12-26T22:35:13.662Z,sell,6.5e-07,400.0,0.00026
VIB/BTC,1609022114214,2020-12-26T22:35:14.214Z,sell,6.5e-07,400.0,0.00026
VIB/BTC,1609022114675,2020-12-26T22:35:14.675Z,sell,6.5e-07,400.0,0.00026
VIB/BTC,1609022199000,2020-12-26T22:36:39.000Z,sell,6.5e-07,232.0,0.0001508
VIB/BTC,1609022210699,2020-12-26T22:36:50.699Z,sell,6.5e-07,253817.0,0.16498105
VIB/BTC,1609022508089,2020-12-26T22:41:48.089Z,buy,6.5e-07,622.0,0.0004043
VIB/BTC,1609022665921,2020-12-26T22:44:25.921Z,buy,6.5e-07,40132.0,0.0260858
VIB/BTC,1609022665925,2020-12-26T22:44:25.925Z,buy,6.5e-07,9810.0,0.0063765
VIB/BTC,1609022665926,2020-12-26T22:44:25.926Z,buy,6.5e-07,17396.0,0.0113074
VIB/BTC,1609022665937,2020-12-26T22:44:25.937Z,buy,6.6e-07,43.0,2.8380000000000003e-05
VIB/BTC,1609022665941,2020-12-26T22:44:25.941Z,buy,6.6e-07,6706.0,0.00442596
VIB/BTC,1609022667046,2020-12-26T22:44:27.046Z,sell,6.5e-07,400.0,0.00026
VIB/BTC,1609022667526,2020-12-26T22:44:27.526Z,sell,6.5e-07,400.0,0.00026
VIB/BTC,1609022668020,2020-12-26T22:44:28.020Z,sell,6.5e-07,400.0,0.00026
VIB/BTC,1609022676908,2020-12-26T22:44:36.908Z,sell,6.5e-07,400.0,0.00026
VIB/BTC,1609022677381,2020-12-26T22:44:37.381Z,sell,6.5e-07,400.0,0.00026
VIB/BTC,1609022677861,2020-12-26T22:44:37.861Z,sell,6.5e-07,400.0,0.00026
VIB/BTC,1609022678338,2020-12-26T22:44:38.338Z,sell,6.5e-07,400.0,0.00026
VIB/BTC,1609022752526,2020-12-26T22:45:52.526Z,sell,6.5e-07,9243.0,0.00600795
VIB/BTC,1609022752526,2020-12-26T22:45:52.526Z,sell,6.4e-07,41727.0,0.02670528
VIB/BTC,1609023039807,2020-12-26T22:50:39.807Z,buy,6.5e-07,47.0,3.0550000000000004e-05
VIB/BTC,1609023083457,2020-12-26T22:51:23.457Z,sell,6.4e-07,632.0,0.00040448
VIB/BTC,1609023086281,2020-12-26T22:51:26.281Z,sell,6.4e-07,343.0,0.00021952
VIB/BTC,1609023334752,2020-12-26T22:55:34.752Z,sell,6.4e-07,174.0,0.00011136
VIB/BTC,1609023469815,2020-12-26T22:57:49.815Z,sell,6.4e-07,621.0,0.00039744
VIB/BTC,1609024074018,2020-12-26T23:07:54.018Z,buy,6.5e-07,12948.0,0.0084162
VIB/BTC,1609024111447,2020-12-26T23:08:31.447Z,sell,6.4e-07,15594.0,0.00998016
VIB/BTC,1609024171011,2020-12-26T23:09:31.011Z,buy,6.5e-07,1223.0,0.00079495
VIB/BTC,1609024171011,2020-12-26T23:09:31.011Z,buy,6.5e-07,1223.0,0.00079495
VIB/BTC,1609024360580,2020-12-26T23:12:40.580Z,buy,6.5e-07,40871.0,0.02656615
VIB/BTC,1609024376716,2020-12-26T23:12:56.716Z,sell,6.4e-07,1223.0,0.00078272
VIB/BTC,1609025230534,2020-12-26T23:27:10.534Z,buy,6.5e-07,32038.0,0.0208247
VIB/BTC,1609025696126,2020-12-26T23:34:56.126Z,sell,6.4e-07,2018.0,0.00129152
VIB/BTC,1609025763845,2020-12-26T23:36:03.845Z,buy,6.5e-07,3021.0,0.00196365
VIB/BTC,1609026134644,2020-12-26T23:42:14.644Z,buy,6.5e-07,58007.0,0.03770455
VIB/BTC,1609026134644,2020-12-26T23:42:14.644Z,buy,6.6e-07,59249.0,0.03910434
VIB/BTC,1609026135041,2020-12-26T23:42:15.041Z,buy,6.5e-07,2551.0,0.00165815
VIB/BTC,1609026135088,2020-12-26T23:42:15.088Z,sell,6.5e-07,2140.0,0.001391
VIB/BTC,1609026138163,2020-12-26T23:42:18.163Z,sell,6.5e-07,400.0,0.00026
VIB/BTC,1609026138633,2020-12-26T23:42:18.633Z,sell,6.5e-07,400.0,0.00026
VIB/BTC,1609026139127,2020-12-26T23:42:19.127Z,sell,6.5e-07,400.0,0.00026
VIB/BTC,1609026157373,2020-12-26T23:42:37.373Z,sell,6.5e-07,400.0,0.00026
VIB/BTC,1609026158275,2020-12-26T23:42:38.275Z,sell,6.5e-07,400.0,0.00026
VIB/BTC,1609026159174,2020-12-26T23:42:39.174Z,sell,6.5e-07,400.0,0.00026
VIB/BTC,1609026319927,2020-12-26T23:45:19.927Z,buy,6.6e-07,3970.0,0.0026202
VIB/BTC,1609026319927,2020-12-26T23:45:19.927Z,buy,6.7e-07,19030.0,0.0127501
VIB/BTC,1609026320225,2020-12-26T23:45:20.225Z,buy,6.6e-07,3075.0,0.0020295
VIB/BTC,1609026354576,2020-12-26T23:45:54.576Z,sell,6.6e-07,400.0,0.000264
VIB/BTC,1609026355055,2020-12-26T23:45:55.055Z,sell,6.6e-07,400.0,0.000264
VIB/BTC,1609026357079,2020-12-26T23:45:57.079Z,sell,6.6e-07,4615.0,0.0030459
VIB/BTC,1609026357132,2020-12-26T23:45:57.132Z,sell,6.6e-07,400.0,0.000264
VIB/BTC,1609026358237,2020-12-26T23:45:58.237Z,sell,6.6e-07,400.0,0.000264
VIB/BTC,1609026358715,2020-12-26T23:45:58.715Z,sell,6.6e-07,400.0,0.000264
VIB/BTC,1609026359194,2020-12-26T23:45:59.194Z,sell,6.6e-07,400.0,0.000264
VIB/BTC,1609026359671,2020-12-26T23:45:59.671Z,sell,6.6e-07,400.0,0.000264
VIB/BTC,1609026360157,2020-12-26T23:46:00.157Z,sell,6.6e-07,400.0,0.000264
VIB/BTC,1609026361053,2020-12-26T23:46:01.053Z,sell,6.6e-07,400.0,0.000264
VIB/BTC,1609026374972,2020-12-26T23:46:14.972Z,sell,6.6e-07,4628.0,0.00305448
VIB/BTC,1609026398549,2020-12-26T23:46:38.549Z,sell,6.6e-07,818.0,0.00053988
VIB/BTC,1609026433887,2020-12-26T23:47:13.887Z,sell,6.5e-07,28191.0,0.01832415
VIB/BTC,1609026493716,2020-12-26T23:48:13.716Z,buy,6.6e-07,154.0,0.00010164
VIB/BTC,1609026498286,2020-12-26T23:48:18.286Z,sell,6.5e-07,153.0,9.945e-05
VIB/BTC,1609026665723,2020-12-26T23:51:05.723Z,sell,6.5e-07,19271.0,0.01252615
VIB/BTC,1609026665732,2020-12-26T23:51:05.732Z,buy,6.5e-07,3125.0,0.00203125
VIB/BTC,1609026665738,2020-12-26T23:51:05.738Z,buy,6.6e-07,53.0,3.498e-05
VIB/BTC,1609026665761,2020-12-26T23:51:05.761Z,buy,6.5e-07,578.0,0.0003757
VIB/BTC,1609026665790,2020-12-26T23:51:05.790Z,buy,6.5e-07,1772.0,0.0011518
VIB/BTC,1609026697515,2020-12-26T23:51:37.515Z,buy,6.6e-07,107797.0,0.07114602
VIB/BTC,1609026726029,2020-12-26T23:52:06.029Z,buy,6.6e-07,972.0,0.00064152
VIB/BTC,1609026931232,2020-12-26T23:55:31.232Z,buy,6.6e-07,2773.0,0.00183018
VIB/BTC,1609027237617,2020-12-27T00:00:37.617Z,buy,6.6e-07,3334.0,0.00220044
VIB/BTC,1609027237617,2020-12-27T00:00:37.617Z,buy,6.6e-07,3334.0,0.00220044
VIB/BTC,1609027818099,2020-12-27T00:10:18.099Z,buy,6.6e-07,154.0,0.00010164
VIB/BTC,1609028242379,2020-12-27T00:17:22.379Z,sell,6.5e-07,3701.0,0.00240565
VIB/BTC,1609028450105,2020-12-27T00:20:50.105Z,buy,6.6e-07,15456.0,0.01020096
VIB/BTC,1609028598319,2020-12-27T00:23:18.319Z,buy,6.6e-07,1550.0,0.001023
VIB/BTC,1609028742263,2020-12-27T00:25:42.263Z,buy,6.6e-07,571.0,0.00037686
VIB/BTC,1609029521074,2020-12-27T00:38:41.074Z,sell,6.5e-07,14588.0,0.0094822
VIB/BTC,1609029631635,2020-12-27T00:40:31.635Z,sell,6.5e-07,23000.0,0.01495
VIB/BTC,1609029645146,2020-12-27T00:40:45.146Z,sell,6.5e-07,130756.0,0.0849914
VIB/BTC,1609029710562,2020-12-27T00:41:50.562Z,sell,6.5e-07,717.0,0.00046605
VIB/BTC,1609030084111,2020-12-27T00:48:04.111Z,buy,6.6e-07,211.0,0.00013926
VIB/BTC,1609030534862,2020-12-27T00:55:34.862Z,buy,6.6e-07,250864.0,0.16557024
VIB/BTC,1609030534862,2020-12-27T00:55:34.862Z,buy,6.7e-07,613894.0,0.41130898
VIB/BTC,1609030534869,2020-12-27T00:55:34.869Z,sell,6.7e-07,11610.0,0.0077787
VIB/BTC,1609030534869,2020-12-27T00:55:34.869Z,sell,6.7e-07,11610.0,0.0077787
VIB/BTC,1609030534870,2020-12-27T00:55:34.870Z,sell,6.7e-07,2672.0,0.00179024
VIB/BTC,1609030534872,2020-12-27T00:55:34.872Z,sell,6.7e-07,2672.0,0.00179024
VIB/BTC,1609030534876,2020-12-27T00:55:34.876Z,sell,6.7e-07,8102.0,0.00542834
VIB/BTC,1609030534908,2020-12-27T00:55:34.908Z,sell,6.7e-07,11389.0,0.00763063
VIB/BTC,1609030535246,2020-12-27T00:55:35.246Z,sell,6.7e-07,1666.0,0.00111622
VIB/BTC,1609030536257,2020-12-27T00:55:36.257Z,sell,6.7e-07,7338.0,0.00491646
VIB/BTC,1609030536570,2020-12-27T00:55:36.570Z,sell,6.7e-07,3286.0,0.00220162
VIB/BTC,1609030537253,2020-12-27T00:55:37.253Z,sell,6.7e-07,1666.0,0.00111622
VIB/BTC,1609030546609,2020-12-27T00:55:46.609Z,sell,6.7e-07,3847.0,0.00257749
VIB/BTC,1609030555086,2020-12-27T00:55:55.086Z,sell,6.7e-07,5554.0,0.00372118
VIB/BTC,1609030558087,2020-12-27T00:55:58.087Z,buy,6.8e-07,51094.0,0.03474392
VIB/BTC,1609030594956,2020-12-27T00:56:34.956Z,buy,6.8e-07,6607.0,0.0044927599999999
VIB/BTC,1609030690147,2020-12-27T00:58:10.147Z,sell,6.7e-07,1047.0,0.00070149
VIB/BTC,1609030738364,2020-12-27T00:58:58.364Z,sell,6.7e-07,2668.0,0.00178756
VIB/BTC,1609030738364,2020-12-27T00:58:58.364Z,sell,6.7e-07,2668.0,0.00178756
VIB/BTC,1609030907263,2020-12-27T01:01:47.263Z,buy,6.8e-07,60531.0,0.0411610799999999
VIB/BTC,1609030907263,2020-12-27T01:01:47.263Z,buy,6.9e-07,163143.0,0.11256867
VIB/BTC,1609030907276,2020-12-27T01:01:47.276Z,sell,6.9e-07,39037.0,0.02693553
VIB/BTC,1609030907291,2020-12-27T01:01:47.291Z,sell,6.9e-07,1355.0,0.0009349499999999
VIB/BTC,1609030907349,2020-12-27T01:01:47.349Z,buy,7e-07,6614.0,0.0046298
VIB/BTC,1609030907407,2020-12-27T01:01:47.407Z,sell,6.9e-07,9447.0,0.0065184299999999
VIB/BTC,1609030908013,2020-12-27T01:01:48.013Z,sell,6.9e-07,1594.0,0.00109986
VIB/BTC,1609030909486,2020-12-27T01:01:49.486Z,sell,6.9e-07,705.0,0.00048645
VIB/BTC,1609030914386,2020-12-27T01:01:54.386Z,sell,6.9e-07,1797.0,0.00123993
VIB/BTC,1609030920303,2020-12-27T01:02:00.303Z,sell,6.9e-07,7829.0,0.00540201
VIB/BTC,1609030944144,2020-12-27T01:02:24.144Z,sell,6.9e-07,4000.0,0.00276
VIB/BTC,1609031001714,2020-12-27T01:03:21.714Z,sell,6.9e-07,2000.0,0.00138
VIB/BTC,1609031047972,2020-12-27T01:04:07.972Z,sell,6.9e-07,150.0,0.0001035
VIB/BTC,1609031077612,2020-12-27T01:04:37.612Z,sell,6.9e-07,2173.0,0.0014993699999999
VIB/BTC,1609031123819,2020-12-27T01:05:23.819Z,sell,6.9e-07,1001.0,0.00069069
VIB/BTC,1609031227912,2020-12-27T01:07:07.912Z,sell,6.9e-07,148.0,0.0001021199999999
VIB/BTC,1609031228716,2020-12-27T01:07:08.716Z,sell,6.9e-07,173.0,0.0001193699999999
VIB/BTC,1609031250505,2020-12-27T01:07:30.505Z,sell,6.9e-07,1769.0,0.00122061
VIB/BTC,1609031258589,2020-12-27T01:07:38.589Z,sell,6.9e-07,2498.0,0.00172362
VIB/BTC,1609031301605,2020-12-27T01:08:21.605Z,buy,7e-07,243.0,0.0001701
VIB/BTC,1609031316593,2020-12-27T01:08:36.593Z,buy,7e-07,205.0,0.0001435
VIB/BTC,1609031326185,2020-12-27T01:08:46.185Z,sell,6.9e-07,3515.0,0.0024253499999999
VIB/BTC,1609031436372,2020-12-27T01:10:36.372Z,sell,6.9e-07,993.0,0.0006851699999999
VIB/BTC,1609031439435,2020-12-27T01:10:39.435Z,sell,6.9e-07,4840.0,0.0033396
VIB/BTC,1609031452201,2020-12-27T01:10:52.201Z,sell,6.9e-07,12294.0,0.00848286
VIB/BTC,1609031455409,2020-12-27T01:10:55.409Z,sell,6.9e-07,9515.0,0.0065653499999999
VIB/BTC,1609031461346,2020-12-27T01:11:01.346Z,sell,6.9e-07,23247.0,0.0160404299999999
VIB/BTC,1609031472958,2020-12-27T01:11:12.958Z,sell,6.9e-07,2053.0,0.0014165699999999
VIB/BTC,1609031485379,2020-12-27T01:11:25.379Z,sell,6.9e-07,51042.0,0.03521898
VIB/BTC,1609031495414,2020-12-27T01:11:35.414Z,sell,6.9e-07,242.0,0.0001669799999999
VIB/BTC,1609031527622,2020-12-27T01:12:07.622Z,sell,6.9e-07,15000.0,0.01035
VIB/BTC,1609031556863,2020-12-27T01:12:36.863Z,sell,6.9e-07,360.0,0.0002483999999999
VIB/BTC,1609031773527,2020-12-27T01:16:13.527Z,sell,6.9e-07,20579.0,0.0141995099999999
VIB/BTC,1609031784458,2020-12-27T01:16:24.458Z,sell,6.8e-07,938.0,0.00063784
VIB/BTC,1609031822893,2020-12-27T01:17:02.893Z,buy,6.9e-07,50224.0,0.03465456
VIB/BTC,1609032638422,2020-12-27T01:30:38.422Z,sell,6.9e-07,2006.0,0.0013841399999999
VIB/BTC,1609032897011,2020-12-27T01:34:57.011Z,sell,6.9e-07,3983.0,0.0027482699999999
VIB/BTC,1609033030159,2020-12-27T01:37:10.159Z,sell,6.9e-07,7830.0,0.0054027
VIB/BTC,1609033055879,2020-12-27T01:37:35.879Z,buy,7e-07,44.0,3.08e-05
VIB/BTC,1609033746029,2020-12-27T01:49:06.029Z,sell,6.9e-07,2385.0,0.0016456499999999
VIB/BTC,1609034294328,2020-12-27T01:58:14.328Z,buy,7e-07,145.0,0.0001015
VIB/BTC,1609034294328,2020-12-27T01:58:14.328Z,buy,7e-07,145.0,0.0001015
VIB/BTC,1609035109702,2020-12-27T02:11:49.702Z,sell,6.9e-07,629.0,0.00043401
VIB/BTC,1609035229355,2020-12-27T02:13:49.355Z,sell,6.9e-07,445.0,0.0003070499999999
VIB/BTC,1609035319826,2020-12-27T02:15:19.826Z,sell,6.9e-07,46400.0,0.0320159999999999
VIB/BTC,1609035785866,2020-12-27T02:23:05.866Z,buy,7e-07,2000.0,0.0014
VIB/BTC,1609036937791,2020-12-27T02:42:17.791Z,buy,7e-07,3820.0,0.0026739999999999
VIB/BTC,1609037567758,2020-12-27T02:52:47.758Z,sell,6.9e-07,48452.0,0.03343188
VIB/BTC,1609037735707,2020-12-27T02:55:35.707Z,buy,7e-07,41.0,2.87e-05
VIB/BTC,1609037735707,2020-12-27T02:55:35.707Z,buy,7e-07,41.0,2.87e-05
VIB/BTC,1609038196555,2020-12-27T03:03:16.555Z,buy,7e-07,50.0,3.5e-05
VIB/BTC,1609038343697,2020-12-27T03:05:43.697Z,buy,7e-07,40875.0,0.0286125
VIB/BTC,1609038375399,2020-12-27T03:06:15.399Z,buy,7e-07,145.0,0.0001015
VIB/BTC,1609039109383,2020-12-27T03:18:29.383Z,buy,7e-07,145.0,0.0001015
VIB/BTC,1609039645518,2020-12-27T03:27:25.518Z,sell,6.9e-07,9172.0,0.00632868
VIB/BTC,1609040446141,2020-12-27T03:40:46.141Z,buy,7e-07,149.0,0.0001043
VIB/BTC,1609040523751,2020-12-27T03:42:03.751Z,sell,6.9e-07,205.0,0.00014145
VIB/BTC,1609041149880,2020-12-27T03:52:29.880Z,buy,7e-07,3724.0,0.0026068
VIB/BTC,1609041149880,2020-12-27T03:52:29.880Z,buy,7e-07,3724.0,0.0026068
VIB/BTC,1609042008927,2020-12-27T04:06:48.927Z,buy,7e-07,12557.0,0.0087899
VIB/BTC,1609042235699,2020-12-27T04:10:35.699Z,sell,7e-07,199.0,0.0001393
VIB/BTC,1609042537333,2020-12-27T04:15:37.333Z,buy,7.1e-07,43.0,3.053e-05
VIB/BTC,1609042581082,2020-12-27T04:16:21.082Z,buy,7.1e-07,5444.0,0.00386524
VIB/BTC,1609042581647,2020-12-27T04:16:21.647Z,buy,7.1e-07,221.0,0.00015691
VIB/BTC,1609042667414,2020-12-27T04:17:47.414Z,sell,7e-07,1326.0,0.0009282
VIB/BTC,1609042730171,2020-12-27T04:18:50.171Z,sell,7e-07,954.0,0.0006678
VIB/BTC,1609042865419,2020-12-27T04:21:05.419Z,sell,7e-07,143.0,0.0001001
VIB/BTC,1609043378354,2020-12-27T04:29:38.354Z,sell,7e-07,143.0,0.0001001
VIB/BTC,1609043782310,2020-12-27T04:36:22.310Z,sell,7e-07,929.0,0.0006502999999999
VIB/BTC,1609044298804,2020-12-27T04:44:58.804Z,buy,7.1e-07,7998.0,0.00567858
VIB/BTC,1609044495661,2020-12-27T04:48:15.661Z,sell,7e-07,1235.0,0.0008644999999999
VIB/BTC,1609044520995,2020-12-27T04:48:40.995Z,sell,7e-07,413610.0,0.289527
VIB/BTC,1609044520995,2020-12-27T04:48:40.995Z,sell,7e-07,413610.0,0.289527
VIB/BTC,1609045179566,2020-12-27T04:59:39.566Z,buy,7e-07,10000.0,0.0069999999999999
VIB/BTC,1609045246996,2020-12-27T05:00:46.996Z,sell,6.9e-07,547.0,0.00037743
VIB/BTC,1609045572218,2020-12-27T05:06:12.218Z,sell,6.9e-07,12935.0,0.00892515
VIB/BTC,1609045651330,2020-12-27T05:07:31.330Z,buy,7e-07,13750.0,0.009625
VIB/BTC,1609045895673,2020-12-27T05:11:35.673Z,sell,6.9e-07,1869.0,0.0012896099999999
VIB/BTC,1609046921189,2020-12-27T05:28:41.189Z,buy,7e-07,47.0,3.29e-05
VIB/BTC,1609047184160,2020-12-27T05:33:04.160Z,buy,7e-07,7908.0,0.0055356
VIB/BTC,1609047377015,2020-12-27T05:36:17.015Z,sell,6.9e-07,3397.0,0.0023439299999999
VIB/BTC,1609047472453,2020-12-27T05:37:52.453Z,sell,6.9e-07,2751.0,0.00189819
VIB/BTC,1609047472453,2020-12-27T05:37:52.453Z,sell,6.9e-07,2751.0,0.00189819
VIB/BTC,1609048647570,2020-12-27T05:57:27.570Z,buy,7e-07,557.0,0.0003899
VIB/BTC,1609048647570,2020-12-27T05:57:27.570Z,buy,7e-07,557.0,0.0003899
VIB/BTC,1609048647570,2020-12-27T05:57:27.570Z,buy,7e-07,557.0,0.0003899
VIB/BTC,1609048647571,2020-12-27T05:57:27.571Z,buy,7e-07,557.0,0.0003899
VIB/BTC,1609048647571,2020-12-27T05:57:27.571Z,buy,7e-07,557.0,0.0003899
VIB/BTC,1609048647571,2020-12-27T05:57:27.571Z,buy,7e-07,557.0,0.0003899
VIB/BTC,1609048647571,2020-12-27T05:57:27.571Z,buy,7e-07,557.0,0.0003899
VIB/BTC,1609048647571,2020-12-27T05:57:27.571Z,buy,7e-07,557.0,0.0003899
VIB/BTC,1609048647572,2020-12-27T05:57:27.572Z,buy,7e-07,557.0,0.0003899
VIB/BTC,1609048647572,2020-12-27T05:57:27.572Z,buy,7e-07,557.0,0.0003899
VIB/BTC,1609048647572,2020-12-27T05:57:27.572Z,buy,7e-07,557.0,0.0003899
VIB/BTC,1609048647573,2020-12-27T05:57:27.573Z,buy,7e-07,557.0,0.0003899
VIB/BTC,1609048647573,2020-12-27T05:57:27.573Z,buy,7e-07,557.0,0.0003899
VIB/BTC,1609048647573,2020-12-27T05:57:27.573Z,buy,7e-07,557.0,0.0003899
VIB/BTC,1609048647573,2020-12-27T05:57:27.573Z,buy,7e-07,557.0,0.0003899
VIB/BTC,1609048647573,2020-12-27T05:57:27.573Z,buy,7e-07,557.0,0.0003899
VIB/BTC,1609048647573,2020-12-27T05:57:27.573Z,buy,7e-07,557.0,0.0003899
VIB/BTC,1609048647573,2020-12-27T05:57:27.573Z,buy,7e-07,557.0,0.0003899
VIB/BTC,1609048647574,2020-12-27T05:57:27.574Z,buy,7e-07,557.0,0.0003899
VIB/BTC,1609048647575,2020-12-27T05:57:27.575Z,buy,7e-07,557.0,0.0003899
VIB/BTC,1609048647575,2020-12-27T05:57:27.575Z,buy,7e-07,557.0,0.0003899
VIB/BTC,1609048647575,2020-12-27T05:57:27.575Z,buy,7e-07,557.0,0.0003899
VIB/BTC,1609048647576,2020-12-27T05:57:27.576Z,buy,7e-07,557.0,0.0003899
VIB/BTC,1609048647576,2020-12-27T05:57:27.576Z,buy,7e-07,557.0,0.0003899
VIB/BTC,1609048647576,2020-12-27T05:57:27.576Z,buy,7e-07,557.0,0.0003899
VIB/BTC,1609048647576,2020-12-27T05:57:27.576Z,buy,7e-07,557.0,0.0003899
VIB/BTC,1609048647576,2020-12-27T05:57:27.576Z,buy,7e-07,557.0,0.0003899
VIB/BTC,1609048647576,2020-12-27T05:57:27.576Z,buy,7e-07,557.0,0.0003899
VIB/BTC,1609048647576,2020-12-27T05:57:27.576Z,buy,7e-07,557.0,0.0003899
VIB/BTC,1609048647576,2020-12-27T05:57:27.576Z,buy,7e-07,557.0,0.0003899
VIB/BTC,1609048647576,2020-12-27T05:57:27.576Z,buy,7e-07,557.0,0.0003899
VIB/BTC,1609048647577,2020-12-27T05:57:27.577Z,buy,7e-07,557.0,0.0003899
VIB/BTC,1609048647577,2020-12-27T05:57:27.577Z,buy,7e-07,557.0,0.0003899
VIB/BTC,1609048647577,2020-12-27T05:57:27.577Z,buy,7e-07,557.0,0.0003899
VIB/BTC,1609048647577,2020-12-27T05:57:27.577Z,buy,7e-07,557.0,0.0003899
VIB/BTC,1609048647578,2020-12-27T05:57:27.578Z,buy,7e-07,557.0,0.0003899
VIB/BTC,1609048647578,2020-12-27T05:57:27.578Z,buy,7e-07,557.0,0.0003899
VIB/BTC,1609048647578,2020-12-27T05:57:27.578Z,buy,7e-07,557.0,0.0003899
VIB/BTC,1609048647578,2020-12-27T05:57:27.578Z,buy,7e-07,557.0,0.0003899
VIB/BTC,1609048647578,2020-12-27T05:57:27.578Z,buy,7e-07,557.0,0.0003899
VIB/BTC,1609048647578,2020-12-27T05:57:27.578Z,buy,7e-07,557.0,0.0003899
VIB/BTC,1609048647578,2020-12-27T05:57:27.578Z,buy,7e-07,557.0,0.0003899
VIB/BTC,1609048647580,2020-12-27T05:57:27.580Z,buy,7e-07,557.0,0.0003899
VIB/BTC,1609048647582,2020-12-27T05:57:27.582Z,buy,7e-07,557.0,0.0003899
VIB/BTC,1609048647583,2020-12-27T05:57:27.583Z,buy,7e-07,557.0,0.0003899
VIB/BTC,1609048881888,2020-12-27T06:01:21.888Z,buy,7e-07,1347.0,0.0009429
VIB/BTC,1609048907904,2020-12-27T06:01:47.904Z,buy,7e-07,45.0,3.15e-05
VIB/BTC,1609049094388,2020-12-27T06:04:54.388Z,sell,6.9e-07,279.0,0.0001925099999999
VIB/BTC,1609049143291,2020-12-27T06:05:43.291Z,sell,6.9e-07,499.0,0.0003443099999999
VIB/BTC,1609049685147,2020-12-27T06:14:45.147Z,sell,6.9e-07,6051.0,0.00417519
VIB/BTC,1609049979438,2020-12-27T06:19:39.438Z,sell,6.9e-07,161.0,0.00011109
VIB/BTC,1609050492330,2020-12-27T06:28:12.330Z,buy,7e-07,47.0,3.29e-05
VIB/BTC,1609050582411,2020-12-27T06:29:42.411Z,sell,6.9e-07,968.0,0.0006679199999999
VIB/BTC,1609050582422,2020-12-27T06:29:42.422Z,sell,6.9e-07,387.0,0.0002670299999999
VIB/BTC,1609050587402,2020-12-27T06:29:47.402Z,sell,6.9e-07,1560.0,0.0010764
VIB/BTC,1609050638675,2020-12-27T06:30:38.675Z,sell,6.9e-07,4290.0,0.0029601
VIB/BTC,1609050695838,2020-12-27T06:31:35.838Z,sell,6.9e-07,4310.0,0.0029739
VIB/BTC,1609050698767,2020-12-27T06:31:38.767Z,sell,6.9e-07,4304.0,0.0029697599999999
VIB/BTC,1609050866971,2020-12-27T06:34:26.971Z,buy,7e-07,47.0,3.29e-05
VIB/BTC,1609050949086,2020-12-27T06:35:49.086Z,sell,6.9e-07,47043.0,0.0324596699999999
VIB/BTC,1609050999081,2020-12-27T06:36:39.081Z,buy,7e-07,44.0,3.08e-05
VIB/BTC,1609051040786,2020-12-27T06:37:20.786Z,sell,6.9e-07,13177.0,0.0090921299999999
VIB/BTC,1609051063295,2020-12-27T06:37:43.295Z,sell,6.9e-07,199.0,0.00013731
VIB/BTC,1609051063295,2020-12-27T06:37:43.295Z,sell,6.9e-07,199.0,0.00013731
VIB/BTC,1609051170424,2020-12-27T06:39:30.424Z,sell,6.9e-07,23364.0,0.01612116
VIB/BTC,1609051196484,2020-12-27T06:39:56.484Z,sell,6.9e-07,36000.0,0.0248399999999999
VIB/BTC,1609051395680,2020-12-27T06:43:15.680Z,sell,6.9e-07,162.0,0.0001117799999999
VIB/BTC,1609051459980,2020-12-27T06:44:19.980Z,buy,6.9e-07,5486.0,0.00378534
VIB/BTC,1609051520897,2020-12-27T06:45:20.897Z,buy,7e-07,20000.0,0.0139999999999999
VIB/BTC,1609051572312,2020-12-27T06:46:12.312Z,sell,6.9e-07,11911.0,0.00821859
VIB/BTC,1609051630709,2020-12-27T06:47:10.709Z,sell,6.8e-07,34731.0,0.02361708
VIB/BTC,1609051813608,2020-12-27T06:50:13.608Z,sell,6.8e-07,28440.0,0.0193391999999999
VIB/BTC,1609051854674,2020-12-27T06:50:54.674Z,sell,6.8e-07,1799.0,0.00122332
VIB/BTC,1609051863800,2020-12-27T06:51:03.800Z,sell,6.8e-07,2841.0,0.0019318799999999
VIB/BTC,1609051877823,2020-12-27T06:51:17.823Z,sell,6.8e-07,19575.0,0.0133109999999999
VIB/BTC,1609051920570,2020-12-27T06:52:00.570Z,sell,6.8e-07,65800.0,0.044744
VIB/BTC,1609052001494,2020-12-27T06:53:21.494Z,sell,6.7e-07,42549.0,0.02850783
VIB/BTC,1609052056096,2020-12-27T06:54:16.096Z,sell,6.7e-07,3500.0,0.002345
VIB/BTC,1609052210672,2020-12-27T06:56:50.672Z,sell,6.7e-07,17945.0,0.01202315
VIB/BTC,1609052305321,2020-12-27T06:58:25.321Z,sell,6.7e-07,4433.0,0.00297011
VIB/BTC,1609052351059,2020-12-27T06:59:11.059Z,sell,6.7e-07,4439.0,0.00297413
VIB/BTC,1609052802831,2020-12-27T07:06:42.831Z,sell,6.7e-07,218.0,0.00014606
VIB/BTC,1609053041614,2020-12-27T07:10:41.614Z,buy,6.8e-07,235.0,0.0001597999999999
VIB/BTC,1609053255433,2020-12-27T07:14:15.433Z,buy,6.8e-07,1919.0,0.00130492
VIB/BTC,1609053530102,2020-12-27T07:18:50.102Z,sell,6.7e-07,1844.0,0.00123548
VIB/BTC,1609054115689,2020-12-27T07:28:35.689Z,sell,6.7e-07,155.0,0.00010385
VIB/BTC,1609054173254,2020-12-27T07:29:33.254Z,sell,6.7e-07,21505.0,0.01440835
VIB/BTC,1609054491277,2020-12-27T07:34:51.277Z,sell,6.7e-07,25460.0,0.0170582
VIB/BTC,1609054491277,2020-12-27T07:34:51.277Z,sell,6.7e-07,25460.0,0.0170582
VIB/BTC,1609054820023,2020-12-27T07:40:20.023Z,buy,6.8e-07,46.0,3.128e-05
VIB/BTC,1609054838213,2020-12-27T07:40:38.213Z,buy,6.8e-07,15054.0,0.01023672
VIB/BTC,1609054839521,2020-12-27T07:40:39.521Z,sell,6.7e-07,24186.0,0.01620462
VIB/BTC,1609055042409,2020-12-27T07:44:02.409Z,sell,6.7e-07,11761.0,0.00787987
VIB/BTC,1609055095983,2020-12-27T07:44:55.983Z,sell,6.7e-07,10000.0,0.0067
VIB/BTC,1609055149440,2020-12-27T07:45:49.440Z,buy,6.8e-07,2100.0,0.0014279999999999
VIB/BTC,1609055325666,2020-12-27T07:48:45.666Z,sell,6.7e-07,1917.0,0.00128439
VIB/BTC,1609055373022,2020-12-27T07:49:33.022Z,sell,6.7e-07,1574.0,0.00105458
VIB/BTC,1609055436620,2020-12-27T07:50:36.620Z,sell,6.6e-07,4275.0,0.0028215
VIB/BTC,1609055473550,2020-12-27T07:51:13.550Z,buy,6.7e-07,3865.0,0.00258955
VIB/BTC,1609055611903,2020-12-27T07:53:31.903Z,buy,6.7e-07,39537.0,0.02648979
VIB/BTC,1609055894037,2020-12-27T07:58:14.037Z,sell,6.6e-07,65013.0,0.04290858
VIB/BTC,1609055894043,2020-12-27T07:58:14.043Z,buy,6.6e-07,25003.0,0.01650198
VIB/BTC,1609055894046,2020-12-27T07:58:14.046Z,buy,6.6e-07,1640.0,0.0010824
VIB/BTC,1609055906650,2020-12-27T07:58:26.650Z,buy,6.6e-07,360.0,0.0002376
VIB/BTC,1609056008407,2020-12-27T08:00:08.407Z,buy,6.6e-07,152.0,0.00010032
VIB/BTC,1609056070812,2020-12-27T08:01:10.812Z,buy,6.6e-07,304.0,0.00020064
VIB/BTC,1609056184301,2020-12-27T08:03:04.301Z,sell,6.5e-07,312.0,0.0002028
VIB/BTC,1609056300815,2020-12-27T08:05:00.815Z,sell,6.5e-07,7990.0,0.0051935
VIB/BTC,1609056426317,2020-12-27T08:07:06.317Z,sell,6.5e-07,15039.0,0.00977535
VIB/BTC,1609056476980,2020-12-27T08:07:56.980Z,sell,6.5e-07,9058.0,0.0058877
VIB/BTC,1609056493040,2020-12-27T08:08:13.040Z,sell,6.4e-07,2012.0,0.00128768
VIB/BTC,1609056496705,2020-12-27T08:08:16.705Z,buy,6.5e-07,4200.0,0.00273
VIB/BTC,1609056879113,2020-12-27T08:14:39.113Z,buy,6.6e-07,287.0,0.00018942
VIB/BTC,1609057726754,2020-12-27T08:28:46.754Z,sell,6.5e-07,301.0,0.00019565
VIB/BTC,1609057726754,2020-12-27T08:28:46.754Z,sell,6.5e-07,301.0,0.00019565
VIB/BTC,1609058324870,2020-12-27T08:38:44.870Z,buy,6.6e-07,27256.0,0.01798896
VIB/BTC,1609058427058,2020-12-27T08:40:27.058Z,buy,6.6e-07,420828.0,0.27774648
VIB/BTC,1609058427086,2020-12-27T08:40:27.086Z,sell,6.6e-07,82.0,5.412e-05
VIB/BTC,1609058429442,2020-12-27T08:40:29.442Z,buy,6.6e-07,282847.0,0.18667902
VIB/BTC,1609058433077,2020-12-27T08:40:33.077Z,buy,6.6e-07,37908.0,0.02501928
VIB/BTC,1609058445926,2020-12-27T08:40:45.926Z,buy,6.7e-07,204515.0,0.13702505
VIB/BTC,1609058445931,2020-12-27T08:40:45.931Z,sell,6.7e-07,9565.0,0.00640855
VIB/BTC,1609058445932,2020-12-27T08:40:45.932Z,sell,6.7e-07,9565.0,0.00640855
VIB/BTC,1609058445934,2020-12-27T08:40:45.934Z,sell,6.7e-07,19130.0,0.0128171
VIB/BTC,1609058445943,2020-12-27T08:40:45.943Z,sell,6.7e-07,8960.0,0.0060032
VIB/BTC,1609058446063,2020-12-27T08:40:46.063Z,sell,6.7e-07,1626.0,0.00108942
VIB/BTC,1609058449155,2020-12-27T08:40:49.155Z,sell,6.7e-07,273070.0,0.1829569
VIB/BTC,1609058453319,2020-12-27T08:40:53.319Z,buy,6.7e-07,530430.0,0.3553881
VIB/BTC,1609058458022,2020-12-27T08:40:58.022Z,buy,6.7e-07,319309.0,0.21393703
VIB/BTC,1609058462964,2020-12-27T08:41:02.964Z,buy,6.7e-07,478964.0,0.32090588
VIB/BTC,1609058467406,2020-12-27T08:41:07.406Z,buy,6.7e-07,371287.0,0.24876229
VIB/BTC,1609058473807,2020-12-27T08:41:13.807Z,buy,6.7e-07,460659.0,0.30864153
VIB/BTC,1609058477595,2020-12-27T08:41:17.595Z,buy,6.7e-07,49660.0,0.0332722
VIB/BTC,1609058517486,2020-12-27T08:41:57.486Z,sell,6.7e-07,150829.0,0.10105543
VIB/BTC,1609058519941,2020-12-27T08:41:59.941Z,sell,6.7e-07,116171.0,0.07783457
VIB/BTC,1609058525358,2020-12-27T08:42:05.358Z,buy,6.7e-07,4439.0,0.00297413
VIB/BTC,1609058724014,2020-12-27T08:45:24.014Z,buy,6.7e-07,43116.0,0.02888772
VIB/BTC,1609058728615,2020-12-27T08:45:28.615Z,sell,6.7e-07,85838.0,0.05751146
VIB/BTC,1609058735119,2020-12-27T08:45:35.119Z,sell,6.7e-07,4644.0,0.00311148
VIB/BTC,1609058735119,2020-12-27T08:45:35.119Z,sell,6.6e-07,37305.0,0.0246213
VIB/BTC,1609058741314,2020-12-27T08:45:41.314Z,sell,6.6e-07,19694.0,0.01299804
VIB/BTC,1609058764864,2020-12-27T08:46:04.864Z,buy,6.7e-07,326092.0,0.21848164
VIB/BTC,1609058769733,2020-12-27T08:46:09.733Z,buy,6.7e-07,340163.0,0.22790921
VIB/BTC,1609058771988,2020-12-27T08:46:11.988Z,sell,6.7e-07,129513.0,0.08677371
VIB/BTC,1609058775012,2020-12-27T08:46:15.012Z,buy,6.7e-07,197743.0,0.13248781
VIB/BTC,1609058777309,2020-12-27T08:46:17.309Z,sell,6.7e-07,77357.0,0.05182919
VIB/BTC,1609058779350,2020-12-27T08:46:19.350Z,buy,6.7e-07,223330.0,0.1496311
VIB/BTC,1609058782253,2020-12-27T08:46:22.253Z,sell,6.7e-07,278174.0,0.18637658
VIB/BTC,1609058785435,2020-12-27T08:46:25.435Z,buy,6.7e-07,44669.0,0.02992823
VIB/BTC,1609058787717,2020-12-27T08:46:27.717Z,sell,6.7e-07,164602.0,0.11028334
VIB/BTC,1609058789363,2020-12-27T08:46:29.363Z,sell,6.7e-07,176182.0,0.11804194
VIB/BTC,1609058790631,2020-12-27T08:46:30.631Z,sell,6.7e-07,151368.0,0.10141656
VIB/BTC,1609058792039,2020-12-27T08:46:32.039Z,sell,6.7e-07,161293.0,0.10806631
VIB/BTC,1609058793277,2020-12-27T08:46:33.277Z,sell,6.7e-07,154676.0,0.10363292
VIB/BTC,1609058794270,2020-12-27T08:46:34.270Z,sell,6.7e-07,149092.0,0.09989164
VIB/BTC,1609058799857,2020-12-27T08:46:39.857Z,buy,6.7e-07,256319.0,0.17173373
VIB/BTC,1609058802369,2020-12-27T08:46:42.369Z,sell,6.7e-07,382323.0,0.25615641
VIB/BTC,1609058803845,2020-12-27T08:46:43.845Z,sell,6.7e-07,90071.0,0.06034757
VIB/BTC,1609058807478,2020-12-27T08:46:47.478Z,buy,6.7e-07,321709.0,0.21554503
VIB/BTC,1609058810389,2020-12-27T08:46:50.389Z,sell,6.7e-07,55800.0,0.037386
VIB/BTC,1609058812613,2020-12-27T08:46:52.613Z,buy,6.7e-07,351374.0,0.23542058
VIB/BTC,1609059043813,2020-12-27T08:50:43.813Z,sell,6.7e-07,4478.0,0.00300026
VIB/BTC,1609059043817,2020-12-27T08:50:43.817Z,buy,6.7e-07,21329.0,0.01429043
VIB/BTC,1609059518552,2020-12-27T08:58:38.552Z,sell,6.7e-07,9717.0,0.00651039
VIB/BTC,1609059620223,2020-12-27T09:00:20.223Z,sell,6.7e-07,7927.0,0.00531109
VIB/BTC,1609059656735,2020-12-27T09:00:56.735Z,sell,6.7e-07,1345.0,0.00090115
VIB/BTC,1609059671479,2020-12-27T09:01:11.479Z,sell,6.7e-07,6187.0,0.00414529
VIB/BTC,1609059837600,2020-12-27T09:03:57.600Z,sell,6.7e-07,161.0,0.00010787
VIB/BTC,1609059912206,2020-12-27T09:05:12.206Z,buy,6.8e-07,404857.0,0.27530276
VIB/BTC,1609059912214,2020-12-27T09:05:12.214Z,sell,6.8e-07,191.0,0.00012988
VIB/BTC,1609059912309,2020-12-27T09:05:12.309Z,sell,6.8e-07,5727.0,0.0038943599999999
VIB/BTC,1609059914507,2020-12-27T09:05:14.507Z,sell,6.8e-07,340086.0,0.23125848
VIB/BTC,1609059915223,2020-12-27T09:05:15.223Z,buy,6.8e-07,53203.0,0.0361780399999999
VIB/BTC,1609059917034,2020-12-27T09:05:17.034Z,buy,6.8e-07,38284.0,0.0260331199999999
VIB/BTC,1609059917207,2020-12-27T09:05:17.207Z,sell,6.8e-07,587.0,0.0003991599999999
VIB/BTC,1609059919480,2020-12-27T09:05:19.480Z,sell,6.8e-07,364724.0,0.2480123199999999
VIB/BTC,1609059921299,2020-12-27T09:05:21.299Z,sell,6.8e-07,277393.0,0.1886272399999999
VIB/BTC,1609059921399,2020-12-27T09:05:21.399Z,buy,6.8e-07,48075.0,0.032691
VIB/BTC,1609059921611,2020-12-27T09:05:21.611Z,buy,6.8e-07,4412.0,0.00300016
VIB/BTC,1609059924282,2020-12-27T09:05:24.282Z,buy,6.8e-07,45663.0,0.0310508399999999
VIB/BTC,1609059926209,2020-12-27T09:05:26.209Z,sell,6.8e-07,309878.0,0.21071704
VIB/BTC,1609059927616,2020-12-27T09:05:27.616Z,sell,6.8e-07,6760.0,0.0045968
VIB/BTC,1609059929550,2020-12-27T09:05:29.550Z,buy,6.8e-07,298470.0,0.2029596
VIB/BTC,1609059931544,2020-12-27T09:05:31.544Z,sell,6.8e-07,211092.0,0.1435425599999999
VIB/BTC,1609059936107,2020-12-27T09:05:36.107Z,buy,6.8e-07,317998.0,0.2162386399999999
VIB/BTC,1609059938701,2020-12-27T09:05:38.701Z,sell,6.8e-07,187209.0,0.12730212
VIB/BTC,1609059942082,2020-12-27T09:05:42.082Z,buy,6.8e-07,142811.0,0.0971114799999999
VIB/BTC,1609059944285,2020-12-27T09:05:44.285Z,sell,6.8e-07,281989.0,0.1917525199999999
VIB/BTC,1609059959119,2020-12-27T09:05:59.119Z,sell,6.8e-07,58877.0,0.04003636
VIB/BTC,1609059967932,2020-12-27T09:06:07.932Z,sell,6.8e-07,150.0,0.0001019999999999
VIB/BTC,1609059983882,2020-12-27T09:06:23.882Z,sell,6.8e-07,18135.0,0.0123317999999999
VIB/BTC,1609059997898,2020-12-27T09:06:37.898Z,sell,6.8e-07,360.0,0.0002448
VIB/BTC,1609060021397,2020-12-27T09:07:01.397Z,sell,6.8e-07,51909.0,0.0352981199999999
VIB/BTC,1609060041171,2020-12-27T09:07:21.171Z,buy,6.8e-07,588.0,0.00039984
VIB/BTC,1609060100181,2020-12-27T09:08:20.181Z,buy,6.8e-07,45257.0,0.0307747599999999
VIB/BTC,1609060185324,2020-12-27T09:09:45.324Z,sell,6.7e-07,28750.0,0.0192625
VIB/BTC,1609060237706,2020-12-27T09:10:37.706Z,sell,6.7e-07,366.0,0.00024522
VIB/BTC,1609060382689,2020-12-27T09:13:02.689Z,sell,6.7e-07,6801.0,0.00455667
VIB/BTC,1609060574393,2020-12-27T09:16:14.393Z,buy,6.8e-07,2918.0,0.00198424
VIB/BTC,1609060574393,2020-12-27T09:16:14.393Z,buy,6.8e-07,2918.0,0.00198424
VIB/BTC,1609062519211,2020-12-27T09:48:39.211Z,sell,6.7e-07,9127.0,0.00611509
VIB/BTC,1609062598694,2020-12-27T09:49:58.694Z,sell,6.7e-07,5274.0,0.00353358
VIB/BTC,1609062598694,2020-12-27T09:49:58.694Z,sell,6.7e-07,5274.0,0.00353358
VIB/BTC,1609064234370,2020-12-27T10:17:14.370Z,sell,6.7e-07,65666.0,0.04399622
VIB/BTC,1609064542011,2020-12-27T10:22:22.011Z,sell,6.7e-07,389.0,0.00026063
VIB/BTC,1609064555486,2020-12-27T10:22:35.486Z,buy,6.8e-07,80000.0,0.0544
VIB/BTC,1609064794327,2020-12-27T10:26:34.327Z,sell,6.7e-07,936.0,0.00062712
VIB/BTC,1609064812170,2020-12-27T10:26:52.170Z,buy,6.8e-07,38262.0,0.02601816
VIB/BTC,1609065936668,2020-12-27T10:45:36.668Z,buy,6.8e-07,229.0,0.0001557199999999
VIB/BTC,1609065936668,2020-12-27T10:45:36.668Z,buy,6.8e-07,229.0,0.0001557199999999
VIB/BTC,1609066360531,2020-12-27T10:52:40.531Z,buy,6.8e-07,3000.0,0.0020399999999999
VIB/BTC,1609066379825,2020-12-27T10:52:59.825Z,sell,6.7e-07,3000.0,0.00201
VIB/BTC,1609067438357,2020-12-27T11:10:38.357Z,sell,6.7e-07,211.0,0.00014137
VIB/BTC,1609067438405,2020-12-27T11:10:38.405Z,sell,6.7e-07,20510.0,0.0137417
VIB/BTC,1609067442471,2020-12-27T11:10:42.471Z,sell,6.7e-07,178700.0,0.119729
VIB/BTC,1609067447153,2020-12-27T11:10:47.153Z,sell,6.7e-07,33953.0,0.02274851
VIB/BTC,1609067479029,2020-12-27T11:11:19.029Z,sell,6.7e-07,68851.0,0.04613017
VIB/BTC,1609067524800,2020-12-27T11:12:04.800Z,sell,6.6e-07,4418.0,0.00291588
VIB/BTC,1609067675210,2020-12-27T11:14:35.210Z,sell,6.6e-07,2777.0,0.00183282
VIB/BTC,1609067956653,2020-12-27T11:19:16.653Z,buy,6.7e-07,4976.0,0.00333392
VIB/BTC,1609068289955,2020-12-27T11:24:49.955Z,sell,6.6e-07,94565.0,0.0624129
VIB/BTC,1609068300414,2020-12-27T11:25:00.414Z,buy,6.6e-07,66104.0,0.04362864
VIB/BTC,1609068464355,2020-12-27T11:27:44.355Z,sell,6.5e-07,9997.0,0.00649805
VIB/BTC,1609068495163,2020-12-27T11:28:15.163Z,buy,6.6e-07,11897.0,0.00785202
VIB/BTC,1609068662379,2020-12-27T11:31:02.379Z,buy,6.7e-07,152.0,0.00010184
VIB/BTC,1609068723950,2020-12-27T11:32:03.950Z,buy,6.7e-07,152.0,0.00010184
VIB/BTC,1609068811509,2020-12-27T11:33:31.509Z,buy,6.7e-07,5740.0,0.0038458
VIB/BTC,1609068864917,2020-12-27T11:34:24.917Z,buy,6.7e-07,12525.0,0.00839175
VIB/BTC,1609069004915,2020-12-27T11:36:44.915Z,sell,6.6e-07,8000.0,0.00528
VIB/BTC,1609069011126,2020-12-27T11:36:51.126Z,buy,6.7e-07,204065.0,0.13672355
VIB/BTC,1609069102321,2020-12-27T11:38:22.321Z,buy,6.7e-07,566.0,0.00037922
VIB/BTC,1609069111933,2020-12-27T11:38:31.933Z,buy,6.7e-07,4306.0,0.00288502
VIB/BTC,1609069163167,2020-12-27T11:39:23.167Z,sell,6.6e-07,4501.0,0.00297066
VIB/BTC,1609069174024,2020-12-27T11:39:34.024Z,sell,6.6e-07,4439.0,0.00292974
VIB/BTC,1609069234888,2020-12-27T11:40:34.888Z,buy,6.7e-07,23881.0,0.01600027
VIB/BTC,1609069288641,2020-12-27T11:41:28.641Z,sell,6.6e-07,5734.0,0.00378444
VIB/BTC,1609069375415,2020-12-27T11:42:55.415Z,sell,6.6e-07,214332.0,0.14145912
VIB/BTC,1609069376549,2020-12-27T11:42:56.549Z,sell,6.6e-07,12959.0,0.00855294
VIB/BTC,1609069376792,2020-12-27T11:42:56.792Z,buy,6.6e-07,3475.0,0.0022935
VIB/BTC,1609069377110,2020-12-27T11:42:57.110Z,buy,6.6e-07,4563.0,0.00301158
VIB/BTC,1609069379317,2020-12-27T11:42:59.317Z,buy,6.6e-07,3180.0,0.0020988
VIB/BTC,1609069394463,2020-12-27T11:43:14.463Z,buy,6.7e-07,85857.0,0.05752419
VIB/BTC,1609069397962,2020-12-27T11:43:17.962Z,buy,6.7e-07,138557.0,0.09283319
VIB/BTC,1609069405075,2020-12-27T11:43:25.075Z,buy,6.7e-07,307.0,0.00020569
VIB/BTC,1609069413286,2020-12-27T11:43:33.286Z,buy,6.7e-07,7918.0,0.00530506
VIB/BTC,1609069460620,2020-12-27T11:44:20.620Z,buy,6.7e-07,31321.0,0.02098507
VIB/BTC,1609069460620,2020-12-27T11:44:20.620Z,buy,6.8e-07,42862.0,0.0291461599999999
VIB/BTC,1609069532616,2020-12-27T11:45:32.616Z,sell,6.7e-07,4465.0,0.00299155
VIB/BTC,1609069532616,2020-12-27T11:45:32.616Z,sell,6.7e-07,4465.0,0.00299155
VIB/BTC,1609069639778,2020-12-27T11:47:19.778Z,buy,6.8e-07,50846.0,0.03457528
VIB/BTC,1609069712090,2020-12-27T11:48:32.090Z,buy,6.8e-07,11104.0,0.0075507199999999
VIB/BTC,1609069737840,2020-12-27T11:48:57.840Z,buy,6.8e-07,2956.0,0.00201008
VIB/BTC,1609069810190,2020-12-27T11:50:10.190Z,sell,6.7e-07,714.0,0.00047838
VIB/BTC,1609070006579,2020-12-27T11:53:26.579Z,sell,6.7e-07,42913.0,0.02875171
VIB/BTC,1609070277496,2020-12-27T11:57:57.496Z,buy,6.7e-07,42048.0,0.02817216
VIB/BTC,1609070374497,2020-12-27T11:59:34.497Z,buy,6.8e-07,18154.0,0.0123447199999999
VIB/BTC,1609070752213,2020-12-27T12:05:52.213Z,buy,6.8e-07,1501.0,0.00102068
VIB/BTC,1609071134603,2020-12-27T12:12:14.603Z,sell,6.7e-07,48185.0,0.03228395
VIB/BTC,1609071134772,2020-12-27T12:12:14.772Z,buy,6.7e-07,4648.0,0.00311416
VIB/BTC,1609071144149,2020-12-27T12:12:24.149Z,buy,6.7e-07,479.0,0.00032093
VIB/BTC,1609071144194,2020-12-27T12:12:24.194Z,buy,6.7e-07,1398.0,0.00093666
VIB/BTC,1609071144483,2020-12-27T12:12:24.483Z,buy,6.7e-07,465.0,0.00031155
VIB/BTC,1609071144874,2020-12-27T12:12:24.874Z,buy,6.7e-07,2217.0,0.00148539
VIB/BTC,1609071669136,2020-12-27T12:21:09.136Z,sell,6.7e-07,23948.0,0.01604516
VIB/BTC,1609071704997,2020-12-27T12:21:44.997Z,buy,6.8e-07,616.0,0.0004188799999999
VIB/BTC,1609071781471,2020-12-27T12:23:01.471Z,sell,6.7e-07,10000.0,0.0067
VIB/BTC,1609072289077,2020-12-27T12:31:29.077Z,sell,6.7e-07,54440.0,0.0364748
VIB/BTC,1609072473790,2020-12-27T12:34:33.790Z,sell,6.7e-07,565.0,0.00037855
VIB/BTC,1609072513838,2020-12-27T12:35:13.838Z,sell,6.7e-07,2616.0,0.00175272
VIB/BTC,1609073087639,2020-12-27T12:44:47.639Z,sell,6.7e-07,8561.0,0.00573587
VIB/BTC,1609073087639,2020-12-27T12:44:47.639Z,sell,6.7e-07,8561.0,0.00573587
VIB/BTC,1609073176286,2020-12-27T12:46:16.286Z,sell,6.7e-07,19980.0,0.0133866
VIB/BTC,1609073734522,2020-12-27T12:55:34.522Z,sell,6.7e-07,1201.0,0.00080467
VIB/BTC,1609073960749,2020-12-27T12:59:20.749Z,sell,6.7e-07,2207.0,0.00147869
VIB/BTC,1609074063520,2020-12-27T13:01:03.520Z,sell,6.7e-07,159942.0,0.10716114
VIB/BTC,1609074123001,2020-12-27T13:02:03.001Z,buy,6.7e-07,3515.0,0.00235505
VIB/BTC,1609074185477,2020-12-27T13:03:05.477Z,buy,6.7e-07,5146.0,0.00344782
VIB/BTC,1609074444399,2020-12-27T13:07:24.399Z,sell,6.6e-07,155616.0,0.10270656
VIB/BTC,1609074444399,2020-12-27T13:07:24.399Z,sell,6.6e-07,615.0,0.0004059
VIB/BTC,1609075589023,2020-12-27T13:26:29.023Z,sell,6.6e-07,68114.0,0.04495524
VIB/BTC,1609075862162,2020-12-27T13:31:02.162Z,buy,6.7e-07,93102.0,0.06237834
VIB/BTC,1609075877526,2020-12-27T13:31:17.526Z,buy,6.8e-07,448.0,0.0003046399999999
VIB/BTC,1609076052069,2020-12-27T13:34:12.069Z,buy,6.8e-07,3370.0,0.0022916
VIB/BTC,1609076310663,2020-12-27T13:38:30.663Z,buy,6.8e-07,43581.0,0.0296350799999999
VIB/BTC,1609076402787,2020-12-27T13:40:02.787Z,buy,6.8e-07,225522.0,0.1533549599999999
VIB/BTC,1609076415867,2020-12-27T13:40:15.867Z,buy,6.8e-07,117366.0,0.07980888
VIB/BTC,1609076430439,2020-12-27T13:40:30.439Z,sell,6.8e-07,4321.0,0.0029382799999999
VIB/BTC,1609076431661,2020-12-27T13:40:31.661Z,sell,6.8e-07,91.0,6.188e-05
VIB/BTC,1609076431661,2020-12-27T13:40:31.661Z,sell,6.7e-07,496.0,0.00033232
VIB/BTC,1609076441108,2020-12-27T13:40:41.108Z,buy,6.8e-07,215.0,0.0001461999999999
VIB/BTC,1609076544318,2020-12-27T13:42:24.318Z,sell,6.7e-07,8686.0,0.00581962
VIB/BTC,1609076544469,2020-12-27T13:42:24.469Z,sell,6.7e-07,8820.0,0.0059094
VIB/BTC,1609076544469,2020-12-27T13:42:24.469Z,sell,6.7e-07,8820.0,0.0059094
VIB/BTC,1609076729484,2020-12-27T13:45:29.484Z,buy,6.8e-07,17255.0,0.0117334
VIB/BTC,1609077092671,2020-12-27T13:51:32.671Z,sell,6.8e-07,8088.0,0.00549984
VIB/BTC,1609077092671,2020-12-27T13:51:32.671Z,sell,6.7e-07,6862.0,0.00459754
VIB/BTC,1609077360437,2020-12-27T13:56:00.437Z,buy,6.8e-07,1015.0,0.0006902
VIB/BTC,1609077527996,2020-12-27T13:58:47.996Z,buy,6.9e-07,220207.0,0.15194283
VIB/BTC,1609077527996,2020-12-27T13:58:47.996Z,buy,7e-07,139175.0,0.0974225
VIB/BTC,1609077527996,2020-12-27T13:58:47.996Z,buy,7.1e-07,31581.0,0.02242251
VIB/BTC,1609077528695,2020-12-27T13:58:48.695Z,buy,6.9e-07,1016.0,0.00070104
VIB/BTC,1609077528820,2020-12-27T13:58:48.820Z,buy,6.9e-07,7588.0,0.0052357199999999
VIB/BTC,1609077563565,2020-12-27T13:59:23.565Z,sell,6.9e-07,240.0,0.0001656
VIB/BTC,1609077762511,2020-12-27T14:02:42.511Z,sell,6.9e-07,3108.0,0.00214452
VIB/BTC,1609077765490,2020-12-27T14:02:45.490Z,sell,6.9e-07,500.0,0.000345
VIB/BTC,1609077849743,2020-12-27T14:04:09.743Z,sell,6.9e-07,148.0,0.0001021199999999
VIB/BTC,1609078192260,2020-12-27T14:09:52.260Z,sell,6.9e-07,199.0,0.00013731
VIB/BTC,1609078234719,2020-12-27T14:10:34.719Z,buy,7e-07,1487.0,0.0010409
VIB/BTC,1609078310868,2020-12-27T14:11:50.868Z,buy,7e-07,3414.0,0.0023898
VIB/BTC,1609078365837,2020-12-27T14:12:45.837Z,sell,6.9e-07,24876.0,0.01716444
VIB/BTC,1609078377528,2020-12-27T14:12:57.528Z,sell,6.9e-07,90001.0,0.0621006899999999
VIB/BTC,1609078537255,2020-12-27T14:15:37.255Z,sell,6.9e-07,42064.0,0.0290241599999999
VIB/BTC,1609078541169,2020-12-27T14:15:41.169Z,sell,6.8e-07,376.0,0.00025568
VIB/BTC,1609078592950,2020-12-27T14:16:32.950Z,sell,6.8e-07,974.0,0.00066232
VIB/BTC,1609078706137,2020-12-27T14:18:26.137Z,sell,6.8e-07,1486.0,0.00101048
VIB/BTC,1609078718319,2020-12-27T14:18:38.319Z,buy,6.9e-07,4501.0,0.00310569
VIB/BTC,1609078718497,2020-12-27T14:18:38.497Z,buy,6.9e-07,4501.0,0.00310569
VIB/BTC,1609078718649,2020-12-27T14:18:38.649Z,buy,6.9e-07,4501.0,0.00310569
VIB/BTC,1609078785125,2020-12-27T14:19:45.125Z,buy,6.9e-07,1994.0,0.00137586
VIB/BTC,1609078993104,2020-12-27T14:23:13.104Z,sell,6.8e-07,3410.0,0.0023187999999999
VIB/BTC,1609079015276,2020-12-27T14:23:35.276Z,buy,6.9e-07,4917.0,0.0033927299999999
VIB/BTC,1609079242597,2020-12-27T14:27:22.597Z,buy,6.9e-07,147.0,0.00010143
VIB/BTC,1609079243820,2020-12-27T14:27:23.820Z,buy,6.9e-07,636.0,0.0004388399999999
VIB/BTC,1609079302715,2020-12-27T14:28:22.715Z,buy,6.9e-07,1217.0,0.0008397299999999
VIB/BTC,1609079302748,2020-12-27T14:28:22.748Z,buy,6.9e-07,1217.0,0.0008397299999999
VIB/BTC,1609079302774,2020-12-27T14:28:22.774Z,buy,6.9e-07,680.0,0.0004691999999999
VIB/BTC,1609079502503,2020-12-27T14:31:42.503Z,sell,6.8e-07,861.0,0.00058548
VIB/BTC,1609079573530,2020-12-27T14:32:53.530Z,buy,6.9e-07,1219.0,0.00084111
VIB/BTC,1609079573530,2020-12-27T14:32:53.530Z,buy,6.9e-07,1219.0,0.00084111
VIB/BTC,1609080177545,2020-12-27T14:42:57.545Z,sell,6.8e-07,13177.0,0.0089603599999999
VIB/BTC,1609080340089,2020-12-27T14:45:40.089Z,buy,6.9e-07,1218.0,0.0008404199999999
VIB/BTC,1609080340146,2020-12-27T14:45:40.146Z,buy,6.9e-07,1217.0,0.0008397299999999
VIB/BTC,1609080340198,2020-12-27T14:45:40.198Z,buy,6.9e-07,1216.0,0.00083904
VIB/BTC,1609080340322,2020-12-27T14:45:40.322Z,buy,6.9e-07,1216.0,0.00083904
VIB/BTC,1609080340362,2020-12-27T14:45:40.362Z,buy,6.9e-07,1215.0,0.00083835
VIB/BTC,1609080340632,2020-12-27T14:45:40.632Z,buy,6.9e-07,1215.0,0.00083835
VIB/BTC,1609080340841,2020-12-27T14:45:40.841Z,buy,6.9e-07,19384.0,0.01337496
VIB/BTC,1609080455302,2020-12-27T14:47:35.302Z,buy,6.9e-07,1599.0,0.00110331
VIB/BTC,1609080455649,2020-12-27T14:47:35.649Z,buy,6.9e-07,7558.0,0.00521502
VIB/BTC,1609080476864,2020-12-27T14:47:56.864Z,buy,6.9e-07,1217.0,0.0008397299999999
VIB/BTC,1609080476907,2020-12-27T14:47:56.907Z,buy,6.9e-07,1217.0,0.0008397299999999
VIB/BTC,1609080476950,2020-12-27T14:47:56.950Z,buy,6.9e-07,1216.0,0.00083904
VIB/BTC,1609080477270,2020-12-27T14:47:57.270Z,buy,6.9e-07,1575.0,0.00108675
VIB/BTC,1609080482537,2020-12-27T14:48:02.537Z,buy,6.9e-07,399.0,0.0002753099999999
VIB/BTC,1609080482620,2020-12-27T14:48:02.620Z,buy,6.9e-07,400.0,0.000276
VIB/BTC,1609080483015,2020-12-27T14:48:03.015Z,buy,6.9e-07,1217.0,0.0008397299999999
VIB/BTC,1609080483361,2020-12-27T14:48:03.361Z,buy,6.9e-07,1216.0,0.00083904
VIB/BTC,1609080501811,2020-12-27T14:48:21.811Z,buy,6.9e-07,147.0,0.00010143
VIB/BTC,1609080884393,2020-12-27T14:54:44.393Z,buy,6.9e-07,1042.0,0.0007189799999999
VIB/BTC,1609080884543,2020-12-27T14:54:44.543Z,buy,6.9e-07,7908.0,0.0054565199999999
VIB/BTC,1609080936161,2020-12-27T14:55:36.161Z,sell,6.8e-07,5967.0,0.00405756
VIB/BTC,1609080936186,2020-12-27T14:55:36.186Z,sell,6.8e-07,35234.0,0.0239591199999999
VIB/BTC,1609080980305,2020-12-27T14:56:20.305Z,sell,6.8e-07,603.0,0.0004100399999999
VIB/BTC,1609081311389,2020-12-27T15:01:51.389Z,buy,6.9e-07,3393.0,0.00234117
VIB/BTC,1609081849194,2020-12-27T15:10:49.194Z,buy,6.9e-07,210.0,0.0001449
VIB/BTC,1609081995420,2020-12-27T15:13:15.420Z,buy,6.9e-07,16299.0,0.0112463099999999
VIB/BTC,1609082045619,2020-12-27T15:14:05.619Z,buy,6.9e-07,6649.0,0.0045878099999999
VIB/BTC,1609082064674,2020-12-27T15:14:24.674Z,sell,6.8e-07,420.0,0.0002856
VIB/BTC,1609082807234,2020-12-27T15:26:47.234Z,sell,6.8e-07,79920.0,0.0543455999999999
VIB/BTC,1609082971229,2020-12-27T15:29:31.229Z,buy,6.9e-07,3022.0,0.00208518
VIB/BTC,1609082984936,2020-12-27T15:29:44.936Z,buy,6.9e-07,184.0,0.00012696
VIB/BTC,1609082984936,2020-12-27T15:29:44.936Z,buy,6.9e-07,184.0,0.00012696
VIB/BTC,1609083315397,2020-12-27T15:35:15.397Z,buy,6.9e-07,3788.0,0.00261372
VIB/BTC,1609083563610,2020-12-27T15:39:23.610Z,sell,6.8e-07,23392.0,0.01590656
VIB/BTC,1609083572196,2020-12-27T15:39:32.196Z,sell,6.8e-07,7798.0,0.00530264
VIB/BTC,1609084585211,2020-12-27T15:56:25.211Z,sell,6.8e-07,4602.0,0.00312936
VIB/BTC,1609084984141,2020-12-27T16:03:04.141Z,buy,6.9e-07,27350.0,0.0188715
VIB/BTC,1609085015462,2020-12-27T16:03:35.462Z,sell,6.8e-07,420000.0,0.2855999999999999
VIB/BTC,1609085015905,2020-12-27T16:03:35.905Z,buy,6.9e-07,1219.0,0.00084111
VIB/BTC,1609085162065,2020-12-27T16:06:02.065Z,sell,6.8e-07,101082.0,0.0687357599999999
VIB/BTC,1609085208089,2020-12-27T16:06:48.089Z,sell,6.8e-07,50541.0,0.0343678799999999
VIB/BTC,1609085219574,2020-12-27T16:06:59.574Z,buy,6.9e-07,1870.0,0.0012902999999999
VIB/BTC,1609085220674,2020-12-27T16:07:00.674Z,sell,6.8e-07,50541.0,0.0343678799999999
VIB/BTC,1609085287006,2020-12-27T16:08:07.006Z,buy,6.9e-07,2630.0,0.0018146999999999
VIB/BTC,1609085365712,2020-12-27T16:09:25.712Z,sell,6.8e-07,4291.0,0.00291788
VIB/BTC,1609085406084,2020-12-27T16:10:06.084Z,sell,6.8e-07,4324.0,0.0029403199999999
VIB/BTC,1609085425139,2020-12-27T16:10:25.139Z,sell,6.8e-07,141446.0,0.09618328
VIB/BTC,1609085469734,2020-12-27T16:11:09.734Z,sell,6.8e-07,106085.0,0.0721377999999999
VIB/BTC,1609085473648,2020-12-27T16:11:13.648Z,sell,6.8e-07,4291.0,0.00291788
VIB/BTC,1609085526600,2020-12-27T16:12:06.600Z,buy,6.9e-07,602.0,0.0004153799999999
VIB/BTC,1609085572610,2020-12-27T16:12:52.610Z,sell,6.8e-07,18000.0,0.01224
VIB/BTC,1609085648845,2020-12-27T16:14:08.845Z,sell,6.8e-07,4972.0,0.0033809599999999
VIB/BTC,1609085766017,2020-12-27T16:16:06.017Z,buy,6.9e-07,380.0,0.0002622
VIB/BTC,1609085918966,2020-12-27T16:18:38.966Z,sell,6.8e-07,15000.0,0.0101999999999999
VIB/BTC,1609086010951,2020-12-27T16:20:10.951Z,sell,6.8e-07,210000.0,0.1427999999999999
VIB/BTC,1609086025630,2020-12-27T16:20:25.630Z,sell,6.8e-07,14672.0,0.00997696
VIB/BTC,1609086068418,2020-12-27T16:21:08.418Z,sell,6.8e-07,75256.0,0.05117408
VIB/BTC,1609086068418,2020-12-27T16:21:08.418Z,sell,6.8e-07,75256.0,0.05117408
VIB/BTC,1609086988292,2020-12-27T16:36:28.292Z,buy,6.9e-07,1000.0,0.00069
VIB/BTC,1609087015325,2020-12-27T16:36:55.325Z,sell,6.8e-07,79900.0,0.054332
VIB/BTC,1609087092669,2020-12-27T16:38:12.669Z,sell,6.8e-07,2127.0,0.0014463599999999
VIB/BTC,1609087250349,2020-12-27T16:40:50.349Z,buy,6.9e-07,214.0,0.0001476599999999
VIB/BTC,1609087942858,2020-12-27T16:52:22.858Z,sell,6.8e-07,790.0,0.0005371999999999
VIB/BTC,1609088100049,2020-12-27T16:55:00.049Z,buy,6.9e-07,6000.0,0.00414
VIB/BTC,1609088975231,2020-12-27T17:09:35.231Z,sell,6.8e-07,183.0,0.00012444
VIB/BTC,1609089073550,2020-12-27T17:11:13.550Z,sell,6.8e-07,1641.0,0.0011158799999999
VIB/BTC,1609089074333,2020-12-27T17:11:14.333Z,sell,6.8e-07,1641.0,0.0011158799999999
VIB/BTC,1609089083602,2020-12-27T17:11:23.602Z,sell,6.8e-07,25288.0,0.0171958399999999
VIB/BTC,1609089229928,2020-12-27T17:13:49.928Z,sell,6.8e-07,3103.0,0.0021100399999999
VIB/BTC,1609089558934,2020-12-27T17:19:18.934Z,sell,6.8e-07,38244.0,0.02600592
VIB/BTC,1609089663923,2020-12-27T17:21:03.923Z,buy,6.9e-07,90010.0,0.0621069
VIB/BTC,1609089663923,2020-12-27T17:21:03.923Z,buy,6.9e-07,90010.0,0.0621069
VIB/BTC,1609089966182,2020-12-27T17:26:06.182Z,buy,6.9e-07,5345.0,0.0036880499999999
VIB/BTC,1609090689869,2020-12-27T17:38:09.869Z,buy,6.9e-07,235934.0,0.16279446
VIB/BTC,1609091113203,2020-12-27T17:45:13.203Z,sell,6.8e-07,10000.0,0.0068
VIB/BTC,1609091222946,2020-12-27T17:47:02.946Z,sell,6.8e-07,6801.0,0.00462468
VIB/BTC,1609091301831,2020-12-27T17:48:21.831Z,sell,6.8e-07,38410.0,0.0261187999999999
VIB/BTC,1609091383008,2020-12-27T17:49:43.008Z,buy,6.8e-07,967.0,0.00065756
VIB/BTC,1609091425730,2020-12-27T17:50:25.730Z,sell,6.8e-07,833.0,0.00056644
VIB/BTC,1609091425730,2020-12-27T17:50:25.730Z,sell,6.7e-07,44167.0,0.02959189
VIB/BTC,1609091425730,2020-12-27T17:50:25.730Z,sell,6.7e-07,601.0,0.00040267
VIB/BTC,1609091508965,2020-12-27T17:51:48.965Z,buy,6.8e-07,162.0,0.0001101599999999
VIB/BTC,1609091693528,2020-12-27T17:54:53.528Z,buy,6.8e-07,7134.0,0.0048511199999999
VIB/BTC,1609091693703,2020-12-27T17:54:53.703Z,buy,6.8e-07,2608.0,0.0017734399999999
VIB/BTC,1609091694778,2020-12-27T17:54:54.778Z,buy,6.8e-07,20384.0,0.01386112
VIB/BTC,1609091694843,2020-12-27T17:54:54.843Z,buy,6.8e-07,1039.0,0.00070652
VIB/BTC,1609091694928,2020-12-27T17:54:54.928Z,buy,6.8e-07,365.0,0.0002481999999999
VIB/BTC,1609091695818,2020-12-27T17:54:55.818Z,buy,6.8e-07,1595.0,0.0010846
VIB/BTC,1609091695902,2020-12-27T17:54:55.902Z,buy,6.8e-07,17970.0,0.0122195999999999
VIB/BTC,1609091695902,2020-12-27T17:54:55.902Z,buy,6.9e-07,18261.0,0.01260009
VIB/BTC,1609091695902,2020-12-27T17:54:55.902Z,buy,6.9e-07,1389.0,0.0009584099999999
VIB/BTC,1609091695943,2020-12-27T17:54:55.943Z,buy,6.9e-07,232106.0,0.16015314
VIB/BTC,1609091696052,2020-12-27T17:54:56.052Z,sell,6.9e-07,408.0,0.00028152
VIB/BTC,1609091696052,2020-12-27T17:54:56.052Z,sell,6.9e-07,408.0,0.00028152
VIB/BTC,1609091696085,2020-12-27T17:54:56.085Z,sell,6.9e-07,1895.0,0.00130755
VIB/BTC,1609091696085,2020-12-27T17:54:56.085Z,sell,6.9e-07,408.0,0.00028152
VIB/BTC,1609091696094,2020-12-27T17:54:56.094Z,sell,6.9e-07,408.0,0.00028152
VIB/BTC,1609091696097,2020-12-27T17:54:56.097Z,sell,6.9e-07,408.0,0.00028152
VIB/BTC,1609091696128,2020-12-27T17:54:56.128Z,sell,6.9e-07,408.0,0.00028152
VIB/BTC,1609091696134,2020-12-27T17:54:56.134Z,sell,6.9e-07,408.0,0.00028152
VIB/BTC,1609091696143,2020-12-27T17:54:56.143Z,sell,6.9e-07,408.0,0.00028152
VIB/BTC,1609091696153,2020-12-27T17:54:56.153Z,sell,6.9e-07,4141.0,0.0028572899999999
VIB/BTC,1609091696171,2020-12-27T17:54:56.171Z,sell,6.9e-07,408.0,0.00028152
VIB/BTC,1609091696180,2020-12-27T17:54:56.180Z,sell,6.9e-07,408.0,0.00028152
VIB/BTC,1609091696190,2020-12-27T17:54:56.190Z,sell,6.9e-07,408.0,0.00028152
VIB/BTC,1609091696201,2020-12-27T17:54:56.201Z,sell,6.9e-07,408.0,0.00028152
VIB/BTC,1609091696233,2020-12-27T17:54:56.233Z,sell,6.9e-07,275.0,0.0001897499999999
VIB/BTC,1609091696294,2020-12-27T17:54:56.294Z,sell,6.9e-07,2874.0,0.00198306
VIB/BTC,1609091829160,2020-12-27T17:57:09.160Z,buy,7e-07,3483.0,0.0024381
VIB/BTC,1609091847477,2020-12-27T17:57:27.477Z,buy,7e-07,3318.0,0.0023225999999999
VIB/BTC,1609091854039,2020-12-27T17:57:34.039Z,buy,7e-07,404.0,0.0002828
VIB/BTC,1609091860458,2020-12-27T17:57:40.458Z,buy,7e-07,16040.0,0.011228
VIB/BTC,1609091865068,2020-12-27T17:57:45.068Z,buy,7e-07,589.0,0.0004123
VIB/BTC,1609091926353,2020-12-27T17:58:46.353Z,buy,7e-07,145.0,0.0001015
VIB/BTC,1609091927379,2020-12-27T17:58:47.379Z,buy,7e-07,1726.0,0.0012082
VIB/BTC,1609091981130,2020-12-27T17:59:41.130Z,buy,7e-07,11658.0,0.0081606
VIB/BTC,1609092052137,2020-12-27T18:00:52.137Z,buy,7e-07,23333.0,0.0163331
VIB/BTC,1609092052709,2020-12-27T18:00:52.709Z,buy,7e-07,466.0,0.0003261999999999
VIB/BTC,1609092067942,2020-12-27T18:01:07.942Z,sell,7e-07,145.0,0.0001015
VIB/BTC,1609092169180,2020-12-27T18:02:49.180Z,sell,7e-07,611.0,0.0004277
VIB/BTC,1609092224851,2020-12-27T18:03:44.851Z,buy,7.1e-07,7260.0,0.0051546
VIB/BTC,1609092443364,2020-12-27T18:07:23.364Z,sell,7e-07,147.0,0.0001029
VIB/BTC,1609092847451,2020-12-27T18:14:07.451Z,buy,7.1e-07,176.0,0.00012496
VIB/BTC,1609092978548,2020-12-27T18:16:18.548Z,sell,7e-07,206.0,0.0001441999999999
